open_time,open,high,low,close,volume,close_time,quote_volume,trades,taker_buy_volume,taker_buy_quote_volume
1741082400000,101.78,102.71,100.72,102.48,273282.495,1741085999999,27849734.56546,67014,137665.776,14024418.62272
1741086000000,102.48,103.94,102.33,102.68,215556.726,1741089599999,22205352.24398,62275,101785.553,10482626.63498
1741089600000,102.68,103.08,101.36,102.21,190095.969,1741093199999,19424281.87886,54050,95686.202,9778295.34452
1741093200000,102.20,102.20,98.83,100.41,521790.915,1741096799999,52265975.81547,108592,252417.209,25295027.48022
1741096800000,100.41,106.21,99.90,101.36,833708.342,1741100399999,85829677.53669,193980,385989.854,39767351.74898
1741100400000,101.36,101.86,98.79,99.97,640791.778,1741103999999,64250554.67019,159580,319960.090,32092500.94057
1741104000000,99.97,100.40,93.83,99.00,1024012.927,1741107599999,99618817.37533,197638,498442.204,48488676.81333
1741107600000,99.00,102.94,98.82,101.73,539948.770,1741111199999,54676533.73536,113077,265873.403,26937605.72156
1741111200000,101.74,104.35,101.17,103.84,286462.995,1741114799999,29397986.14092,71494,155886.852,16008655.79370
1741114800000,103.84,104.78,103.19,103.72,330773.442,1741118399999,34402773.47025,73654,156270.580,16262187.43506
1741118400000,103.72,104.08,101.19,101.45,274648.124,1741121999999,28230333.50746,60421,109381.410,11254584.15870
1741122000000,101.45,104.68,101.01,102.51,285841.673,1741125599999,29384134.73624,67236,146408.617,15051434.17162
1741125600000,102.51,103.70,102.31,102.55,115743.171,1741129199999,11921039.72913,33252,52058.254,5362485.52212
1741129200000,102.56,103.79,101.84,103.57,150427.249,1741132799999,15473256.28696,38700,70886.622,7294524.23627
1741132800000,103.57,104.00,101.76,102.30,152639.495,1741136399999,15687968.47924,47856,68166.386,7005345.35949
1741136400000,102.29,104.28,101.61,104.27,153665.688,1741139999999,15861170.95371,44971,84029.791,8673081.33571
1741140000000,104.27,105.44,103.35,104.51,233226.415,1741143599999,24329571.01353,60459,121880.942,12723401.84127
1741143600000,104.50,104.72,102.02,102.10,174496.177,1741147199999,18068648.34455,45834,71945.736,7456779.13570
1741147200000,102.11,103.47,102.07,103.11,103493.722,1741150799999,10637145.76500,32726,55136.599,5666496.34134
1741150800000,103.11,103.48,102.46,102.79,83097.541,1741154399999,8552356.11101,22787,38835.966,3997275.76960
1741154400000,102.79,103.15,101.94,102.63,106034.641,1741157999999,10866795.71049,27979,58426.681,5990245.91352
1741158000000,102.63,103.11,101.90,102.39,125623.622,1741161599999,12862333.29872,32252,60029.181,6148113.53219
1741161600000,102.39,104.16,102.13,104.02,168734.904,1741165199999,17427572.93817,41569,88166.106,9105195.41005
1741165200000,104.02,105.89,103.83,104.56,320310.866,1741168799999,33619759.26445,65432,145960.281,15322762.88806
1741168800000,104.57,106.82,104.15,105.57,314251.548,1741172399999,33195356.10705,65855,161762.186,17083086.66718
1741172400000,105.58,105.62,103.33,103.80,225415.346,1741175999999,23563952.33734,51656,108866.946,11390214.67510
1741176000000,103.81,104.80,103.36,103.89,173867.965,1741179599999,18094121.07723,47661,91368.289,9513412.56851
1741179600000,103.89,104.13,102.01,102.60,276537.801,1741183199999,28497558.83358,60573,116846.166,12043569.29291
1741183200000,102.61,103.03,101.28,101.61,329077.222,1741186799999,33616041.68552,71532,166672.975,17037911.92588
1741186800000,101.61,103.12,100.55,101.90,340644.959,1741190399999,34614845.25729,77618,168885.370,17169740.60818
1741190400000,101.90,102.84,101.34,102.35,224645.772,1741193999999,22929247.75285,59470,109971.574,11229450.72713
1741194000000,102.34,104.37,102.18,103.48,216357.055,1741197599999,22322546.73933,56959,112879.903,11644453.94279
1741197600000,103.47,103.98,102.88,103.77,99949.909,1741201199999,10325539.90663,35687,46859.941,4841648.27292
1741201200000,103.77,104.63,103.40,103.93,94661.226,1741204799999,9845320.85312,34235,41251.532,4290964.41662
1741204800000,103.94,105.09,103.73,104.76,110837.510,1741208399999,11574751.65387,33128,52999.023,5535567.43328
1741208400000,104.75,105.26,104.13,104.98,104737.171,1741211999999,10968373.78770,30147,48827.542,5114808.60949
1741212000000,104.97,105.15,104.43,104.89,52620.314,1741215599999,5512190.58782,18640,24782.635,2596494.91466
1741215600000,104.89,105.14,104.46,104.66,81785.281,1741219199999,8572653.46741,28314,38000.161,3983676.16727
1741219200000,104.67,104.87,103.53,103.78,129667.705,1741222799999,13494995.70629,38701,54477.519,5667687.83874
1741222800000,103.77,106.21,103.66,105.30,176262.478,1741226399999,18525392.73614,53627,89129.373,9365787.41661
1741226400000,105.29,106.90,105.00,106.89,178356.648,1741229999999,18892476.84833,49058,95168.718,10081840.06250
1741230000000,106.89,107.50,106.55,107.27,161470.147,1741233599999,17282177.48047,44101,83245.118,8912153.83587
1741233600000,107.27,109.90,106.85,109.53,348029.931,1741237199999,37805412.10178,79337,174950.223,18994458.60364
1741237200000,109.52,112.93,109.16,110.18,522986.608,1741240799999,58208085.36759,111987,248486.891,27654167.34173
1741240800000,110.17,110.42,108.42,108.50,284459.374,1741244399999,31125155.21796,63876,121297.663,13279737.78402
1741244400000,108.50,108.87,107.11,108.06,313830.554,1741247999999,33930151.05444,65579,160466.728,17354545.24449
1741248000000,108.06,109.64,107.72,109.23,215060.846,1741251599999,23392298.64791,49753,107428.006,11691662.88838
1741251600000,109.23,109.26,107.08,107.59,259340.617,1741255199999,28030585.16940,54520,117695.269,12715594.60729
1741255200000,107.60,108.73,107.24,108.17,175590.780,1741258799999,18978819.78818,44128,98329.099,10630175.77632
1741258800000,108.16,108.35,107.00,107.17,170375.242,1741262399999,18309989.82483,37561,66148.242,7112101.83440
1741262400000,107.16,107.37,105.30,105.68,277299.900,1741265999999,29458695.95582,60394,120763.949,12832884.74171
1741266000000,105.69,106.33,105.10,105.55,201640.429,1741269599999,21333959.95142,49407,101940.377,10788012.44207
1741269600000,105.55,106.13,103.97,105.27,302994.946,1741273199999,31807360.22754,69216,147311.779,15474876.51817
1741273200000,105.27,106.92,104.84,105.38,312273.360,1741276799999,33081492.48259,71972,162366.337,17206056.26494
1741276800000,105.38,105.68,103.33,103.49,246947.244,1741280399999,25813431.70226,60692,113867.966,11913605.64940
1741280400000,103.48,103.57,102.03,102.53,271443.074,1741283999999,27877554.70048,63128,123493.122,12687049.34877
1741284000000,102.52,103.05,102.02,102.72,112273.440,1741287599999,11514057.70900,35898,61201.131,6277211.46652
1741287600000,102.71,103.96,102.42,103.15,136872.613,1741291199999,14136888.19303,43597,72813.368,7523177.15712
1741291200000,103.15,103.65,102.45,102.82,118113.810,1741294799999,12177320.10307,33021,55074.180,5680153.75639
1741294800000,102.82,103.69,102.61,103.66,99673.708,1741298399999,10282085.71098,27275,47484.962,4899106.56386
1741298400000,103.63,104.54,103.27,103.45,151897.166,1741301999999,15789853.60009,38353,76701.392,7973666.41685
1741302000000,103.45,103.93,102.94,103.33,110074.729,1741305599999,11387103.67198,27678,55136.155,5705156.18495
1741305600000,103.33,104.49,97.20,98.01,1014919.956,1741309199999,101733688.15794,196418,437069.579,43853388.83632
1741309200000,98.02,102.38,97.57,101.22,440613.272,1741312799999,44170899.48320,104488,233452.106,23396985.03817
1741312800000,101.20,101.55,100.46,100.67,170644.278,1741316399999,17231938.77992,44825,84388.353,8527394.50854
1741316400000,100.67,101.47,100.59,100.74,95748.447,1741319999999,9672450.62038,30178,45614.915,4607875.10559
1741320000000,100.74,101.42,100.51,100.77,85238.879,1741323599999,8603291.43239,28618,46397.500,4682955.05036
1741323600000,100.76,102.11,100.62,101.62,113691.213,1741327199999,11547875.79293,35525,60404.510,6136561.03846
1741327200000,101.62,102.55,101.04,102.34,112483.316,1741330799999,11448937.79386,29369,53441.893,5442374.38838
1741330800000,102.33,102.85,101.91,102.65,122677.475,1741334399999,12561607.55194,31136,61300.320,6278865.79223
1741334400000,102.65,102.94,101.84,102.65,147009.580,1741337999999,15050797.01136,38454,78952.505,8086635.25628
1741338000000,102.65,104.37,102.58,103.49,209504.796,1741341599999,21697575.18490,51341,108563.848,11240559.98153
1741341600000,103.50,104.66,103.40,104.47,97217.837,1741345199999,10115999.98557,29648,50762.730,5283779.92778
1741345200000,104.46,105.29,103.95,105.27,195337.821,1741348799999,20441261.55549,39200,81450.100,8526908.92189
1741348800000,105.27,105.46,103.58,104.27,235883.510,1741352399999,24639477.42991,51651,96356.731,10070940.52742
1741352400000,104.26,105.86,103.77,104.00,261313.511,1741355999999,27391125.89693,66640,128183.154,13444412.36916
1741356000000,104.01,105.85,103.55,104.71,234183.485,1741359599999,24509635.18330,66743,114477.803,11978399.10084
1741359600000,104.70,105.34,103.33,104.15,228201.209,1741363199999,23822473.95763,67645,109845.857,11471407.74577
1741363200000,104.15,104.38,102.11,102.89,257937.233,1741366799999,26596064.79923,79196,122067.459,12584881.13626
1741366800000,102.89,104.99,102.41,104.00,165132.141,1741370399999,17098840.98610,57167,85793.245,8884107.20272
1741370400000,104.01,105.65,103.76,105.26,168052.720,1741373999999,17622519.50055,51468,87547.658,9182327.56588
1741374000000,105.26,105.66,104.22,105.01,130832.582,1741377599999,13736859.21713,39648,57846.576,6076361.29215
1741377600000,105.01,106.58,104.33,105.61,203272.072,1741381199999,21433128.58272,60782,105000.660,11073146.03838
1741381200000,105.60,105.74,103.09,103.96,318216.188,1741384799999,33118242.06098,76746,148625.890,15470881.80946
1741384800000,103.95,104.58,102.64,104.02,125596.545,1741388399999,13021556.63208,35291,54276.485,5629138.78877
1741388400000,104.01,104.02,102.34,103.63,116347.981,1741391999999,11990950.52722,39737,58245.208,6001904.74298
1741392000000,103.63,105.99,103.29,105.70,157544.609,1741395599999,16468532.28125,46374,80151.669,8383154.82077
1741395600000,105.70,106.01,102.95,104.52,238218.411,1741399199999,24883129.38781,57482,114314.936,11944932.89361
1741399200000,104.52,105.21,104.14,105.01,107474.199,1741402799999,11264657.05891,32155,50547.068,5299095.53422
1741402800000,105.01,106.33,104.02,106.11,154427.454,1741406399999,16263769.61136,36991,83182.929,8763503.84712
1741406400000,106.10,108.11,105.64,107.94,226676.884,1741409999999,24266082.08540,50948,119650.600,12814547.05372
1741410000000,107.95,108.62,105.92,106.76,228881.414,1741413599999,24492768.65690,47927,106396.111,11391380.63631
1741413600000,106.76,106.87,104.72,105.23,183726.030,1741417199999,19416353.06413,38521,87610.931,9261040.69956
1741417200000,105.23,106.10,104.84,105.31,144808.935,1741420799999,15284019.06812,31532,70429.577,7436727.53969
1741420800000,105.31,105.69,104.58,104.63,130216.842,1741424399999,13693648.46817,29145,61777.551,6497822.07532
1741424400000,104.64,105.40,103.83,104.01,151442.677,1741427999999,15841049.00303,36078,70921.229,7420172.10365
1741428000000,104.01,105.06,104.00,104.93,100925.266,1741431599999,10540937.23360,24562,57142.600,5967479.87023
1741431600000,104.93,104.99,103.59,104.32,141899.758,1741435199999,14789613.77133,35549,62961.177,6563295.67211
1741435200000,104.33,105.58,103.97,105.21,140896.603,1741438799999,14795959.09554,36021,63992.973,6719820.08010
1741438800000,105.22,105.53,103.82,103.91,181217.232,1741442399999,18983715.60588,35603,85855.005,9001482.71568
1741442400000,103.90,104.62,103.69,104.14,102191.544,1741445999999,10635992.28992,26739,54935.124,5718413.20975
1741446000000,104.13,104.35,103.36,103.86,87795.903,1741449599999,9124325.01519,26318,40451.426,4206049.42792
1741449600000,103.86,104.11,102.75,103.65,132310.521,1741453199999,13664136.73598,35219,61595.875,6362188.25871
1741453200000,103.65,104.17,102.88,103.74,86270.755,1741456799999,8931081.12142,27380,41422.710,4289130.36939
1741456800000,103.73,104.19,103.57,103.94,49896.063,1741460399999,5183543.16484,17027,25160.986,2613927.59118
1741460400000,103.95,104.83,103.51,104.30,87924.289,1741463999999,9177830.97412,26141,47415.537,4950928.02662
1741464000000,104.29,104.30,103.71,103.98,51444.833,1741467599999,5350527.44980,16937,26957.397,2803883.58918
1741467600000,103.97,104.35,103.53,103.54,46003.339,1741471199999,4785148.65549,17496,21164.077,2201930.05648
1741471200000,103.53,103.74,102.76,102.96,64012.797,1741474799999,6602801.47910,21306,31412.168,3240208.51930
1741474800000,102.96,103.12,101.74,102.32,138655.484,1741478399999,14186963.62620,33888,55246.194,5653951.14197
1741478400000,102.31,102.72,101.55,102.39,88773.612,1741481999999,9078227.73187,28877,45190.095,4623687.18485
1741482000000,102.39,102.45,101.45,101.50,103752.784,1741485599999,10569153.91752,24319,44373.762,4520092.86482
1741485600000,101.49,101.70,101.03,101.06,104122.407,1741489199999,10550429.82670,25584,53478.956,5421198.15494
1741489200000,101.06,101.59,100.76,101.34,75314.762,1741492799999,7619427.30324,22200,33627.646,3403588.46043
1741492800000,101.34,101.44,101.11,101.18,44820.544,1741496399999,4539291.78673,15787,21618.889,2189570.70460
1741496400000,101.18,101.47,100.55,100.71,88052.187,1741499999999,8891972.40157,21945,39294.310,3969192.37418
1741500000000,100.71,100.72,99.82,100.26,149491.027,1741503599999,14981508.61967,29970,75971.431,7614865.68578
1741503600000,100.26,101.48,100.09,101.33,132830.107,1741507199999,13400563.94495,30971,68620.455,6922047.08375
1741507200000,101.32,101.63,100.18,100.27,90458.819,1741510799999,9128373.11257,24277,36887.665,3723856.93288
1741510800000,100.26,101.25,100.15,100.39,135909.706,1741514399999,13678550.80162,26438,70927.302,7138827.75963
1741514400000,100.39,100.92,98.41,98.57,299083.543,1741517999999,29769069.19208,53566,111407.394,11099999.77130
1741518000000,98.57,99.74,98.51,99.55,131087.225,1741521599999,12993412.11252,33004,73648.085,7301444.43371
1741521600000,99.54,99.59,98.00,98.56,171388.113,1741525199999,16908931.20553,40115,79282.807,7821828.94356
1741525200000,98.56,99.44,97.43,97.54,245860.906,1741528799999,24206367.40633,43687,124961.881,12311330.02144
1741528800000,97.54,99.50,97.42,99.42,339887.512,1741532399999,33456525.85895,56412,170167.003,16763685.88532
1741532400000,99.42,100.52,99.35,99.85,282270.925,1741535999999,28214613.73908,63900,132543.625,13249030.75961
1741536000000,99.84,100.91,96.45,96.61,506722.464,1741539599999,49937621.13033,92756,209973.629,20705212.79988
1741539600000,96.61,97.53,95.46,95.93,315470.690,1741543199999,30446224.21027,70752,139940.944,13513629.41470
1741543200000,95.93,96.92,95.15,95.73,345441.160,1741546799999,33073092.58888,74263,163272.955,15633192.14542
1741546800000,95.71,97.30,95.55,97.23,147997.179,1741550399999,14262936.57945,43797,71477.967,6890291.03230
1741550400000,97.23,97.87,96.47,96.67,132735.926,1741553999999,12886408.42261,38681,67616.409,6565173.82116
1741554000000,96.67,96.94,95.15,95.46,113248.618,1741557599999,10850600.27515,31383,48848.030,4682988.17247
1741557600000,95.46,95.58,94.00,94.13,198470.123,1741561199999,18803462.43290,40908,76604.570,7258987.91871
1741561200000,94.13,95.48,93.55,94.57,179893.555,1741564799999,16996504.45525,45857,87937.850,8312305.25309
1741564800000,94.57,96.12,92.89,95.28,252522.769,1741568399999,23865933.63006,66503,124408.503,11765417.94138
1741568400000,95.28,96.40,94.62,94.72,163599.585,1741571999999,15605370.62544,41899,84487.560,8059903.89583
1741572000000,94.72,96.24,94.49,94.97,150569.899,1741575599999,14357837.99130,39004,76176.590,7265103.64201
1741575600000,94.98,96.07,93.95,95.47,147839.545,1741579199999,14038095.63677,33933,79195.780,7528730.55604
1741579200000,95.47,96.90,95.38,96.55,131023.218,1741582799999,12612088.30277,35115,65183.040,6275594.33697
1741582800000,96.56,97.55,96.31,96.52,169725.702,1741586399999,16435063.49412,30048,83603.376,8096579.14446
1741586400000,96.52,96.69,95.89,96.28,121323.969,1741589999999,11674591.36227,24752,58746.964,5652995.87261
1741590000000,96.27,96.96,95.78,96.27,99497.149,1741593599999,9579072.69675,24206,51143.300,4926466.00742
1741593600000,96.27,96.40,94.42,94.68,172241.309,1741597199999,16390890.73934,38687,78951.043,7513980.64945
1741597200000,94.67,99.05,94.65,96.53,494212.617,1741600799999,48083668.12885,100887,250175.591,24333572.03916
1741600800000,96.53,97.07,95.54,97.05,148162.873,1741604399999,14268559.76763,38913,76565.943,7376584.24487
1741604400000,97.05,98.39,96.40,98.05,155672.531,1741607999999,15151349.06028,39715,76540.339,7447454.89295
1741608000000,98.06,98.63,97.04,97.77,149215.540,1741611599999,14584446.34182,39920,70789.899,6919553.72218
1741611600000,97.77,97.94,95.30,95.48,226540.709,1741615199999,21860705.89415,53653,118680.422,11453023.84174
1741615200000,95.47,95.47,91.17,92.03,618183.371,1741618799999,57442704.95825,120679,286326.053,26604513.23796
1741618800000,92.03,94.00,91.46,92.85,252546.651,1741622399999,23459697.54314,62510,123238.824,11445691.32367
1741622400000,92.84,93.07,90.63,91.02,281033.123,1741625999999,25739872.06612,63532,142130.315,13017968.30291
1741626000000,91.02,91.27,88.15,88.49,606201.381,1741629599999,54155722.43677,114134,279867.002,25007714.53189
1741629600000,88.49,90.04,86.27,86.45,372072.808,1741633199999,32847204.40079,78844,150109.263,13268533.16691
1741633200000,86.46,89.67,86.23,89.23,396610.275,1741636799999,35004494.29867,90074,201613.993,17793711.99724
1741636800000,89.22,89.43,87.37,87.96,186956.515,1741640399999,16523613.93187,45664,90089.869,7962772.83177
1741640400000,87.95,89.27,87.26,88.42,131570.364,1741643999999,11599040.91810,34227,69638.099,6141333.28941
1741644000000,88.41,88.86,87.08,87.60,119811.383,1741647599999,10515135.32742,33342,55403.232,4862074.29757
1741647600000,87.60,88.65,86.92,87.44,158791.019,1741651199999,13941874.68806,41819,74756.983,6563741.53777
1741651200000,87.44,88.47,83.21,85.15,623259.391,1741654799999,53159913.23808,133497,287323.933,24502571.17450
1741654800000,85.14,87.32,83.37,87.30,433171.847,1741658399999,36813780.72107,103237,207019.873,17582770.77047
1741658400000,87.29,88.48,86.97,88.00,249145.596,1741661999999,21863261.55435,56741,113243.638,9943565.25245
1741662000000,88.01,88.93,87.24,87.26,123653.851,1741665599999,10889534.44748,35535,54295.632,4781444.06811
1741665600000,87.25,88.40,86.97,87.63,136863.901,1741669199999,11992280.58404,36762,71451.283,6260974.87770
1741669200000,87.64,89.44,87.53,88.52,140941.084,1741672799999,12491548.57311,37703,71577.758,6343590.55836
1741672800000,88.53,89.25,87.55,87.63,136308.610,1741676399999,12054936.86051,35294,58344.797,5161180.26789
1741676400000,87.64,88.75,87.50,87.99,131170.046,1741679999999,11543621.65200,31441,69785.652,6141479.29540
1741680000000,87.99,89.31,87.69,88.59,172171.038,1741683599999,15253488.62969,40281,87424.145,7744234.04951
1741683600000,88.58,89.76,88.55,88.75,190324.142,1741687199999,16967838.91558,37137,89608.565,7987413.25332
1741687200000,88.76,89.37,88.55,89.10,89216.515,1741690799999,7938612.60457,24716,41671.947,3708476.17436
1741690800000,89.10,89.58,88.24,88.97,121268.056,1741694399999,10778838.12872,30687,58835.692,5230665.04153
1741694400000,88.97,89.05,87.52,87.56,164791.788,1741697999999,14544929.14256,34860,71109.616,6280056.77532
1741698000000,87.55,89.71,86.52,88.39,451245.602,1741701599999,39788936.92232,90576,234467.876,20683190.65965
1741701600000,88.39,89.03,86.03,87.04,465072.962,1741705199999,40683056.20608,95266,234085.077,20475901.93999
1741705200000,87.05,90.25,86.89,89.91,344364.854,1741708799999,30555299.75062,71924,171025.819,15179188.46872
1741708800000,89.91,93.00,89.63,91.09,507197.547,1741712399999,46462325.60742,98424,231245.752,21187941.84147
1741712400000,91.09,91.37,89.58,90.49,216275.143,1741715999999,19582333.56318,45760,97588.716,8835931.39247
1741716000000,90.48,93.21,90.45,92.58,378694.274,1741719599999,34894641.60282,72244,187266.426,17256164.93196
1741719600000,92.59,93.04,91.41,91.75,277365.351,1741723199999,25565498.70382,45988,137669.807,12693405.84365
1741723200000,91.74,92.01,91.35,91.39,87128.606,1741726799999,7986972.11761,23998,42694.605,3914973.65550
1741726800000,91.39,92.31,91.36,91.63,70254.963,1741730399999,6455916.00346,20391,33158.180,3047593.91141
1741730400000,91.62,91.97,91.33,91.52,57248.786,1741733999999,5245563.70242,20097,26860.566,2461195.82788
1741734000000,91.52,91.58,90.16,90.41,90281.329,1741737599999,8185753.15746,28027,35694.894,3235536.21960
1741737600000,90.41,91.08,90.13,90.51,82018.530,1741741199999,7426222.64826,27265,44376.425,4018523.01850
1741741200000,90.51,91.92,90.44,91.06,132016.420,1741744799999,12033290.40132,31831,72851.476,6643308.33320
1741744800000,91.07,91.21,88.77,89.11,227521.189,1741748399999,20426045.92215,45418,90413.636,8118886.34172
1741748400000,89.11,89.46,88.49,88.62,161204.343,1741751999999,14346061.96145,32226,88717.886,7898032.30013
1741752000000,88.62,88.90,88.02,88.56,137326.985,1741755599999,12138439.32594,30769,70179.303,6204466.20400
1741755600000,88.56,89.82,88.49,89.65,136780.412,1741759199999,12180466.17572,29835,72056.881,6418996.30399
1741759200000,89.65,89.79,88.56,89.09,129246.045,1741762799999,11526392.27994,24842,61805.161,5512748.50080
1741762800000,89.09,90.18,88.96,89.94,126830.348,1741766399999,11348371.01653,29777,64683.307,5789314.01073
1741766400000,89.93,90.66,89.25,90.34,153323.573,1741769999999,13793437.72111,38226,72492.776,6522882.96171
1741770000000,90.34,91.02,89.20,90.05,168521.620,1741773599999,15169458.30696,38750,79462.833,7155358.83025
1741773600000,90.04,90.08,89.48,90.01,69940.593,1741777199999,6281819.49943,17513,32927.510,2957998.08379
1741777200000,90.01,91.09,90.01,90.87,94978.445,1741780799999,8599566.92404,21549,44875.831,4063870.14943
1741780800000,90.86,92.86,90.47,92.05,357115.021,1741784399999,32808826.95827,69421,169256.222,15565151.41459
1741784400000,92.03,92.37,89.57,90.02,236686.730,1741787999999,21533960.82452,48677,120862.644,11001824.34333
1741788000000,90.01,90.34,88.37,88.41,250068.818,1741791599999,22337773.29994,50080,127681.637,11405754.60494
1741791600000,88.41,89.90,87.25,89.72,281478.084,1741795199999,24952295.02805,54460,145413.203,12885776.05996
1741795200000,89.71,90.82,89.47,90.13,190033.981,1741798799999,17129792.67811,43701,92876.763,8373809.54252
1741798800000,90.13,90.97,89.94,90.13,137470.874,1741802399999,12443012.14489,32080,57024.189,5163460.17801
1741802400000,90.14,91.19,89.99,90.86,88641.765,1741805999999,8042655.24998,26906,44005.676,3994022.55221
1741806000000,90.85,91.65,90.45,91.18,85550.472,1741809599999,7797059.95622,23940,40679.805,3710140.94462
1741809600000,91.19,91.51,90.96,91.44,50522.665,1741813199999,4610567.36988,17794,22434.187,2047617.92038
1741813200000,91.45,91.86,90.98,91.32,70120.265,1741816799999,6410850.92867,19746,28733.969,2627714.69834
1741816800000,91.32,91.91,91.28,91.71,58093.940,1741820399999,5323494.13240,20670,30377.178,2783908.96719
1741820400000,91.72,91.74,91.21,91.46,53834.231,1741823999999,4920697.03018,16127,27955.843,2555287.82726
1741824000000,91.46,91.74,90.58,90.72,101171.158,1741827599999,9216827.47639,28273,49730.073,4530950.18731
1741827600000,90.73,91.25,90.34,91.02,87911.741,1741831199999,7979899.43066,24081,48407.440,4395449.76599
1741831200000,91.02,91.64,90.73,90.83,64867.042,1741834799999,5911620.32579,20526,29296.732,2670892.26250
1741834800000,90.83,91.17,90.38,90.42,58815.845,1741838399999,5334488.03454,21659,29754.193,2699169.60600
1741838400000,90.42,90.69,89.71,89.97,90164.676,1741841999999,8131425.12634,23379,43136.682,3891235.52942
1741842000000,89.97,90.26,89.11,89.37,82042.733,1741845599999,7352564.68491,22297,39812.092,3569361.88036
1741845600000,89.38,89.51,88.75,89.21,109481.829,1741849199999,9754953.68113,25109,58327.857,5197945.25266
1741849200000,89.22,89.89,89.15,89.23,63081.343,1741852799999,5645342.61150,17291,35588.301,3184296.30053
1741852800000,89.23,89.46,88.22,89.04,136497.934,1741856399999,12116457.63317,29217,62587.378,5555007.86462
1741856400000,89.04,90.38,89.03,90.34,132072.689,1741859999999,11845203.23525,26536,69374.164,6222381.77701
1741860000000,90.34,90.50,89.52,90.22,109043.346,1741863599999,9822681.12016,24482,55827.961,5030392.73749
1741863600000,90.22,90.29,89.41,90.21,102490.069,1741867199999,9208893.52020,21647,47925.532,4307339.65429
1741867200000,90.21,91.40,89.22,89.47,212860.162,1741870799999,19192879.69633,42599,105050.780,9474855.40664
1741870800000,89.48,90.17,87.99,88.22,211115.386,1741874399999,18850803.35173,44550,98883.403,8837941.51517
1741874400000,88.22,89.48,87.99,89.07,184571.738,1741877999999,16414306.59589,38096,97342.440,8655415.70071
1741878000000,89.07,89.25,88.33,88.54,124698.168,1741881599999,11055162.17534,29762,67230.921,5960432.68826
1741881600000,88.54,88.66,87.01,87.29,199687.265,1741885199999,17496091.07447,39991,100527.033,8805781.63321
1741885200000,87.29,87.56,86.34,86.57,152048.054,1741888799999,13223171.82525,34007,74840.675,6510733.01853
1741888800000,86.56,87.82,86.52,86.73,130653.908,1741892399999,11399359.61855,30197,64192.255,5600822.48156
1741892400000,86.73,87.00,86.20,86.58,97664.511,1741895999999,8454064.26068,22933,46773.730,4049959.57149
1741896000000,86.58,87.24,86.44,86.56,84079.464,1741899599999,7306323.01061,20075,43746.605,3801898.45976
1741899600000,86.56,87.00,86.30,86.99,45925.010,1741903199999,3979691.19440,14732,23706.754,2054841.73106
1741903200000,87.00,88.39,86.86,88.34,94027.782,1741906799999,8243184.24506,21955,44311.219,3883326.18460
1741906800000,88.34,88.72,87.68,88.04,88151.935,1741910399999,7775709.41620,21542,34700.091,3061630.37937
1741910400000,88.04,88.94,87.76,88.67,77709.295,1741913999999,6865153.26838,23631,34151.827,3017475.38417
1741914000000,88.68,89.13,88.26,88.81,61023.703,1741917599999,5412647.47283,17639,29838.914,2647541.09367
1741917600000,88.80,89.56,88.68,89.50,87601.648,1741921199999,7813573.06225,19218,36716.308,3275471.17832
1741921200000,89.50,89.52,88.72,89.02,66213.110,1741924799999,5893328.82698,16911,31580.807,2809813.62926
1741924800000,89.02,89.45,88.77,88.84,48104.891,1741928399999,4284869.53203,14532,24677.267,2198289.54821
1741928400000,88.84,89.15,88.51,88.96,63990.673,1741931999999,5681187.14619,14193,29233.907,2596593.37950
1741932000000,88.96,89.14,88.50,88.73,53982.471,1741935599999,4791542.94882,13987,23692.173,2103236.64936
1741935600000,88.73,89.50,88.53,89.24,58429.677,1741939199999,5199300.09203,15020,30437.291,2708201.49899
1741939200000,89.24,90.10,89.14,89.90,138020.855,1741942799999,12385752.39873,26727,66305.168,5951126.23750
1741942800000,89.91,90.61,89.67,90.22,99536.032,1741946399999,8971509.11684,22448,57572.342,5190742.43115
1741946400000,90.23,90.67,89.87,90.27,78019.206,1741949999999,7039813.55632,18444,32589.960,2941204.41532
1741950000000,90.26,90.44,90.03,90.33,51236.585,1741953599999,4623093.72611,13082,22424.260,2023923.46808
1741953600000,90.33,90.76,90.04,90.51,77979.544,1741957199999,7049678.55628,16538,38076.963,3443795.24634
1741957200000,90.52,91.33,90.30,90.97,128176.432,1741960799999,11636068.58441,25855,70318.927,6385383.83069
1741960800000,90.96,90.96,89.53,90.86,311680.744,1741964399999,28152391.54996,50335,150882.370,13633934.98317
1741964400000,90.87,92.78,90.81,91.36,324402.283,1741967999999,29792558.78347,58492,151030.135,13869131.12697
1741968000000,91.37,92.46,90.92,92.42,161933.288,1741971599999,14827825.71939,31425,91077.043,8341421.92795
1741971600000,92.41,92.45,91.50,92.03,84767.144,1741975199999,7793677.28181,20441,41671.841,3830526.24542
1741975200000,92.02,92.30,91.63,91.88,58834.283,1741978799999,5411495.62955,16313,27541.889,2533712.34700
1741978800000,91.88,92.47,91.61,91.72,74540.893,1741982399999,6857405.69669,16951,35426.649,3260047.74630
1741982400000,91.72,91.78,90.77,91.46,104954.538,1741985999999,9572447.47089,21610,44789.317,4085447.50339
1741986000000,91.46,91.67,91.00,91.06,62304.388,1741989599999,5688622.62079,13923,25732.021,2349985.64878
1741989600000,91.05,92.19,90.99,92.03,72873.604,1741993199999,6678432.07179,17020,43908.822,4025700.67066
1741993200000,92.03,92.04,91.14,91.27,74123.501,1741996799999,6793616.04298,18651,29005.416,2659219.50246
1741996800000,91.27,91.93,91.13,91.75,40966.342,1742000399999,3749440.78295,16046,20924.547,1915426.04122
1742000400000,91.76,91.90,90.88,91.21,71349.189,1742003999999,6515911.33803,17279,28098.999,2567990.11126
1742004000000,91.22,91.95,90.96,91.68,46559.340,1742007599999,4253504.91218,15143,25801.138,2357671.02472
1742007600000,91.67,92.12,91.49,92.07,58089.566,1742011199999,5332624.07575,15667,29882.777,2743392.17990
1742011200000,92.08,92.47,91.74,92.20,83087.313,1742014799999,7657615.60521,18044,45402.939,4185545.00365
1742014800000,92.19,92.27,91.37,91.44,55250.621,1742018399999,5065274.32624,14247,24398.795,2236569.15782
1742018400000,91.44,92.05,91.17,91.89,67368.035,1742021999999,6178156.28238,16689,38698.361,3548872.98691
1742022000000,91.90,92.08,91.05,91.51,83616.978,1742025599999,7649286.43720,20549,44211.138,4045500.71211
1742025600000,91.51,92.81,91.45,92.63,106404.987,1742029199999,9801308.45128,25539,60137.077,5540927.31732
1742029200000,92.64,93.70,92.29,93.18,217434.328,1742032799999,20245465.87687,45829,114986.701,10706465.00337
1742032800000,93.18,93.29,92.45,92.95,97417.849,1742036399999,9043193.88372,25800,45035.150,4182335.67473
1742036400000,92.95,93.93,92.88,93.82,110201.413,1742039999999,10315714.90786,28279,59502.695,5569464.29688
1742040000000,93.82,93.93,93.06,93.15,100536.568,1742043599999,9400295.65181,25267,40134.523,3754718.65994
1742043600000,93.15,94.20,93.05,93.88,99874.071,1742047199999,9358088.91216,26128,56082.273,5254509.69141
1742047200000,93.88,93.91,92.64,92.72,100872.753,1742050799999,9393135.66777,24378,43494.262,4051347.87295
1742050800000,92.72,93.22,92.50,92.61,90436.271,1742054399999,8390677.72408,21929,47081.063,4368351.15335
1742054400000,92.61,93.43,92.31,93.18,93972.209,1742057999999,8719864.36391,24500,50311.708,4669254.16067
1742058000000,93.17,93.45,93.02,93.33,49526.126,1742061599999,4617716.89822,18504,23142.473,2157794.08993
1742061600000,93.33,93.64,92.89,93.02,58890.165,1742065199999,5492728.76736,19151,26832.023,2503310.63381
1742065200000,93.01,93.01,92.50,92.91,60029.392,1742068799999,5565701.97453,16533,26084.751,2418857.70550
1742068800000,92.91,93.34,92.86,93.00,38810.217,1742072399999,3612981.93419,14681,16194.546,1507641.82432
1742072400000,93.01,93.44,92.92,93.36,45862.658,1742075999999,4274667.71301,15285,22532.516,2099992.93131
1742076000000,93.36,93.43,92.88,92.99,33204.104,1742079599999,3092220.51507,14621,14058.873,1309896.63405
1742079600000,92.99,93.01,92.20,92.39,61696.921,1742083199999,5708671.38717,14541,25351.516,2345346.41496
1742083200000,92.39,92.63,91.99,92.35,66619.994,1742086799999,6146975.94222,18512,31104.234,2870866.19161
1742086800000,92.35,92.62,91.55,91.70,71176.253,1742090399999,6548211.76658,18094,28873.905,2658041.61213
1742090400000,91.69,91.93,91.21,91.43,84896.463,1742093999999,7770361.24590,21128,38922.084,3564182.78018
1742094000000,91.43,92.29,91.38,92.20,43122.264,1742097599999,3964362.49318,13879,25860.651,2377437.01859
1742097600000,92.20,92.55,92.07,92.33,54200.086,1742101199999,5003055.94474,15181,23296.703,2150777.19132
1742101200000,92.34,92.59,92.09,92.55,35934.089,1742104799999,3319466.58482,13037,20259.404,1871878.45005
1742104800000,92.55,92.56,92.25,92.31,37998.813,1742108399999,3511092.40376,11430,12675.964,1171397.00971
1742108400000,92.30,92.32,91.70,92.10,92122.573,1742111999999,8477019.25270,18171,39217.185,3609176.80684
1742112000000,92.10,92.43,91.81,92.29,58604.765,1742115599999,5396752.31291,14611,33369.630,3072543.93743
1742115600000,92.30,92.34,90.98,91.23,268457.230,1742119199999,24571833.45529,26948,70776.140,6479662.27105
1742119200000,91.23,91.49,90.58,90.61,93288.118,1742122799999,8486225.63624,21573,43721.491,3978441.00225
1742122800000,90.62,90.67,88.50,88.82,304290.417,1742126399999,27223591.45307,53095,134644.529,12051434.60760
1742126400000,88.82,89.54,88.75,89.01,105325.205,1742129999999,9386821.77713,26674,56941.429,5075190.35654
1742130000000,89.00,89.66,88.28,88.62,145474.187,1742133599999,12950935.17682,30036,64908.788,5780168.82402
1742133600000,88.61,89.64,88.56,89.58,98696.736,1742137199999,8787996.02438,22067,49028.085,4366932.69409
1742137200000,89.58,89.79,88.75,89.16,93364.849,1742140799999,8324955.83306,21395,37719.489,3364194.83846
1742140800000,89.17,91.00,89.02,90.20,289047.532,1742144399999,26133836.69339,51592,146126.214,13213662.45047
1742144400000,90.21,90.91,89.93,90.68,94019.057,1742147999999,8510051.36996,23475,50487.938,4570971.44938
1742148000000,90.69,91.18,90.23,90.52,62238.047,1742151599999,5647783.54391,20542,29634.273,2689941.75829
1742151600000,90.52,90.59,88.97,89.39,129692.500,1742155199999,11623003.79497,30529,58673.774,5255915.05542
1742155200000,89.39,90.58,89.21,90.56,58690.461,1742158799999,5273692.97412,17711,31601.759,2840387.40001
1742158800000,90.55,91.06,90.09,90.76,88698.756,1742162399999,8041911.09901,20929,48672.429,4413821.15256
1742162400000,90.76,90.85,89.66,89.66,85790.504,1742165999999,7760230.12858,25426,45341.662,4102077.90458
1742166000000,89.67,90.55,89.46,90.16,73271.091,1742169599999,6596972.37517,21764,38180.982,3437751.16273
1742169600000,90.17,92.12,90.16,91.89,143976.141,1742173199999,13155510.97438,35709,84213.515,7695657.23384
1742173200000,91.89,92.94,91.83,92.81,148816.587,1742176799999,13741107.67167,33481,70471.025,6511626.94624
1742176800000,92.80,94.08,92.79,93.07,241700.318,1742180399999,22577418.98590,45764,128557.218,12008818.80964
1742180400000,93.07,94.00,93.03,93.28,105687.635,1742183999999,9876236.30930,24243,47199.276,4411604.41264
1742184000000,93.27,94.36,93.27,93.65,199595.942,1742187599999,18708579.35259,29572,122519.922,11481712.85663
1742187600000,93.65,93.67,92.48,92.50,124477.344,1742191199999,11582531.55567,27469,50910.754,4736637.56576
1742191200000,92.50,93.06,91.39,92.33,200173.560,1742194799999,18440749.53342,35535,101548.502,9356623.39147
1742194800000,92.33,92.75,91.94,92.21,118840.466,1742198399999,10967753.04159,23156,55687.127,5139390.10643
1742198400000,92.21,92.51,91.52,92.29,77991.293,1742201999999,7181067.36603,20171,40150.118,3697737.65592
1742202000000,92.29,93.64,92.28,93.52,176714.307,1742205599999,16443042.45315,32930,100566.791,9356118.72742
1742205600000,93.52,93.74,93.14,93.33,97266.902,1742209199999,9080721.05300,20834,45612.160,4257478.87323
1742209200000,93.33,93.85,92.91,92.96,90870.594,1742212799999,8485435.35402,23737,42255.568,3948222.22821
1742212800000,92.96,94.00,92.53,92.77,264941.917,1742216399999,24701185.68346,49260,130966.070,12211772.67446
1742216400000,92.77,93.53,92.22,92.62,155270.791,1742219999999,14419187.24782,33908,75296.278,6994776.54085
1742220000000,92.61,93.23,92.08,92.84,141871.216,1742223599999,13138949.68614,35087,71347.727,6607513.50565
1742223600000,92.84,93.63,92.45,93.43,148221.970,1742227199999,13815313.48392,31787,72297.064,6741003.14627
1742227200000,93.42,93.70,92.64,93.02,94054.901,1742230799999,8761572.85261,23922,42384.143,3949413.01681
1742230800000,93.02,93.88,92.88,93.39,101999.569,1742234399999,9540693.47472,22359,41742.987,3905710.63732
1742234400000,93.39,94.49,92.91,94.10,218478.274,1742237999999,20426089.65543,32377,99179.580,9286054.11450
1742238000000,94.09,94.32,93.17,93.43,112646.319,1742241599999,10548891.90758,23290,53829.715,5040193.85194
1742241600000,93.43,93.46,92.51,92.63,97635.051,1742245199999,9080421.52966,20677,45495.477,4232444.48992
1742245200000,92.63,93.17,92.48,92.91,54811.431,1742248799999,5087945.33399,14076,27172.964,2522574.19007
1742248800000,92.91,93.18,92.60,92.62,50402.008,1742252399999,4682322.47365,14953,23584.968,2191596.60840
1742252400000,92.61,92.63,91.96,92.23,108172.326,1742255999999,9984597.03026,20613,47621.671,4396090.52952
1742256000000,92.23,92.28,91.00,91.29,163600.219,1742259599999,14985294.31181,32043,65930.909,6040399.82542
1742259600000,91.29,91.50,89.86,90.12,168453.221,1742263199999,15239256.03738,34888,78872.876,7137482.48272
1742263200000,90.12,90.64,90.07,90.29,101143.367,1742266799999,9141630.30106,23546,54896.869,4961915.63227
1742266800000,90.28,90.28,89.44,89.84,83429.690,1742270399999,7495533.67805,20314,36132.927,3246313.00272
1742270400000,89.84,90.30,89.49,89.71,73294.781,1742273999999,6586944.55415,18746,32840.379,2952341.58560
1742274000000,89.71,90.28,89.70,89.99,76450.684,1742277599999,6879230.19239,17562,40904.026,3681034.00249
1742277600000,89.98,89.99,88.81,89.16,129392.395,1742281199999,11551049.56141,25214,55404.152,4946764.70639
1742281200000,89.17,89.95,89.02,89.46,135656.852,1742284799999,12145728.37637,24254,65638.882,5877426.24340
1742284800000,89.47,90.05,89.23,89.95,94417.294,1742288399999,8469166.18274,19398,51642.546,4632881.86613
1742288400000,89.95,90.17,89.36,89.43,88281.968,1742291999999,7936092.78361,20243,42809.674,3848941.22492
1742292000000,89.44,89.69,88.75,89.03,117395.011,1742295599999,10458640.84610,23072,55213.778,4919380.28027
1742295600000,89.03,89.14,88.45,88.57,80414.703,1742299199999,7139319.40579,20051,38162.805,3388586.75969
1742299200000,88.57,88.81,88.16,88.28,120002.153,1742302799999,10616713.80467,24182,54501.506,4823944.37228
1742302800000,88.27,88.47,87.04,87.44,243346.414,1742306399999,21343163.15917,40964,117034.226,10261526.83931
1742306400000,87.43,89.69,87.30,88.35,418803.371,1742309999999,36928291.51754,54644,232134.872,20476989.79192
1742310000000,88.34,88.81,87.90,88.16,115022.209,1742313599999,10166044.93586,24697,52552.541,4646415.36607
1742313600000,88.15,88.73,87.98,88.46,93955.103,1742317199999,8296253.47771,21552,43431.792,3836594.51759
1742317200000,88.46,88.67,87.57,87.92,108436.152,1742320799999,9549360.93783,22700,45937.365,4045850.12969
1742320800000,87.92,88.54,87.51,88.23,89465.848,1742324399999,7880683.58500,18935,47397.696,4177138.97864
1742324400000,88.22,88.71,87.95,88.51,106497.056,1742327999999,9403942.99979,20266,55984.441,4944183.65604
1742328000000,88.51,88.66,87.72,87.90,93704.850,1742331599999,8251744.55607,18003,47229.455,4157656.10697
1742331600000,87.89,88.56,87.80,88.32,72195.452,1742335199999,6365565.46312,14953,36427.882,3211709.93093
1742335200000,88.32,89.70,88.23,89.59,106902.271,1742338799999,9520284.21932,22571,55353.808,4930092.96837
1742338800000,89.57,90.16,89.52,89.98,81723.548,1742342399999,7343193.52823,20850,34896.586,3135442.47621
1742342400000,89.98,90.98,89.77,90.25,119300.797,1742345999999,10786532.62544,27034,48551.473,4390902.91349
1742346000000,90.25,90.49,89.39,89.41,130781.355,1742349599999,11746960.56846,26077,58195.392,5227296.06329
1742349600000,89.41,90.43,89.27,90.27,82222.108,1742353199999,7391369.58323,22596,46576.970,4186100.30562
1742353200000,90.27,90.66,89.86,90.62,77619.004,1742356799999,7007758.13151,17736,35878.498,3240361.26772
1742356800000,90.62,90.73,89.84,89.92,71445.077,1742360399999,6439741.98447,17947,23568.789,2124908.69784
1742360400000,89.91,90.33,89.81,90.21,39836.279,1742363999999,3588446.29596,15108,22107.512,1991525.66051
1742364000000,90.21,90.39,89.84,90.12,43331.967,1742367599999,3904297.97138,14453,20016.422,1804030.99126
1742367600000,90.12,90.73,89.46,89.59,550484.899,1742371199999,49594996.13386,37039,271044.867,24455038.38260
1742371200000,89.60,90.44,89.57,90.23,438519.726,1742374799999,39508295.99883,31709,205370.957,18511474.75934
1742374800000,90.23,90.55,89.92,90.44,203979.719,1742378399999,18398022.40457,25495,89904.152,8112868.38904
1742378400000,90.44,90.92,90.10,90.44,118755.023,1742381999999,10750043.07217,26460,57718.278,5225259.37524
1742382000000,90.44,91.80,90.37,91.47,197055.064,1742385599999,17980471.24495,38496,96357.325,8793183.98783
1742385600000,91.46,91.60,90.25,90.66,127097.373,1742389199999,11540824.27617,29849,52813.001,4798116.32141
1742389200000,90.65,92.15,90.32,91.57,284265.800,1742392799999,25979111.48631,59018,152461.148,13934685.19060
1742392800000,91.58,92.28,91.14,91.83,147780.496,1742396399999,13570590.15798,35960,73908.735,6788505.76334
1742396400000,91.83,92.27,91.39,92.12,117117.850,1742399999999,10758479.87510,24799,65727.091,6038775.28048
1742400000000,92.11,92.17,91.26,91.53,99814.782,1742403599999,9148803.30543,24488,45825.721,4199735.38420
1742403600000,91.52,91.65,90.45,91.11,150133.373,1742407199999,13660120.13548,26052,72404.447,6591334.47114
1742407200000,91.12,92.52,90.42,92.23,248734.478,1742410799999,22745240.51379,48925,110989.198,10151195.30450
1742410800000,92.22,92.74,91.62,92.30,157791.495,1742414399999,14549192.88977,31756,81612.619,7526357.73302
1742414400000,92.29,93.37,92.20,92.52,119055.279,1742417999999,11044708.56731,26400,60799.355,5641991.33431
1742418000000,92.52,93.38,92.47,93.31,73505.635,1742421599999,6839329.79351,19457,40386.099,3757050.81862
1742421600000,93.31,94.22,93.29,93.75,107487.135,1742425199999,10075515.38845,26637,59186.211,5547794.26361
1742425200000,93.75,94.19,93.37,94.04,105576.157,1742428799999,9907871.06088,23944,51952.720,4876235.96102
1742428800000,94.05,94.56,93.41,93.59,177595.597,1742432399999,16684552.91985,32682,89776.537,8437540.33412
1742432400000,93.59,93.99,93.12,93.22,87983.345,1742435999999,8229370.40183,20900,40886.164,3825769.96329
1742436000000,93.21,94.04,93.21,93.73,73870.088,1742439599999,6918130.20950,18290,40573.704,3800755.94378
1742439600000,93.73,93.99,93.41,93.54,45689.952,1742443199999,4280938.28109,13214,17792.442,1667445.94623
1742443200000,93.54,93.87,93.17,93.25,127800.669,1742446799999,11947277.27468,19509,72287.799,6757631.66178
1742446800000,93.24,93.32,92.58,92.93,87083.630,1742450399999,8089401.75237,20307,32686.443,3036350.20340
1742450400000,92.94,93.12,92.58,92.76,69055.250,1742453999999,6414618.70091,18541,34948.314,3246878.67701
1742454000000,92.76,92.84,92.02,92.08,108882.873,1742457599999,10057677.63579,21460,54309.346,5017478.23796
1742457600000,92.09,92.90,91.82,92.76,85547.649,1742461199999,7898266.86716,20166,48632.749,4491304.90838
1742461200000,92.77,92.84,92.32,92.45,45937.132,1742464799999,4250619.85488,16156,16671.658,1542822.39139
1742464800000,92.45,92.58,90.89,91.36,173986.245,1742468399999,15907556.14738,36213,74334.883,6794168.02619
1742468400000,91.37,91.97,91.36,91.73,57082.021,1742471999999,5234634.58507,15569,29005.354,2659984.54239
1742472000000,91.73,91.97,91.54,91.90,43469.083,1742475599999,3988473.29390,13693,17686.747,1622972.96045
1742475600000,91.90,91.96,91.32,91.68,65959.219,1742479199999,6045653.69884,18386,31079.927,2848912.94588
1742479200000,91.68,93.18,91.65,92.55,218716.677,1742482799999,20213732.12832,35285,126609.304,11704952.07443
1742482800000,92.55,92.60,91.45,91.56,123717.714,1742486399999,11368201.47336,31569,53701.766,4933645.34737
1742486400000,91.55,91.91,90.03,90.26,194062.028,1742489999999,17631315.61129,36715,79156.463,7190717.89583
1742490000000,90.26,91.50,90.17,91.36,89921.474,1742493599999,8179467.48623,22168,43621.617,3968631.44153
1742493600000,91.36,92.20,91.32,91.63,86853.892,1742497199999,7974589.75519,20243,41414.738,3803145.11980
1742497200000,91.63,92.56,91.63,92.56,61021.679,1742500799999,5621840.58203,18679,31021.206,2858156.92981
1742500800000,92.56,92.94,92.44,92.81,87866.745,1742504399999,8150774.65339,22207,41062.274,3808469.64712
1742504400000,92.81,93.04,92.39,93.01,51857.624,1742507999999,4810269.82417,16452,24095.834,2235781.90783
1742508000000,93.01,93.12,92.57,93.06,65621.421,1742511599999,6094858.55931,20737,32475.298,3016402.83306
1742511600000,93.06,93.34,92.59,93.22,90751.516,1742515199999,8442576.13888,20109,50667.694,4715563.22747
1742515200000,93.22,93.42,92.76,92.83,90675.086,1742518799999,8441442.29906,20251,41266.475,3843278.10325
1742518800000,92.82,93.17,92.53,93.07,48909.493,1742522399999,4542649.72637,14536,22314.928,2073071.62005
1742522400000,93.06,93.09,92.48,92.62,45100.744,1742525999999,4183864.83452,13782,20735.834,1923176.88383
1742526000000,92.61,92.69,92.13,92.40,55703.798,1742529599999,5143284.87456,17619,24330.284,2246425.57440
1742529600000,92.40,93.20,92.39,92.89,57416.076,1742533199999,5331190.49803,16821,31840.891,2957255.75840
1742533200000,92.89,93.10,92.52,93.01,56469.861,1742536799999,5242042.55670,15885,29176.428,2708896.10054
1742536800000,93.00,93.56,92.81,93.04,96430.199,1742540399999,8987213.42288,23396,54387.679,5069518.60733
1742540400000,93.04,93.15,92.47,92.67,79857.179,1742543999999,7413396.96015,18689,32086.786,2979074.72529
1742544000000,92.66,93.06,91.91,92.84,108345.520,1742547599999,10019484.18736,25265,51705.908,4783455.84456
1742547600000,92.83,93.83,92.70,93.42,114373.451,1742551199999,10671005.93719,29363,64496.124,6016312.93332
1742551200000,93.41,93.52,92.32,92.98,96283.819,1742554799999,8942593.63292,22774,45001.822,4180552.41431
1742554800000,92.98,93.26,92.66,93.15,62445.326,1742558399999,5804333.32476,16697,27783.949,2583476.33858
1742558400000,93.16,93.69,92.52,92.57,112766.367,1742561999999,10504341.75972,24686,53648.515,4997298.84868
1742562000000,92.57,93.24,92.03,93.00,118375.285,1742565599999,10975711.82950,27895,58035.673,5381382.00454
1742565600000,93.00,93.45,92.17,93.42,126972.497,1742569199999,11802642.68100,28677,67755.615,6298465.14707
1742569200000,93.42,93.62,92.94,93.38,70481.488,1742572799999,6577422.22931,19153,36206.744,3379328.72098
1742572800000,93.37,93.88,93.03,93.57,154658.502,1742576399999,14457713.49472,28843,79649.080,7446694.84660
1742576400000,93.57,93.64,92.61,92.83,87519.044,1742579999999,8141318.67628,20890,41538.893,3864593.80057
1742580000000,92.84,93.39,92.54,92.88,67852.141,1742583599999,6310481.29423,16750,30791.981,2863157.45037
1742583600000,92.88,92.88,92.18,92.52,60181.386,1742587199999,5566551.46349,19363,28978.745,2680367.69524
1742587200000,92.52,92.83,92.16,92.32,55997.081,1742590799999,5177215.78156,15635,27677.960,2558479.70186
1742590800000,92.32,92.66,91.99,92.19,50772.259,1742594399999,4686405.76050,16145,26299.203,2428399.01744
1742594400000,92.19,92.23,91.13,91.46,90935.499,1742597999999,8326130.97278,20938,36855.907,3372924.82027
1742598000000,91.46,91.65,90.74,90.79,75432.621,1742601599999,6876949.04403,17945,31519.114,2875352.03353
1742601600000,90.79,91.33,90.54,90.96,106177.024,1742605199999,9657939.92398,23313,54563.495,4964169.56313
1742605200000,90.96,91.32,90.39,90.47,79418.653,1742608799999,7210236.01467,18454,32562.825,2957436.76429
1742608800000,90.46,91.03,90.33,90.80,65701.944,1742612399999,5961469.62322,15989,38797.917,3520731.35555
1742612400000,90.80,91.21,90.53,91.07,61565.432,1742615999999,5592251.72374,14794,34193.310,3106457.29398
1742616000000,91.07,91.27,90.81,91.14,50452.711,1742619599999,4594638.44983,13243,27139.105,2471379.03661
1742619600000,91.14,91.19,90.86,91.09,40701.031,1742623199999,3704100.12139,10451,19415.598,1767230.33992
1742623200000,91.09,91.54,91.04,91.28,52814.822,1742626799999,4822428.53591,13847,28138.823,2569500.31422
1742626800000,91.27,91.43,90.96,91.02,39634.487,1742630399999,3613360.33436,10988,15783.269,1438930.37048
1742630400000,91.01,91.39,90.78,91.30,53811.382,1742633999999,4898815.22760,13585,29616.857,2696489.72528
1742634000000,91.29,91.77,91.22,91.51,64262.073,1742637599999,5881591.82660,16904,31542.602,2887514.44212
1742637600000,91.52,91.70,91.30,91.49,43108.401,1742641199999,3944218.51160,13108,22538.656,2062187.29065
1742641200000,91.49,91.55,91.14,91.43,41453.031,1742644799999,3786766.23761,11424,17679.439,1615306.51428
1742644800000,91.42,91.53,91.08,91.28,36468.708,1742648399999,3329791.92156,11399,17243.684,1574645.50729
1742648400000,91.27,91.46,90.94,91.13,38435.116,1742651999999,3502720.63950,10193,18048.115,1644788.68561
1742652000000,91.12,91.29,90.60,90.69,72015.168,1742655599999,6542764.08482,12373,32889.694,2989256.59882
1742655600000,90.68,90.98,90.51,90.85,52320.104,1742659199999,4747193.14469,11870,24327.183,2208621.10687
1742659200000,90.85,91.25,90.72,91.20,65136.836,1742662799999,5929900.12871,13121,41117.863,3743368.22341
1742662800000,91.20,91.58,91.20,91.48,48993.897,1742666399999,4477806.98339,16569,22770.881,2081394.61147
1742666400000,91.48,91.94,91.40,91.89,58137.687,1742669999999,5328294.45390,16095,32999.068,3024720.55662
1742670000000,91.90,92.18,91.74,92.04,61723.685,1742673599999,5675141.70001,16493,32059.567,2948309.39521
1742673600000,92.04,92.18,91.22,91.24,53863.191,1742677199999,4940201.31254,14532,20417.583,1873491.00299
1742677200000,91.24,91.80,91.00,91.44,45370.654,1742680799999,4146420.15586,13697,26503.985,2421483.66541
1742680800000,91.44,91.73,91.43,91.56,27816.656,1742684399999,2547191.93997,11568,12634.305,1157002.05602
1742684400000,91.55,91.58,90.92,91.35,35142.137,1742687999999,3203856.73604,14001,17546.651,1600010.18298
1742688000000,91.35,91.68,91.32,91.54,37935.580,1742691599999,3470565.85630,13630,23087.129,2112087.21592
1742691600000,91.54,92.16,91.47,91.79,52472.952,1742695199999,4820333.24174,15108,25565.181,2348743.16207
1742695200000,91.80,92.05,91.64,91.66,33906.220,1742698799999,3112804.80258,13150,16754.074,1538347.54757
1742698800000,91.65,91.87,91.41,91.87,48288.545,1742702399999,4424107.31207,13527,20430.521,1871590.19623
1742702400000,91.87,91.89,91.29,91.37,25520.877,1742705999999,2335810.03006,10546,12444.523,1139084.77738
1742706000000,91.36,91.49,91.10,91.45,25943.122,1742709599999,2368352.85533,12509,13689.136,1249684.15218
1742709600000,91.45,91.64,91.24,91.53,21455.194,1742713199999,1961473.68159,9195,11425.902,1044771.01278
1742713200000,91.53,91.86,91.47,91.63,37035.087,1742716799999,3394659.44747,11141,16005.337,1467105.55149
1742716800000,91.63,91.78,91.49,91.63,37491.571,1742720399999,3436481.66333,11358,17066.870,1564379.93444
1742720400000,91.63,92.09,91.54,91.99,44875.280,1742723999999,4121982.62958,12469,24545.631,2254354.98155
1742724000000,91.99,92.41,91.74,91.81,49219.749,1742727599999,4531476.77741,14799,23400.544,2154634.02851
1742727600000,91.80,92.51,91.78,92.17,71546.343,1742731199999,6595711.42734,16006,31801.142,2932522.54050
1742731200000,92.17,92.43,91.92,91.96,56810.840,1742734799999,5236826.88488,13156,26716.504,2463124.09657
1742734800000,91.96,92.36,91.71,92.26,37506.844,1742738399999,3454923.64505,12011,19648.104,1810190.68054
1742738400000,92.26,92.46,92.05,92.40,48456.840,1742741999999,4470136.94519,12737,22503.932,2076289.98324
1742742000000,92.40,92.97,92.37,92.69,68627.767,1742745599999,6363007.08513,16436,31956.753,2962907.52814
1742745600000,92.69,92.82,92.00,92.39,70726.921,1742749199999,6532037.84646,16582,31203.508,2881728.47594
1742749200000,92.40,92.50,91.10,91.39,99708.446,1742752799999,9146383.15041,21593,37933.487,3477599.06808
1742752800000,91.38,91.75,91.07,91.55,48214.620,1742756399999,4402383.28828,12936,25452.950,2323995.19752
1742756400000,91.54,91.58,91.20,91.27,21729.718,1742759999999,1985499.50864,7678,11505.353,1051271.70361
1742760000000,91.26,91.45,91.17,91.24,50054.346,1742763599999,4571628.34544,9708,25596.375,2337419.58411
1742763600000,91.23,91.33,90.54,90.99,81072.361,1742767199999,7366420.34269,15768,28083.817,2552283.01694
1742767200000,90.99,91.36,90.81,91.14,48481.420,1742770799999,4416002.98857,12921,25277.217,2302455.16497
1742770800000,91.14,91.47,91.09,91.44,44354.463,1742774399999,4049935.65376,12621,24820.222,2266505.18855
1742774400000,91.45,92.48,91.08,91.64,117442.270,1742777999999,10787569.16989,24728,58850.547,5405926.44186
1742778000000,91.65,91.68,90.73,90.86,84274.958,1742781599999,7675346.67220,21458,38491.035,3505693.72833
1742781600000,90.86,91.75,90.80,91.62,49901.594,1742785199999,4554785.35451,14005,26624.628,2430396.74497
1742785200000,91.61,92.58,91.46,92.21,152075.865,1742788799999,14011199.37953,28891,67614.764,6228111.21990
1742788800000,92.21,92.87,92.04,92.70,123442.289,1742792399999,11415152.18157,24357,65381.600,6046502.72230
1742792400000,92.71,93.24,92.66,92.81,134279.498,1742795999999,12478209.48148,22998,68949.679,6409238.30870
1742796000000,92.82,93.68,92.82,93.49,138321.785,1742799599999,12911298.69465,22200,74658.158,6969434.91810
1742799600000,93.49,93.66,92.57,92.75,113910.927,1742803199999,10593991.46045,20834,46583.937,4331516.75143
1742803200000,92.75,93.71,92.75,93.54,116536.165,1742806799999,10881723.27730,19238,70406.435,6574238.94398
1742806800000,93.54,93.71,93.11,93.44,85729.782,1742810399999,8004590.08540,14447,39262.471,3666349.28042
1742810400000,93.44,93.94,93.34,93.84,98087.759,1742813999999,9186303.51854,17854,55627.545,5209876.37419
1742814000000,93.84,93.99,93.20,93.68,100590.864,1742817599999,9412768.13353,16308,40491.949,3790138.18215
1742817600000,93.69,93.81,93.16,93.17,101548.560,1742821199999,9486476.22507,17008,47579.686,4445007.67676
1742821200000,93.16,93.43,92.62,93.41,180198.805,1742824799999,16757034.66952,28359,86431.212,8038383.17300
1742824800000,93.41,94.97,93.35,93.57,308744.472,1742828399999,29060417.31548,46770,154907.286,14579123.90580
1742828400000,93.58,94.21,93.19,94.07,111598.610,1742831999999,10462152.56953,24278,57603.925,5402459.17147
1742832000000,94.06,94.39,93.28,93.78,120572.015,1742835599999,11312063.42056,22427,53843.251,5053786.54684
1742835600000,93.77,94.68,93.60,94.39,104265.626,1742839199999,9830426.96593,18911,50754.005,4784202.05703
1742839200000,94.39,94.81,93.94,94.63,78050.038,1742842799999,7367857.84421,17698,39708.432,3749880.89827
1742842800000,94.63,94.95,94.42,94.53,81179.214,1742846399999,7685213.25900,16503,37429.860,3544431.45989
1742846400000,94.53,95.36,94.52,94.93,133108.191,1742849999999,12644971.66477,20900,70873.679,6733864.34875
1742850000000,94.92,95.57,94.63,94.89,92099.045,1742853599999,8753667.43877,16959,47017.844,4470783.32394
1742853600000,94.89,95.10,93.53,93.78,166484.180,1742857199999,15664144.52467,26096,63737.834,5995391.44587
1742857200000,93.79,93.91,93.08,93.73,84947.761,1742860799999,7935676.27925,16876,39098.614,3653626.34589
1742860800000,93.73,94.30,93.31,94.14,80085.799,1742864399999,7524060.61929,17764,43557.195,4091920.55385
1742864400000,94.13,94.13,92.74,93.23,100431.551,1742867999999,9367147.23895,20926,42675.785,3979596.82593
1742868000000,93.23,93.32,92.73,92.95,83691.965,1742871599999,7779874.28944,17148,37516.332,3487946.30833
1742871600000,92.94,93.18,91.81,92.19,135754.827,1742875199999,12538356.69571,22539,48474.505,4478845.84157
1742875200000,92.19,92.52,91.83,92.22,66396.661,1742878799999,6123228.07771,16281,36208.178,3339771.40418
1742878800000,92.22,92.73,92.02,92.51,69566.131,1742882399999,6428643.78091,15536,33895.092,3132629.68350
1742882400000,92.50,92.87,92.33,92.34,71418.815,1742885999999,6614812.23603,16591,30965.585,2868695.36642
1742886000000,92.35,92.69,92.08,92.33,65869.410,1742889599999,6085346.92803,14202,29225.206,2700365.11960
1742889600000,92.32,92.88,92.26,92.80,78026.568,1742893199999,7231071.11701,16794,40119.807,3717618.49235
1742893200000,92.81,93.44,92.63,93.21,78559.756,1742896799999,7308452.50032,15588,37600.891,3498823.96384
1742896800000,93.20,93.31,92.49,92.94,95812.701,1742900399999,8898451.19685,15928,38098.659,3538677.88405
1742900400000,92.95,93.31,92.70,93.05,64199.295,1742903999999,5974312.67366,13145,29139.696,2712141.82080
1742904000000,93.05,93.35,92.73,92.82,82069.221,1742907599999,7633372.99938,14931,33900.494,3153396.37518
1742907600000,92.81,94.73,92.77,93.83,316869.893,1742911199999,29737364.58723,41960,149899.952,14062462.34272
1742911200000,93.83,94.07,93.11,93.75,180491.987,1742914799999,16889505.48879,30840,87113.188,8152583.08228
1742914800000,93.74,94.04,93.12,93.39,125899.309,1742918399999,11772786.51647,21465,63906.280,5977306.00225
1742918400000,93.39,93.73,92.62,93.06,127410.134,1742921999999,11864531.32030,23048,52446.911,4885857.08002
1742922000000,93.06,93.98,93.05,93.75,106245.651,1742925599999,9944184.55007,18777,61786.354,5784331.28397
1742925600000,93.74,93.90,93.25,93.39,95899.562,1742929199999,8971895.46912,18669,47990.390,4490703.58860
1742929200000,93.39,93.75,93.39,93.62,46417.249,1742932799999,4342304.58104,13769,19611.700,1834722.32197
1742932800000,93.62,93.75,92.70,93.15,129295.600,1742936399999,12059520.93658,22544,61508.134,5738890.48620
1742936400000,93.15,93.73,93.13,93.40,44068.608,1742939999999,4120941.61836,12502,21257.290,1987876.12080
1742940000000,93.39,93.94,93.23,93.75,78105.609,1742943599999,7316640.28130,16946,41810.101,3917339.19421
1742943600000,93.75,94.61,93.41,94.35,96014.258,1742947199999,9034692.38751,20738,51624.578,4858464.82887
1742947200000,94.35,95.40,94.20,95.12,117658.909,1742950799999,11158634.30866,26048,62198.524,5898669.57886
1742950800000,95.11,96.06,95.04,95.60,145204.150,1742954399999,13890210.00373,28017,73644.335,7043505.90142
1742954400000,95.59,95.67,93.66,93.94,173283.303,1742957999999,16390447.24602,31821,66211.107,6265285.31019
1742958000000,93.93,94.19,93.21,93.56,104820.887,1742961599999,9821974.57980,22322,57352.912,5374770.78814
1742961600000,93.57,94.05,93.45,93.95,61837.062,1742965199999,5797481.40480,14573,33147.403,3107583.49445
1742965200000,93.96,94.72,93.77,94.40,69544.084,1742968799999,6554730.66722,16710,33804.495,3185839.60547
1742968800000,94.40,94.84,94.21,94.72,49566.234,1742972399999,4686839.21989,13301,25552.574,2416178.08689
1742972400000,94.72,95.86,94.65,95.67,180604.906,1742975999999,17216154.84852,30566,91504.754,8724747.17162
1742976000000,95.66,96.06,95.08,95.22,136291.775,1742979599999,13025410.07391,23291,59911.022,5726907.65396
1742979600000,95.21,95.76,95.10,95.27,47918.126,1742983199999,4570432.55388,13785,21387.857,2040044.38627
1742983200000,95.27,95.96,95.23,95.84,85456.498,1742986799999,8180787.24047,15881,46136.721,4416234.91928
1742986800000,95.83,96.46,95.74,96.08,118067.798,1742990399999,11354017.12845,21563,57078.260,5489126.55380
1742990400000,96.08,96.38,95.30,95.95,128053.203,1742993999999,12259357.84166,23543,65801.357,6300280.41280
1742994000000,95.94,95.98,93.74,93.89,223908.987,1742997599999,21222707.58485,36331,104273.806,9888774.34009
1742997600000,93.88,94.55,92.62,93.32,334356.994,1743001199999,31245091.85018,54842,150107.655,14031902.35311
1743001200000,93.32,93.67,92.77,93.00,133201.077,1743004799999,12421998.57404,31328,62812.284,5858612.53337
1743004800000,92.99,93.47,92.59,92.93,104242.756,1743008399999,9694639.53826,23461,47480.892,4415905.78440
1743008400000,92.92,93.15,92.17,92.34,109962.012,1743011999999,10176445.71463,23317,49951.040,4623501.94643
1743012000000,92.34,92.81,91.54,91.61,113418.486,1743015599999,10448430.85532,23134,39675.419,3659666.09653
1743015600000,91.61,92.27,90.82,92.06,172224.024,1743019199999,15755260.67841,32251,79693.724,7292536.07264
1743019200000,92.05,92.94,91.94,92.62,86578.012,1743022799999,8012223.99258,20685,34963.048,3233178.63011
1743022800000,92.63,93.03,91.67,92.61,81913.140,1743026399999,7578432.77824,19718,37788.372,3498223.82721
1743026400000,92.61,92.65,91.65,92.07,66338.054,1743029999999,6109038.71477,17203,31943.137,2941295.43040
1743030000000,92.08,92.38,91.58,92.38,44601.823,1743033599999,4103203.44632,13549,25135.346,2312823.56043
1743033600000,92.38,93.62,92.26,93.56,85100.040,1743037199999,7911764.42836,21005,41972.328,3901711.56722
1743037200000,93.56,93.75,93.02,93.27,62588.894,1743040799999,5843244.55561,15240,25581.874,2388283.67726
1743040800000,93.27,93.86,93.21,93.69,72682.565,1743044399999,6797395.04483,15951,31578.924,2953915.86395
1743044400000,93.69,93.77,93.26,93.72,57107.744,1743047999999,5339817.53179,12859,23677.073,2214241.42008
1743048000000,93.71,93.95,93.29,93.82,58846.013,1743051599999,5512856.78407,12450,28470.522,2667775.10167
1743051600000,93.82,93.95,93.34,93.45,40892.213,1743055199999,3830006.05598,12275,15240.353,1428075.12345
1743055200000,93.45,94.09,93.33,93.83,69763.680,1743058799999,6545293.47803,13769,38961.819,3655449.71924
1743058800000,93.82,94.32,93.61,94.24,70614.723,1743062399999,6641644.66233,16483,35922.763,3379770.07667
1743062400000,94.24,94.58,93.72,94.18,117674.267,1743065999999,11094744.43092,21355,61599.125,5808851.15296
1743066000000,94.19,94.36,93.80,94.26,92438.586,1743069599999,8698201.19439,15492,39153.407,3684456.70295
1743069600000,94.26,94.98,94.26,94.33,130466.311,1743073199999,12353982.95495,22530,61275.191,5802001.09432
1743073200000,94.33,94.78,93.57,93.69,149028.588,1743076799999,14007871.03795,22022,74706.848,7022572.17609
1743076800000,93.69,94.19,93.54,93.78,105303.559,1743080399999,9881956.98699,21248,51075.066,4793184.64353
1743080400000,93.77,94.03,92.19,93.04,261445.541,1743083999999,24291238.11758,42955,119939.874,11143550.47525
1743084000000,93.03,94.17,92.66,94.10,156837.512,1743087599999,14656239.15479,26786,82143.477,7678024.16651
1743087600000,94.10,94.12,93.09,93.26,88476.415,1743091199999,8285505.66121,19197,42604.610,3988451.36839
1743091200000,93.26,93.49,92.60,92.63,71502.086,1743094799999,6657654.29359,16299,36348.988,3385643.49071
1743094800000,92.64,93.06,92.14,92.28,104305.029,1743098399999,9656272.40489,21425,47658.791,4412747.03785
1743098400000,92.28,93.10,92.11,92.83,103526.027,1743101999999,9593997.77973,19969,54545.056,5056141.77602
1743102000000,92.83,93.19,92.47,92.56,65168.153,1743105599999,6052389.92051,17996,28851.166,2679380.68716
1743105600000,92.56,92.75,92.27,92.59,60775.903,1743109199999,5624101.92764,14308,32215.878,2981326.61395
1743109200000,92.58,93.21,92.44,92.97,64643.559,1743112799999,6005719.17208,13789,33716.834,3132379.78539
1743112800000,92.97,93.06,92.61,92.88,32568.612,1743116399999,3023048.80334,9507,17965.786,1667703.12541
1743116400000,92.88,93.17,92.55,92.73,40428.846,1743119999999,3754283.37842,9873,18103.935,1681060.52554
1743120000000,92.73,92.95,91.91,92.85,98614.750,1743123599999,9112678.50912,19050,46977.756,4343148.42889
1743123600000,92.85,93.39,92.36,92.98,65881.150,1743127199999,6123578.36675,15879,33745.776,3135935.49080
1743127200000,92.99,93.31,92.54,92.63,46306.965,1743130799999,4303688.09569,10807,19318.851,1795159.44149
1743130800000,92.62,92.65,92.02,92.39,70285.927,1743134399999,6482620.74107,14858,32687.991,3015238.68614
1743134400000,92.39,92.48,90.44,91.03,262516.070,1743137999999,23961991.78930,38457,118389.146,10802422.76963
1743138000000,91.03,91.04,89.51,89.69,185699.652,1743141599999,16755225.10705,32432,89396.457,8068306.79987
1743141600000,89.69,90.29,88.56,88.72,194329.931,1743145199999,17365972.33388,30942,83083.048,7429743.70230
1743145200000,88.72,89.06,88.10,88.30,181499.230,1743148799999,16090484.43754,32117,99893.965,8858823.87728
1743148800000,88.30,88.86,88.14,88.72,139519.134,1743152399999,12355163.44011,23676,69171.141,6126417.92434
1743152400000,88.73,89.03,88.23,88.25,97433.323,1743155999999,8634989.82623,19311,44681.377,3960789.32581
1743156000000,88.26,88.47,87.35,87.57,154290.634,1743159599999,13571990.05194,24526,65426.146,5758446.21799
1743159600000,87.57,88.24,87.14,88.15,402456.266,1743163199999,35305745.54387,34392,196309.206,17227306.33403
1743163200000,88.14,88.42,87.16,87.48,155389.226,1743166799999,13646256.35444,28684,73825.562,6482726.40836
1743166800000,87.48,88.23,87.22,87.38,117063.375,1743170399999,10271316.19459,27931,64347.916,5645963.69023
1743170400000,87.39,87.69,86.67,87.35,158079.459,1743173999999,13781419.52839,27682,74542.493,6499576.45016
1743174000000,87.35,87.79,87.03,87.20,96816.493,1743177599999,8460059.11097,19460,39810.280,3479970.43920
1743177600000,87.20,87.79,86.22,86.36,224020.398,1743181199999,19471067.00086,28838,107928.611,9388309.10712
1743181200000,86.35,86.82,85.92,86.81,125074.874,1743184799999,10798505.08446,21048,58797.592,5078873.63038
1743184800000,86.82,86.93,86.42,86.63,54461.049,1743188399999,4721878.09785,13638,25831.620,2240251.57385
1743188400000,86.63,86.78,86.08,86.32,42793.992,1743191999999,3697737.73202,12345,18559.935,1603974.77801
1743192000000,86.33,87.08,86.20,86.20,109646.056,1743195599999,9497727.28772,21032,57979.924,5022585.00082
1743195600000,86.21,86.54,85.63,86.47,99081.354,1743199199999,8529450.39793,16453,47987.234,4131098.38668
1743199200000,86.46,87.36,86.42,87.32,55975.118,1743202799999,4861982.58022,17043,33678.834,2925466.82196
1743202800000,87.32,87.47,87.05,87.30,49805.399,1743206399999,4346572.21174,15840,24796.168,2164313.16134
1743206400000,87.30,87.98,87.14,87.54,70739.060,1743209999999,6202971.47758,16556,32898.600,2885203.34360
1743210000000,87.54,87.78,87.00,87.38,77223.868,1743213599999,6740830.59502,16405,29244.905,2552964.01479
1743213600000,87.39,87.70,86.44,86.47,66811.003,1743217199999,5822081.46734,17944,25430.596,2217808.60437
1743217200000,86.46,87.48,85.89,87.35,95893.908,1743220799999,8309751.57885,24674,46665.105,4045514.81296
1743220800000,87.34,87.58,86.95,87.54,58859.580,1743224399999,5139477.23066,15011,30140.444,2632822.74759
1743224400000,87.53,87.62,86.71,86.86,79807.883,1743227999999,6952468.54499,16147,39681.483,3455626.16246
1743228000000,86.86,86.89,85.91,86.35,105900.952,1743231599999,9141284.77567,20618,48703.379,4204150.95738
1743231600000,86.34,86.58,85.66,86.07,90494.791,1743235199999,7791892.44704,20432,46542.047,4007349.21958
1743235200000,86.07,86.88,85.94,86.84,62578.936,1743238799999,5413711.90561,17066,29278.884,2534111.08801
1743238800000,86.84,86.98,85.47,86.24,135491.514,1743242399999,11671339.48622,24646,65687.526,5662836.26929
1743242400000,86.24,86.42,85.63,85.73,98038.717,1743245999999,8433415.66175,17882,41956.367,3611439.90534
1743246000000,85.74,86.10,84.88,85.69,220788.340,1743249599999,18849376.62991,34868,104575.605,8931685.77789
1743249600000,85.70,86.47,85.57,86.14,124556.571,1743253199999,10720098.99217,22797,69827.381,6010864.73512
1743253200000,86.14,86.94,86.11,86.87,114649.320,1743256799999,9931142.42429,20306,76002.114,6583052.38015
1743256800000,86.88,86.99,85.92,86.12,102834.585,1743260399999,8875556.52420,19050,42094.361,3634332.37964
1743260400000,86.12,86.55,85.94,86.00,57981.153,1743263999999,5000393.15584,15440,20631.771,1779297.20801
1743264000000,86.00,86.30,85.24,85.39,106500.058,1743267599999,9144216.59776,23041,50814.657,4365093.74247
1743267600000,85.38,85.77,84.08,85.08,260250.920,1743271199999,22072197.28575,43849,112743.901,9565977.83241
1743271200000,85.08,85.75,84.91,85.41,97307.751,1743274799999,8307019.39457,22214,49496.860,4225593.70390
1743274800000,85.42,85.70,84.94,85.70,66455.093,1743278399999,5668907.04526,16693,30014.303,2559692.02622
1743278400000,85.70,85.72,84.43,84.56,74501.743,1743281999999,6339365.53357,19773,32466.271,2761735.88603
1743282000000,84.55,85.50,84.50,84.91,67058.429,1743285599999,5701129.37138,18590,33462.509,2846663.13073
1743285600000,84.91,85.05,84.45,84.76,46438.867,1743289199999,3938981.96599,13168,22307.832,1892475.19426
1743289200000,84.76,85.45,84.49,85.41,32268.921,1743292799999,2742340.10154,12621,17095.226,1452624.37097
1743292800000,85.42,85.63,84.61,85.36,72054.198,1743296399999,6141581.76227,18840,36138.157,3080117.57537
1743296400000,85.36,86.25,85.30,85.89,89086.807,1743299999999,7646045.54216,19002,53108.108,4557901.21051
1743300000000,85.88,86.69,85.79,86.47,66714.023,1743303599999,5761235.70990,15837,45450.351,3924457.06520
1743303600000,86.47,86.76,86.05,86.18,73218.055,1743307199999,6329466.41313,13589,32502.133,2809333.03891
1743307200000,86.17,86.68,86.16,86.46,66787.512,1743310799999,5774353.18673,12712,32806.056,2835930.29015
1743310800000,86.45,86.73,85.88,86.21,80503.131,1743314399999,6949341.82229,12928,26888.079,2322728.86589
1743314400000,86.20,86.43,85.75,86.30,52266.115,1743317999999,4496837.82437,10955,21735.437,1871116.56044
1743318000000,86.29,86.54,85.93,86.08,55875.313,1743321599999,4821180.92135,10714,28433.313,2454599.55571
1743321600000,86.09,86.43,86.06,86.40,44271.654,1743325199999,3819748.60698,9661,23559.434,2032989.59537
1743325200000,86.41,86.44,86.14,86.40,56639.505,1743328799999,4890432.02624,12067,31609.554,2729611.59909
1743328800000,86.41,86.72,85.81,86.04,146628.469,1743332399999,12662516.81540,16894,102772.503,8879441.25630
1743332400000,86.03,86.31,85.74,85.95,138431.491,1743335999999,11902159.52236,16439,82265.283,7073199.05275
1743336000000,85.94,86.20,85.69,85.98,40294.666,1743339599999,3461541.69138,11283,20560.044,1766348.42744
1743339600000,85.99,86.07,85.03,85.21,98036.260,1743343199999,8379806.02808,18608,41450.654,3543381.78215
1743343200000,85.20,85.98,84.94,85.97,108630.394,1743346799999,9283533.34921,18664,59061.062,5048747.66890
1743346800000,85.98,86.65,85.96,86.39,122733.257,1743350399999,10592006.36666,20726,76042.815,6561974.29180
1743350400000,86.39,86.76,85.53,85.81,88717.905,1743353999999,7644730.74874,19234,44521.026,3837796.55169
1743354000000,85.81,86.33,85.57,85.96,87335.443,1743357599999,7508741.27191,16732,37787.806,3249341.47941
1743357600000,85.96,86.55,85.96,86.53,54183.150,1743361199999,4675067.74661,13637,30270.986,2611779.72393
1743361200000,86.53,86.62,86.24,86.36,45391.296,1743364799999,3924007.03433,10580,20437.119,1766905.44525
1743364800000,86.36,86.53,86.10,86.24,28480.017,1743368399999,2458915.70385,8678,13273.380,1146017.53061
1743368400000,86.24,86.51,85.68,85.87,45675.445,1743371999999,3931045.50269,10387,24607.035,2117874.04769
1743372000000,85.86,86.33,84.73,86.09,154784.837,1743375599999,13219145.41058,25866,77752.813,6640554.60321
1743375600000,86.10,86.16,85.35,86.06,58471.093,1743379199999,5014813.04105,14076,32445.974,2782205.19246
1743379200000,86.06,86.23,84.39,85.02,142113.263,1743382799999,12097980.30575,24300,62357.855,5309484.76050
1743382800000,85.03,86.07,84.91,85.98,106870.031,1743386399999,9159344.98861,22666,58013.767,4972228.03496
1743386400000,85.99,86.07,85.36,85.53,60203.225,1743389999999,5159505.24826,12914,29261.257,2507639.90967
1743390000000,85.53,85.69,84.63,84.74,107936.993,1743393599999,9181006.68031,18728,59481.937,5059028.98333
1743393600000,84.74,85.35,84.46,85.22,80811.190,1743397199999,6859401.77930,18124,37729.687,3204697.16743
1743397200000,85.21,85.70,84.95,85.04,77848.984,1743400799999,6638342.63736,13767,28803.963,2457066.77293
1743400800000,85.04,85.19,84.16,84.52,124110.369,1743404399999,10500537.22261,21511,59544.838,5039535.59990
1743404400000,84.52,84.82,83.26,83.66,164144.030,1743407999999,13760633.41871,28181,85106.363,7131886.77628
1743408000000,83.65,84.33,82.74,82.89,245314.556,1743411599999,20537245.84067,27732,89606.163,7504859.67804
1743411600000,82.90,83.32,80.85,81.34,350686.083,1743415199999,28704859.58224,52310,147954.852,12114185.83617
1743415200000,81.34,82.35,80.74,82.11,204932.100,1743418799999,16700575.64148,32671,105452.919,8596225.00808
1743418800000,82.12,82.50,81.42,82.20,119086.934,1743422399999,9754876.28058,23431,50759.429,4159125.48324
1743422400000,82.20,83.62,81.61,83.02,180805.470,1743425999999,14928631.32941,28071,89077.528,7355487.60546
1743426000000,83.01,83.17,81.06,81.82,210455.501,1743429599999,17257782.39111,35464,104099.067,8534338.87757
1743429600000,81.83,83.23,81.83,82.99,247872.093,1743433199999,20464141.69566,35219,114648.376,9467331.69865
1743433200000,82.99,83.75,82.80,83.18,225744.382,1743436799999,18805910.76552,32751,125659.806,10474187.02828
1743436800000,83.18,83.53,82.89,83.17,85114.319,1743440399999,7086088.60255,19442,42148.856,3509715.01172
1743440400000,83.16,83.65,82.50,83.02,127817.274,1743443999999,10621653.55209,23147,69508.877,5776940.36558
1743444000000,83.01,83.74,82.84,83.54,105601.617,1743447599999,8798159.08522,24324,46927.465,3911440.41523
1743447600000,83.53,84.24,83.13,83.26,135581.764,1743451199999,11359416.41455,26149,62101.050,5204020.54031
1743451200000,83.27,83.91,83.24,83.32,66936.346,1743454799999,5594020.92596,16786,30076.500,2513400.65532
1743454800000,83.32,84.00,83.06,83.08,72763.756,1743458399999,6080086.41130,15767,34135.098,2852568.18748
1743458400000,83.07,83.20,82.72,83.08,67484.217,1743461999999,5596695.00847,16425,36327.801,3013062.27131
1743462000000,83.07,83.58,82.74,82.94,63715.961,1743465599999,5296355.72863,15514,31921.988,2653399.87122
1743465600000,82.95,83.43,82.82,83.29,63206.938,1743469199999,5257551.79231,17413,32993.450,2744669.68885
1743469200000,83.28,83.37,82.79,82.97,55130.495,1743472799999,4578069.75333,13865,25318.196,2103002.42433
1743472800000,82.97,83.92,82.95,83.89,75730.430,1743476399999,6324977.95182,16591,43864.879,3663694.49885
1743476400000,83.89,84.10,83.54,83.71,66866.854,1743479999999,5606871.79845,14367,36866.749,3091804.34088
1743480000000,83.71,84.10,83.54,83.99,64988.498,1743483599999,5446615.87178,12701,38066.718,3190395.60573
1743483600000,83.99,84.65,83.92,84.06,69608.215,1743487199999,5869909.81158,14515,41411.766,3491651.73732
1743487200000,84.06,84.77,83.92,84.52,69524.724,1743490799999,5865759.99048,13745,33621.931,2835467.67564
1743490800000,84.53,84.71,84.15,84.19,62629.931,1743494399999,5286944.00158,14316,29701.351,2507911.09279
1743494400000,84.20,85.56,84.16,85.45,156693.906,1743497999999,13334740.49287,28272,83572.158,7108541.76662
1743498000000,85.45,85.74,85.02,85.09,107650.692,1743501599999,9191205.27278,21633,50628.138,4323075.05339
1743501600000,85.09,85.14,84.22,84.26,128050.067,1743505199999,10844228.23951,23145,64356.872,5451477.94444
1743505200000,84.25,84.49,83.86,84.06,83821.327,1743508799999,7059064.59833,16671,41976.910,3536030.36675
1743508800000,84.07,84.76,84.04,84.37,92930.203,1743512399999,7843095.39728,15988,43672.992,3685905.17580
1743512400000,84.38,84.96,84.03,84.71,94258.374,1743515999999,7962523.90576,17734,49423.330,4174257.82726
1743516000000,84.71,84.94,83.40,84.74,198522.297,1743519599999,16702733.48805,32931,104793.957,8815684.12528
1743519600000,84.74,85.87,84.73,85.61,192792.693,1743523199999,16472526.52347,31916,99591.946,8508892.53919
1743523200000,85.61,85.86,84.79,85.27,120583.457,1743526799999,10278163.63785,23005,56651.659,4828195.16735
1743526800000,85.27,85.30,84.87,85.00,85308.211,1743530399999,7257431.78174,15753,34816.519,2961912.47715
1743530400000,85.00,85.12,84.45,84.73,92888.336,1743533999999,7869340.65857,15928,39911.497,3381353.39477
1743534000000,84.72,84.87,84.47,84.67,37863.666,1743537599999,3205885.17054,9989,15133.484,1281380.40796
1743537600000,84.67,84.72,84.00,84.60,61021.228,1743541199999,5148039.65675,14884,24973.980,2107191.40797
1743541200000,84.60,84.83,84.48,84.71,34387.066,1743544799999,2911619.22295,9450,17368.423,1470604.87197
1743544800000,84.71,85.21,84.48,84.73,58939.828,1743548399999,5006652.60682,14439,24843.163,2110117.37452
1743548400000,84.74,84.92,84.29,84.43,68094.293,1743551999999,5755715.87970,15271,34027.794,2875552.71595
1743552000000,84.44,84.45,83.52,83.56,68244.852,1743555599999,5732754.65338,15259,27471.983,2308309.90920
1743555600000,83.57,83.69,83.13,83.37,94342.113,1743559199999,7863103.57088,17514,48745.379,4062920.29447
1743559200000,83.37,83.47,82.34,82.68,141284.215,1743562799999,11689526.88508,25469,63669.431,5267387.96937
1743562800000,82.68,83.44,82.60,82.87,87115.935,1743566399999,7237979.81476,15516,46690.619,3879966.74268
1743566400000,82.88,83.16,82.43,82.60,56168.093,1743569999999,4651400.97356,12374,27463.409,2274662.01139
1743570000000,82.61,82.61,81.43,81.51,137440.969,1743573599999,11252367.60789,23285,56221.104,4603821.67738
1743573600000,81.51,81.91,81.20,81.34,133563.908,1743577199999,10894666.48286,20874,60637.158,4946724.87382
1743577200000,81.34,84.72,81.10,81.71,447433.449,1743580799999,36905595.20911,57950,229929.999,18962971.61406
1743580800000,81.70,82.47,81.45,82.23,141163.200,1743584399999,11570397.74074,22110,73864.825,6054795.81850
1743584400000,82.22,83.07,82.16,82.84,104619.504,1743587999999,8656179.33475,20078,52205.475,4319933.99333
1743588000000,82.83,83.24,82.23,82.41,90428.501,1743591599999,7480998.50974,18081,40155.130,3323022.32182
1743591600000,82.41,82.88,82.25,82.34,58940.386,1743595199999,4866437.47252,13195,27957.776,2308831.33865
1743595200000,82.35,82.97,82.07,82.96,72823.825,1743598799999,6007934.36954,18033,39821.021,3285440.23410
1743598800000,82.95,83.79,82.19,83.01,154607.988,1743602399999,12849413.00236,29041,70550.705,5862280.29584
1743602400000,83.00,83.68,82.81,83.56,123487.862,1743605999999,10280267.32645,23044,69110.345,5754007.06422
1743606000000,83.56,87.30,83.51,85.66,950569.288,1743609599999,81657653.72783,121576,475995.232,40886985.14999
1743609600000,85.67,86.24,85.55,86.02,153567.574,1743613199999,13199295.49783,33617,79523.274,6834970.30008
1743613200000,86.02,86.78,84.83,85.42,238827.342,1743616799999,20488481.55260,44768,133625.575,11470474.27419
1743616800000,85.41,86.47,85.24,86.30,109815.375,1743620399999,9426368.49657,25917,60378.886,5183149.45222
1743620400000,86.30,87.07,86.30,86.72,117347.121,1743623999999,10172038.17593,30598,61321.719,5315514.56909
1743624000000,86.72,88.53,85.03,85.95,541393.752,1743627599999,46860467.54027,106240,283227.287,24518201.02162
1743627600000,85.96,86.19,84.84,85.55,248056.812,1743631199999,21169637.29784,43842,125356.801,10699580.24186
1743631200000,85.54,85.54,81.19,81.59,396026.869,1743634799999,32816648.34211,69139,179805.252,14884984.86071
1743634800000,81.58,82.27,80.88,81.47,169703.529,1743638399999,13823870.34900,39089,78839.755,6423519.40977
1743638400000,81.47,82.83,80.92,82.70,169313.056,1743641999999,13887918.86468,40268,81879.949,6717614.52720
1743642000000,82.71,83.50,82.47,83.21,118089.169,1743645599999,9804240.80163,28465,61221.135,5083219.31360
1743645600000,83.21,83.57,82.78,83.20,71673.553,1743649199999,5964018.00527,19416,34920.204,2906259.32279
1743649200000,83.19,85.15,82.97,83.45,233345.829,1743652799999,19535102.50605,38400,143064.226,11980251.16760
1743652800000,83.44,84.36,83.35,84.16,101926.092,1743656399999,8544154.33154,20629,48360.024,4055808.47089
1743656400000,84.16,84.20,83.40,83.52,72009.406,1743659999999,6029602.52625,17138,33149.856,2775433.15044
1743660000000,83.53,83.75,83.34,83.48,87573.193,1743663599999,7315479.95817,17440,45412.646,3794590.90783
1743663600000,83.48,83.99,83.31,83.55,121764.145,1743667199999,10172215.13967,23855,47803.153,3994501.36105
1743667200000,83.55,84.10,83.43,83.98,88617.125,1743670799999,7417629.56868,20480,43944.438,3679306.30596
1743670800000,83.98,84.64,83.70,83.80,141186.645,1743674399999,11893568.57524,28148,57098.662,4810316.33750
1743674400000,83.80,83.95,81.81,81.94,233925.030,1743677999999,19386268.14163,37746,105557.177,8745564.14763
1743678000000,81.93,82.67,81.54,82.66,136698.176,1743681599999,11227804.02277,27965,69566.059,5714955.03789
1743681600000,82.65,82.80,80.07,80.44,306956.469,1743685199999,24907862.48786,48062,152591.499,12375558.92697
1743685200000,80.44,82.06,80.12,81.85,226299.351,1743688799999,18332291.68097,42832,112181.079,9085377.15744
1743688800000,81.85,82.00,80.49,80.66,181950.490,1743692399999,14795890.42094,35979,81718.693,6646606.35057
1743692400000,80.65,82.18,80.60,81.81,121844.273,1743695999999,9937961.60855,26851,56787.997,4631076.45051
1743696000000,81.80,82.06,81.21,81.56,75776.190,1743699599999,6183079.63536,19198,39286.212,3205311.94808
1743699600000,81.56,81.95,81.35,81.45,48285.488,1743703199999,3943238.83992,14960,24749.538,2021527.05859
1743703200000,81.44,82.57,81.15,82.12,86146.875,1743706799999,7054925.46968,21758,46150.254,3780267.66719
1743706800000,82.11,82.49,81.94,82.07,56050.113,1743710399999,4608286.72790,18953,29096.310,2392483.53235
1743710400000,82.07,82.80,81.97,82.63,48623.028,1743713999999,4000784.92525,14644,28467.543,2343061.89837
1743714000000,82.64,83.36,82.56,83.23,52076.398,1743717599999,4315758.10034,14172,31100.924,2578650.33362
1743717600000,83.22,83.30,82.73,82.90,61172.554,1743721199999,5076147.06341,17439,29510.471,2448508.78968
1743721200000,82.90,83.48,82.73,83.41,44841.745,1743724799999,3727437.28032,17256,22306.625,1854515.62502
1743724800000,83.42,83.54,82.81,82.93,57171.508,1743728399999,4753568.57643,21391,25856.817,2150144.78182
1743728400000,82.93,83.53,82.53,82.68,58983.089,1743731999999,4898932.83146,21333,28173.842,2339519.49359
1743732000000,82.69,83.66,82.69,83.26,71061.344,1743735599999,5918888.65189,19620,37754.995,3145153.42187
1743735600000,83.26,83.33,82.78,83.22,49085.495,1743739199999,4078351.80418,13484,26649.811,2214375.61073
1743739200000,83.23,83.36,82.95,83.20,36189.021,1743742799999,3010645.91063,12127,17183.515,1429428.01963
1743742800000,83.21,83.89,83.01,83.85,70818.064,1743746399999,5919595.62976,16738,38479.975,3217668.20020
1743746400000,83.85,84.00,83.57,83.58,54444.323,1743749999999,4561084.35791,13229,25285.124,2118714.80847
1743750000000,83.59,84.78,83.59,84.72,103768.024,1743753599999,8750024.81232,22327,52037.087,4387391.29634
1743753600000,84.73,84.97,84.53,84.72,101828.258,1743757199999,8633818.12396,21132,49349.504,4184364.08548
1743757200000,84.73,84.90,84.49,84.81,59688.086,1743760799999,5056148.99846,14952,31558.897,2673932.59901
1743760800000,84.82,85.07,82.50,82.75,385545.597,1743764399999,32270708.41960,51979,189279.275,15843348.77301
1743764400000,82.76,82.98,81.55,82.47,182336.651,1743767999999,14986220.97808,38447,99177.293,8153468.41407
1743768000000,82.46,83.12,81.89,83.09,199965.816,1743771599999,16490219.31691,41152,99252.648,8187443.04535
1743771600000,83.10,83.80,82.22,83.58,172841.301,1743775199999,14344690.09861,39326,88175.155,7318164.38541
1743775200000,83.58,83.82,82.44,83.09,134081.443,1743778799999,11157430.56509,33531,66440.155,5528221.37400
1743778800000,83.09,84.83,83.04,84.39,276811.835,1743782399999,23261202.65867,49291,139524.242,11723315.42250
1743782400000,84.40,84.84,83.46,83.70,162673.307,1743785999999,13666377.60616,36529,84036.174,7061098.42965
1743786000000,83.71,84.93,83.19,84.68,157798.481,1743789599999,13265265.06299,33348,78889.155,6631915.18710
1743789600000,84.69,84.72,84.12,84.16,76144.084,1743793199999,6426800.59795,18405,43095.233,3638082.24001
1743793200000,84.16,84.53,84.00,84.32,41287.941,1743796799999,3481316.58997,16057,20825.967,1755864.18639
1743796800000,84.31,84.59,83.91,84.45,50798.804,1743800399999,4281049.66182,14654,27427.328,2311582.04368
1743800400000,84.46,84.92,84.21,84.51,36194.842,1743803999999,3060161.71647,11605,18622.550,1574735.98935
1743804000000,84.52,84.87,84.21,84.26,56490.560,1743807599999,4774968.42474,11420,20563.314,1737957.78842
1743807600000,84.26,84.45,83.97,84.36,53879.976,1743811199999,4533029.37424,11128,25981.479,2185959.11449
1743811200000,84.35,84.75,84.19,84.61,43355.011,1743814799999,3660035.61606,11643,21203.963,1790223.60099
1743814800000,84.62,84.91,84.53,84.65,44701.448,1743818399999,3786317.58441,9962,21386.526,1811865.14452
1743818400000,84.66,84.95,84.43,84.72,39024.185,1743821999999,3304699.56134,11828,16812.740,1423956.42006
1743822000000,84.72,84.78,84.37,84.50,28313.091,1743825599999,2394363.31068,9398,12351.119,1044428.08502
1743825600000,84.50,84.80,84.25,84.31,26686.005,1743829199999,2255208.14589,9403,11437.055,966923.66567
1743829200000,84.31,84.53,84.11,84.12,25209.126,1743832799999,2125584.00616,9858,12322.238,1039234.00767
1743832800000,84.12,84.17,83.55,83.80,57563.708,1743836399999,4827496.92141,15110,26787.206,2246809.16527
1743836400000,83.81,84.20,83.69,83.97,34805.135,1743839999999,2922795.95698,11887,16429.085,1379410.59628
1743840000000,83.97,84.01,83.70,83.81,27523.755,1743843599999,2307780.70605,12763,13317.248,1116701.48315
1743843600000,83.81,84.02,83.75,83.88,33143.592,1743847199999,2780646.17866,12377,17024.386,1428390.41443
1743847200000,83.88,84.00,83.66,83.68,29997.890,1743850799999,2515139.44633,11649,14699.408,1232514.63685
1743850800000,83.68,83.71,83.30,83.51,46276.677,1743854399999,3865917.66734,13462,22688.671,1895666.60960
1743854400000,83.51,83.51,82.66,83.01,109758.744,1743857999999,9117895.11105,19419,43686.375,3629188.08350
1743858000000,83.02,83.07,82.04,82.24,115262.559,1743861599999,9499320.35371,20240,57233.459,4714381.53016
1743861600000,82.24,82.78,82.21,82.63,78439.568,1743865199999,6474668.29777,19158,43532.615,3593284.98981
1743865200000,82.63,82.63,82.00,82.15,52285.211,1743868799999,4303492.63867,15206,20283.724,1669259.38195
1743868800000,82.16,82.34,81.80,82.03,63410.035,1743872399999,5207888.20570,14538,30858.184,2535120.12881
1743872400000,82.04,82.28,81.82,82.10,44969.966,1743875999999,3689982.34478,11574,25993.120,2132684.35484
1743876000000,82.10,82.47,82.05,82.39,33750.810,1743879599999,2777157.61733,10977,16853.896,1386863.42503
1743879600000,82.39,82.49,81.77,81.88,36857.295,1743883199999,3026200.99041,9673,18054.224,1482364.08105
1743883200000,81.88,82.19,81.57,82.09,68901.989,1743886799999,5643440.39531,13814,33035.495,2706728.50437
1743886800000,82.10,82.15,81.72,82.00,34443.653,1743890399999,2822658.87729,11837,19428.397,1592252.61035
1743890400000,81.99,82.27,81.96,82.16,28758.191,1743893999999,2361971.53040,12307,16184.024,1329222.58683
1743894000000,82.16,82.80,82.07,82.63,61301.184,1743897599999,5057146.68808,16694,33362.971,2751878.39490
1743897600000,82.63,82.77,82.27,82.65,54836.952,1743901199999,4526616.42201,15013,32423.070,2676815.28325
1743901200000,82.66,83.08,82.52,82.58,55988.412,1743904799999,4634315.34192,14650,25858.117,2140898.37646
1743904800000,82.58,82.67,82.12,82.12,45137.355,1743908399999,3718887.12756,13845,20139.808,1659510.29722
1743908400000,82.12,82.36,81.91,82.30,45700.835,1743911999999,3752291.49703,12336,22974.507,1886917.92071
1743912000000,82.29,82.32,81.96,82.25,36486.580,1743915599999,2997925.49815,11177,19794.512,1626385.37002
1743915600000,82.26,82.48,82.11,82.38,32851.142,1743919199999,2703345.23313,9464,17586.223,1447128.19673
1743919200000,82.39,82.40,81.63,81.64,48465.286,1743922799999,3975803.09755,12577,19468.934,1598323.27601
1743922800000,81.64,81.92,81.50,81.71,68704.651,1743926399999,5613473.00130,14204,41236.878,3369556.65717
1743926400000,81.71,81.84,81.15,81.81,77992.898,1743929999999,6354720.18981,17351,36744.615,2994565.28240
1743930000000,81.81,81.81,81.42,81.50,37264.499,1743933599999,3041703.95232,11414,15539.900,1268618.54745
1743933600000,81.49,81.51,80.97,81.18,80414.541,1743937199999,6526654.23354,17963,37686.931,3059069.80793
1743937200000,81.19,81.27,80.90,81.15,71399.559,1743940799999,5788500.97995,16284,36956.901,2996391.74528
1743940800000,81.14,81.39,80.42,80.51,121158.050,1743944399999,9798673.44930,21966,51818.763,4193152.23378
1743944400000,80.50,80.57,78.20,78.45,551958.921,1743947999999,43845079.10972,66113,234210.919,18591362.95118
1743948000000,78.45,79.49,78.05,79.41,267921.309,1743951599999,21098910.93195,36922,144468.108,11377967.20677
1743951600000,79.42,79.52,78.61,78.84,101622.798,1743955199999,8027063.30012,19119,52740.674,4165205.95205
1743955200000,78.83,78.93,77.73,78.02,152813.916,1743958799999,11984418.97074,24380,66279.552,5200620.82546
1743958800000,78.01,78.02,75.64,76.20,502383.409,1743962399999,38559252.77096,66605,237750.725,18243916.40397
1743962400000,76.21,76.26,72.37,73.07,896753.849,1743965999999,66448478.82508,117273,403097.904,29856931.35896
1743966000000,73.07,73.58,71.63,72.83,451532.375,1743969599999,32840553.12421,61525,216931.095,15784615.54620
1743969600000,72.82,73.13,70.28,70.92,445953.504,1743973199999,31920524.36124,64089,199833.788,14304714.86601
1743973200000,70.92,71.88,70.79,71.13,170721.306,1743976799999,12198515.10115,35122,84512.515,6039621.54647
1743976800000,71.14,71.85,69.60,70.07,417608.187,1743980399999,29548074.35805,64331,192953.059,13658183.24403
1743980400000,70.07,70.60,68.38,70.56,459683.071,1743983999999,31976278.20728,68312,224719.770,15637590.90994
1743984000000,70.56,70.73,68.82,69.88,259787.509,1743987599999,18123656.34377,44396,128580.491,8969088.24930
1743987600000,69.88,71.71,69.86,70.95,274388.038,1743991199999,19441463.53176,40339,139595.770,9894350.22063
1743991200000,70.94,71.07,69.80,70.01,130620.916,1743994799999,9191756.06192,27675,61879.236,4355715.35862
1743994800000,70.01,70.24,67.22,68.01,431917.512,1743998399999,29569515.59522,61201,216528.331,14830885.71164
1743998400000,68.00,68.71,67.40,67.92,321684.696,1744001999999,21901850.25358,54424,171951.890,11707589.45013
1744002000000,67.93,68.38,67.06,67.30,299321.796,1744005599999,20262028.29845,50277,149068.181,10092809.77405
1744005600000,67.29,67.87,63.02,63.75,1184420.330,1744009199999,76911316.10526,140163,559139.708,36329989.29802
1744009200000,63.75,65.62,63.50,64.46,562061.280,1744012799999,36331896.21429,71821,285195.942,18440041.47030
1744012800000,64.45,66.94,63.75,66.16,650768.315,1744016399999,42655380.39315,77009,360264.139,23623204.92299
1744016400000,66.15,66.68,65.29,65.44,329859.618,1744019999999,21731836.51517,46876,161841.449,10668978.36791
1744020000000,65.43,67.32,65.29,66.81,354901.483,1744023599999,23670469.52929,52109,182421.208,12164734.33381
1744023600000,66.82,68.21,66.66,67.02,296217.834,1744027199999,19970141.61049,46322,138523.172,9340862.50346
1744027200000,67.02,68.74,66.69,68.50,358708.070,1744030799999,24361039.51159,55257,177335.402,12047928.95445
1744030800000,68.50,70.50,66.66,70.22,701777.483,1744034399999,48239559.54268,93060,349671.141,24029211.31923
1744034400000,70.22,72.99,69.65,70.72,1269166.439,1744037999999,90054777.63452,178229,616444.796,43745746.13689
1744038000000,70.72,71.18,69.52,70.03,393943.475,1744041599999,27673306.81480,62178,194809.134,13684325.46952
1744041600000,70.02,70.14,69.12,69.45,235552.711,1744045199999,16410542.35509,37960,117203.214,8167728.03548
1744045200000,69.45,71.56,69.45,71.21,259484.676,1744048799999,18338368.93985,45012,129073.084,9118236.05963
1744048800000,71.22,71.32,70.37,70.37,131595.308,1744052399999,9328250.57381,27902,67217.887,4764758.51226
1744052400000,70.38,71.34,70.32,70.69,163217.799,1744055999999,11569096.99263,32402,95261.889,6752725.87578
1744056000000,70.69,72.00,70.67,71.57,87555.486,1744059599999,6255404.03647,21331,40433.125,2888483.71052
1744059600000,71.57,72.30,71.39,71.77,97517.754,1744063199999,7009401.88378,22863,49155.821,3532708.88681
1744063200000,71.77,72.28,71.66,71.79,77588.219,1744066799999,5586622.84786,17885,39577.867,2849613.82690
1744066800000,71.78,71.89,70.79,70.95,105000.773,1744070399999,7479040.41353,19673,47497.695,3382211.17897
1744070400000,70.95,71.24,70.28,70.40,108675.819,1744073999999,7686486.92656,21665,50261.708,3556331.65098
1744074000000,70.40,72.28,70.09,72.18,152221.207,1744077599999,10874661.84774,28978,77583.875,5542677.75037
1744077600000,72.19,72.85,71.92,72.24,132074.091,1744081199999,9555112.74404,24562,59143.089,4280174.11762
1744081200000,72.24,72.52,71.77,71.95,87259.702,1744084799999,6296624.97332,16720,34304.784,2474648.19646
1744084800000,71.94,72.84,71.68,72.80,113138.938,1744088399999,8189706.54873,23158,64158.568,4646193.15222
1744088400000,72.79,72.87,71.86,72.20,109227.602,1744091999999,7893057.03292,20098,55997.494,4046765.02750
1744092000000,72.18,72.18,71.13,71.20,117772.692,1744095599999,8427891.83155,22219,54487.137,3899146.99241
1744095600000,71.19,71.59,70.82,71.41,99443.039,1744099199999,7081720.62793,17455,51838.391,3693127.20164
1744099200000,71.42,71.83,70.88,71.72,124250.431,1744102799999,8861972.87173,21043,62204.626,4436471.39396
1744102800000,71.71,71.96,71.26,71.64,79248.469,1744106399999,5678343.15886,16853,33193.601,2379070.13531
1744106400000,71.63,72.35,71.52,71.96,112105.112,1744109999999,8066344.84518,21388,49387.438,3552343.00552
1744110000000,71.97,73.32,71.83,73.17,174446.003,1744113599999,12665612.01348,30499,92015.503,6683718.94532
1744113600000,73.17,73.34,72.41,72.98,203558.702,1744117199999,14837005.19115,29737,100642.019,7336921.10320
1744117200000,72.97,73.48,72.41,72.99,207412.555,1744120799999,15140438.18461,35707,108381.966,7913708.55979
1744120800000,72.98,73.47,71.20,71.23,227923.920,1744124399999,16488659.35893,38744,116418.387,8422568.14441
1744124400000,71.23,71.79,71.01,71.49,153661.221,1744127999999,10974428.95717,29338,82699.533,5907683.84666
1744128000000,71.48,71.55,69.40,69.73,285736.214,1744131599999,20094340.10592,39586,133954.204,9411549.38776
1744131600000,69.74,69.78,68.18,69.29,362596.894,1744135199999,25004515.82971,56605,181538.273,12519796.06277
1744135200000,69.30,69.99,68.92,69.50,187721.267,1744138799999,13035027.64628,32342,101169.830,7025842.59247
1744138800000,69.50,69.75,68.36,68.83,140305.102,1744142399999,9672032.61835,26770,67671.023,4665883.48071
1744142400000,68.82,69.75,68.47,69.75,108368.508,1744145999999,7498482.32660,19151,61488.478,4255255.35435
1744146000000,69.76,69.82,69.08,69.80,75415.508,1744149599999,5242763.38829,14114,31022.428,2156995.15072
1744149600000,69.80,69.82,68.60,69.20,130574.975,1744153199999,9018218.31648,24557,56844.881,3926118.11642
1744153200000,69.19,69.32,68.56,69.12,67764.834,1744156799999,4675698.98248,17745,31258.650,2157222.94661
1744156800000,69.11,69.71,68.55,68.98,140723.960,1744160399999,9727730.12784,29220,70624.511,4883659.80986
1744160400000,68.98,69.37,66.45,69.14,421471.211,1744163999999,28530382.83479,69973,204807.174,13861249.24464
1744164000000,69.15,70.04,68.65,68.75,182704.726,1744167599999,12676052.67746,33921,88956.472,6175147.68462
1744167600000,68.75,69.07,68.19,68.26,126539.695,1744171199999,8682183.27492,25608,59289.882,4069559.05959
1744171200000,68.24,70.04,68.14,69.52,198268.009,1744174799999,13731063.35360,38605,100160.227,6935366.89403
1744174800000,69.53,70.65,69.50,69.70,291497.452,1744178399999,20441605.75006,34945,143818.138,10093654.64682
1744178400000,69.70,70.49,69.60,69.90,387161.217,1744181999999,27122975.88956,38003,189389.917,13270784.06110
1744182000000,69.90,70.89,69.88,70.52,325266.254,1744185599999,22923858.35629,38631,150206.929,10584529.67364
1744185600000,70.52,70.93,70.27,70.81,157884.003,1744189199999,11131032.77926,23214,78561.184,5538726.77101
1744189200000,70.82,71.48,70.64,71.02,187767.084,1744192799999,13327299.05751,28106,96999.872,6887150.11146
1744192800000,71.02,71.47,70.73,71.18,109068.782,1744196399999,7751087.64415,20743,55115.412,3918648.76077
1744196400000,71.18,71.26,69.44,69.91,314769.404,1744199999999,22100627.95222,48308,158865.941,11154758.50840
1744200000000,69.92,70.78,69.61,70.44,131705.030,1744203599999,9245600.12178,27229,64358.804,4518802.40949
1744203600000,70.44,71.98,70.38,71.55,186902.525,1744207199999,13301616.15607,37137,91710.379,6527412.51150
1744207200000,71.55,72.09,71.03,71.08,149274.529,1744210799999,10692396.38443,31569,71085.292,5093079.02255
1744210800000,71.07,71.81,71.00,71.40,118624.681,1744214399999,8481741.53044,22052,63004.854,4506359.65815
1744214400000,71.40,72.36,71.26,72.25,102594.124,1744217999999,7381376.30485,22814,54500.907,3921331.13947
1744218000000,72.25,77.44,71.52,77.20,942442.639,1744221599999,70496671.65778,148634,462348.783,34572708.60658
1744221600000,77.19,78.91,76.43,76.99,501599.532,1744225199999,38892755.50671,78104,249123.737,19335421.57859
1744225200000,76.99,78.11,76.85,77.29,134567.066,1744228799999,10434600.48666,28643,70666.230,5479653.37828
1744228800000,77.30,77.76,77.05,77.64,107254.751,1744232399999,8291664.56868,20494,60580.532,4683936.71579
1744232400000,77.64,78.00,76.78,77.18,142668.746,1744235999999,11039774.80027,27218,65871.424,5096874.26402
1744236000000,77.17,77.38,76.50,76.69,100516.270,1744239599999,7727373.29425,17524,53169.738,4088034.96970
1744239600000,76.69,76.78,75.86,76.01,89174.938,1744243199999,6792740.51285,18415,43843.235,3340303.42336
1744243200000,76.00,76.10,74.68,75.48,158565.561,1744246799999,11942738.47106,33905,81774.505,6160342.62014
1744246800000,75.49,75.82,75.06,75.18,99683.486,1744250399999,7522475.32790,23166,49454.818,3732920.91592
1744250400000,75.17,75.38,74.87,74.99,73902.819,1744253999999,5550539.01939,19148,37227.994,2796417.96565
1744254000000,74.99,75.05,73.80,74.44,164259.826,1744257599999,12210696.14489,27626,75370.166,5603937.63443
1744257600000,74.44,74.69,73.67,74.15,78760.224,1744261199999,5843995.10108,17286,39877.233,2959805.21035
1744261200000,74.13,74.66,73.98,74.19,75576.220,1744264799999,5615059.29745,17619,37889.924,2815572.02580
1744264800000,74.20,74.74,74.10,74.73,94470.313,1744268399999,7030575.53170,16853,55835.877,4155998.19683
1744268400000,74.72,75.04,73.79,74.09,126362.508,1744271999999,9406635.59864,23419,60967.478,4538329.63267
1744272000000,74.09,74.46,73.76,74.45,101964.192,1744275599999,7561695.67589,17815,58940.630,4372110.64468
1744275600000,74.44,74.61,73.91,74.05,76770.067,1744279199999,5701126.48844,17759,36752.240,2730333.79898
1744279200000,74.05,74.17,73.32,73.54,133176.942,1744282799999,9816429.86992,23394,58575.742,4318511.91633
1744282800000,73.54,73.78,73.14,73.69,107555.091,1744286399999,7899583.12909,18612,49576.699,3644052.49987
1744286400000,73.68,74.65,73.20,73.56,203944.016,1744289999999,15073913.17989,38965,102487.408,7576509.61259
1744290000000,73.56,74.08,72.87,73.22,154526.047,1744293599999,11348938.16856,32442,72912.582,5355909.83190
1744293600000,73.21,74.29,72.95,73.75,121671.230,1744297199999,8969989.80877,25663,58923.538,4343715.51391
1744297200000,73.74,73.88,71.04,71.40,343012.439,1744300799999,24752058.97057,52061,154789.328,11166490.86208
1744300800000,71.39,72.12,70.96,71.64,251781.514,1744304399999,18004395.75779,42931,117876.930,8435940.84761
1744304400000,71.65,72.34,71.15,72.26,133746.634,1744307999999,9598905.30380,25149,70258.066,5044537.08307
1744308000000,72.25,72.97,72.15,72.41,106303.038,1744311599999,7713177.88023,24589,52755.768,3827920.78550
1744311600000,72.41,73.04,72.34,72.68,62763.951,1744315199999,4559091.43997,17376,30799.388,2237351.02734
1744315200000,72.67,73.52,72.64,73.34,67944.279,1744318799999,4968261.51171,15681,33074.746,2417964.81110
1744318800000,73.34,73.64,73.03,73.48,45427.654,1744322399999,3333122.78063,12049,21272.531,1560345.10284
1744322400000,73.48,73.64,73.24,73.39,35208.496,1744325999999,2587472.37169,12402,16829.679,1236956.53276
1744326000000,73.39,73.91,73.26,73.76,48336.356,1744329599999,3559058.49375,14924,22262.217,1639684.18473
1744329600000,73.77,74.26,73.66,73.76,85086.339,1744333199999,6292044.98968,21349,35403.645,2618450.33916
1744333200000,73.76,75.24,73.73,75.15,120782.191,1744336799999,9021772.40476,25838,63338.376,4731270.96336
1744336800000,75.14,75.23,74.62,74.80,68980.001,1744340399999,5169364.32999,20448,27951.757,2094688.80474
1744340400000,74.80,75.33,74.79,74.98,55665.203,1744343999999,4180401.64382,16233,23378.829,1755457.11738
1744344000000,74.97,75.29,74.78,75.26,81553.171,1744347599999,6118650.30397,16711,45583.852,3419810.22332
1744347600000,75.26,75.55,74.89,75.46,66806.275,1744351199999,5022162.87538,14267,33868.296,2546213.92533
1744351200000,75.46,76.05,75.46,75.74,83246.359,1744354799999,6310544.38136,19748,40413.446,3063525.88804
1744354800000,75.75,75.86,75.23,75.70,64047.380,1744358399999,4835850.25009,15325,27165.687,2051471.16642
1744358400000,75.71,76.18,75.41,75.63,111444.003,1744361999999,8447627.05964,21674,50808.934,3852285.63409
1744362000000,75.62,76.86,75.49,76.80,139675.248,1744365599999,10650500.30085,24953,69082.047,5264722.82854
1744365600000,76.79,77.49,76.56,77.18,174566.876,1744369199999,13457109.39091,29160,76673.130,5910594.76086
1744369200000,77.17,77.17,75.41,76.04,184922.919,1744372799999,14090548.18432,26453,62717.395,4781664.25317
1744372800000,76.04,76.46,75.70,76.05,93646.559,1744376399999,7125871.45293,19210,49793.820,3789658.52923
1744376400000,76.05,76.65,75.61,76.37,108535.979,1744379999999,8268581.46879,23071,58158.408,4431296.64065
1744380000000,76.36,76.45,75.50,76.02,111709.787,1744383599999,8496278.31955,24356,52735.358,4012331.00243
1744383600000,76.01,76.39,75.55,76.27,69963.946,1744387199999,5317193.74761,17395,37607.238,2858926.71177
1744387200000,76.27,76.68,75.90,76.32,62592.095,1744390799999,4780265.47799,15771,32139.899,2455011.28907
1744390800000,76.31,77.25,76.24,76.98,100552.532,1744394399999,7723460.27637,21218,55824.321,4288002.58623
1744394400000,76.99,77.26,76.72,76.91,75346.735,1744397999999,5797628.31556,17640,36049.457,2774561.57999
1744398000000,76.91,77.22,76.62,76.80,48233.150,1744401599999,3708983.15134,11684,21764.319,1673902.03358
1744401600000,76.79,76.87,76.39,76.81,63563.687,1744405199999,4869536.59094,12691,28751.672,2202343.55564
1744405200000,76.80,77.17,76.42,76.79,83971.804,1744408799999,6450856.31573,14602,39016.026,2998108.45412
1744408800000,76.79,76.89,76.19,76.33,83297.103,1744412399999,6370712.60794,15411,34179.015,2613766.06102
1744412400000,76.32,76.32,75.95,76.16,49116.813,1744415999999,3738367.90125,12788,23777.700,1810085.04309
1744416000000,76.15,76.28,75.92,76.14,52104.120,1744419599999,3964097.02785,14228,23040.120,1752902.03949
1744419600000,76.13,76.15,75.57,75.63,44027.222,1744423199999,3337366.73435,12538,15262.385,1156965.70316
1744423200000,75.63,75.70,75.09,75.10,69089.132,1744426799999,5208053.04057,16274,22995.264,1734035.74229
1744426800000,75.10,75.52,75.05,75.25,43518.294,1744430399999,3275453.05860,10790,21478.703,1616872.64625
1744430400000,75.25,75.92,74.88,75.78,94018.225,1744433999999,7094711.93766,19542,53435.951,4033338.30528
1744434000000,75.79,75.99,75.68,75.76,51659.658,1744437599999,3916197.36150,14528,23759.655,1801472.02886
1744437600000,75.76,76.26,75.76,75.94,72527.560,1744441199999,5516213.50246,14682,42586.627,3239364.07802
1744441200000,75.95,76.22,75.82,76.20,50132.106,1744444799999,3810958.90519,11169,25996.076,1976484.02509
1744444800000,76.20,76.82,76.15,76.30,84396.490,1744448399999,6451545.27192,18383,41748.066,3191696.19897
1744448400000,76.30,76.48,75.92,76.05,46598.680,1744451999999,3549382.93940,12861,23920.575,1822047.08955
1744452000000,76.06,76.18,75.65,75.74,49094.261,1744455599999,3726623.90686,11133,20216.894,1534948.67101
1744455600000,75.74,76.33,75.74,76.29,60739.209,1744459199999,4622902.65712,11261,34625.944,2635596.29604
1744459200000,76.29,76.66,75.96,76.53,84474.434,1744462799999,6448276.59426,14251,40051.797,3057966.43554
1744462800000,76.53,77.70,76.36,77.48,195110.314,1744466399999,15014960.08528,27978,108999.585,8389945.16433
1744466400000,77.48,79.18,77.34,78.68,245552.838,1744469999999,19242031.82259,39976,146135.615,11454233.15455
1744470000000,78.68,80.06,78.62,79.01,278073.438,1744473599999,22083759.45350,39288,131293.294,10429930.66347
1744473600000,79.00,79.42,78.27,78.63,164851.839,1744477199999,12983737.07308,24764,80381.445,6331552.01050
1744477200000,78.63,78.73,77.97,78.14,69397.988,1744480799999,5432774.41646,16408,28835.908,2257663.36756
1744480800000,78.14,79.16,78.14,79.13,82907.685,1744484399999,6528916.66114,17627,45789.318,3606731.45298
1744484400000,79.13,79.14,78.40,78.60,46181.977,1744487999999,3635227.54806,11663,19965.851,1572076.97669
1744488000000,78.60,79.36,78.51,78.90,58419.586,1744491599999,4614933.73484,15782,29748.831,2349843.73282
1744491600000,78.90,78.96,78.53,78.69,52675.982,1744495199999,4147519.27419,11998,24127.670,1899802.18883
1744495200000,78.69,79.01,78.57,78.73,34841.290,1744498799999,2744010.61117,11693,14587.590,1148913.49023
1744498800000,78.74,78.85,78.17,78.58,62758.827,1744502399999,4928123.02545,13948,32937.319,2587208.37714
1744502400000,78.57,78.93,78.24,78.69,42658.926,1744505999999,3352199.65615,14860,22985.697,1806776.63251
1744506000000,78.70,79.01,77.78,77.92,62472.706,1744509599999,4898094.54876,18632,25818.116,2025701.10752
1744509600000,77.92,78.37,77.63,78.27,67063.509,1744513199999,5225330.95600,18225,27035.525,2107798.30076
1744513200000,78.27,78.39,77.98,78.17,38099.955,1744516799999,2980009.35517,11771,19289.643,1508699.42286
1744516800000,78.17,78.17,77.37,77.53,59957.566,1744520399999,4661738.78467,16329,20954.652,1629862.10457
1744520400000,77.53,78.01,77.22,77.83,54773.768,1744523999999,4249675.10273,14325,21714.662,1685389.13418
1744524000000,77.83,78.38,77.70,78.16,38750.088,1744527599999,3025092.99998,12476,21535.306,1681390.03343
1744527600000,78.16,78.96,78.15,78.87,65320.931,1744531199999,5133321.90775,15752,42408.427,3333117.44518
1744531200000,78.86,78.96,78.29,78.52,69559.048,1744534799999,5460205.87896,19315,29919.701,2349127.57211
1744534800000,78.53,79.47,78.46,79.36,117509.471,1744538399999,9270683.92962,23309,54375.147,4292442.87149
1744538400000,79.36,79.58,78.82,79.36,101055.782,1744541999999,8008620.43423,24189,54696.610,4336950.20181
1744542000000,79.35,79.50,78.41,78.82,84805.055,1744545599999,6683538.99155,20455,35943.047,2833370.71643
1744545600000,78.82,79.21,78.41,78.94,65179.906,1744549199999,5139621.75728,17920,30975.033,2443214.52093
1744549200000,78.94,79.38,77.53,77.81,171475.077,1744552799999,13452178.80642,31839,77680.784,6092953.71376
1744552800000,77.81,78.42,77.48,78.22,136987.432,1744556399999,10670799.53055,29046,60844.640,4741875.30247
1744556400000,78.22,78.28,77.55,78.09,69290.040,1744559999999,5393506.32176,18287,33171.559,2582092.62437
1744560000000,78.09,78.83,78.00,78.76,71397.387,1744563599999,5599641.93782,19250,38940.658,3054485.23530
1744563600000,78.75,79.81,78.62,79.59,121550.973,1744567199999,9631818.65888,27442,62264.031,4933851.80471
1744567200000,79.59,79.98,79.43,79.60,82579.562,1744570799999,6580806.36019,22108,38620.662,3078695.09821
1744570800000,79.59,79.69,76.68,77.84,253332.350,1744574399999,19709067.11227,48235,110578.633,8592039.08491
1744574400000,77.84,78.89,77.33,77.67,193212.241,1744577999999,15095890.09771,38379,101513.018,7934287.51470
1744578000000,77.66,77.83,76.32,77.30,147552.011,1744581599999,11377403.54285,29373,64798.744,5001533.97819
1744581600000,77.31,77.70,76.84,77.14,59306.959,1744585199999,4577902.47134,19372,30059.527,2320771.57503
1744585200000,77.14,77.90,76.93,77.80,50359.366,1744588799999,3903188.08231,16870,24325.168,1885669.08981
1744588800000,77.80,79.07,77.66,78.26,110486.626,1744592399999,8677616.27302,28976,51308.882,4029353.23009
1744592400000,78.26,78.77,78.04,78.36,53112.695,1744595999999,4163430.35518,17662,29647.645,2324417.90675
1744596000000,78.36,80.66,78.23,79.82,169560.968,1744599599999,13508674.12136,38923,95507.757,7608683.99689
1744599600000,79.81,79.86,78.70,78.82,85151.782,1744603199999,6751201.08311,24320,35749.116,2835219.14328
1744603200000,78.81,79.56,78.63,79.36,63018.024,1744606799999,4982993.10077,18611,32706.465,2586337.20931
1744606800000,79.36,79.39,77.79,78.17,103192.711,1744610399999,8084663.91136,24578,41919.542,3283971.64548
1744610400000,78.17,78.28,77.70,77.84,71075.716,1744613999999,5543088.82546,16998,35721.303,2786583.69170
1744614000000,77.84,77.94,77.12,77.92,80645.720,1744617599999,6257396.22259,20590,37559.406,2915604.44001
1744617600000,77.90,78.24,77.62,77.71,47947.144,1744621199999,3735885.33725,16623,25374.820,1977607.82025
1744621200000,77.71,77.93,76.99,77.41,108658.600,1744624799999,8416162.55983,22741,61265.662,4746792.49451
1744624800000,77.41,78.17,77.40,78.11,87779.913,1744628399999,6830936.55877,22608,42700.862,3323173.09186
1744628400000,78.11,78.56,77.87,78.44,93099.382,1744631999999,7290782.35011,22557,43002.335,3367515.74814
1744632000000,78.44,78.85,78.24,78.51,69548.520,1744635599999,5462547.13872,19708,32595.646,2560229.62757
1744635600000,78.52,78.79,77.41,77.73,102819.268,1744639199999,8018454.07913,23365,45854.431,3576358.60268
1744639200000,77.74,79.30,77.57,78.72,124599.417,1744642799999,9788189.07201,26075,58918.477,4625685.80085
1744642800000,78.72,78.78,76.31,76.41,240635.664,1744646399999,18619274.23477,41069,102136.580,7906533.38268
1744646400000,76.41,76.70,75.63,76.16,195343.730,1744649999999,14885213.73809,36029,87804.091,6694159.66613
1744650000000,76.15,77.15,76.14,77.13,80016.286,1744653599999,6137875.13067,21251,38960.760,2988780.47044
1744653600000,77.13,77.26,76.77,77.10,60169.656,1744657199999,4637874.46965,16492,27925.738,2153014.20563
1744657200000,77.10,77.45,76.85,77.02,48298.228,1744660799999,3725295.37134,14063,20260.239,1562849.49657
1744660800000,77.03,77.22,76.68,76.96,53540.116,1744664399999,4121784.61711,13758,25198.563,1939684.84125
1744664400000,76.97,77.29,76.46,77.12,38592.685,1744667999999,2968410.38136,12587,17948.036,1380711.76104
1744668000000,77.11,77.25,76.65,77.12,32859.551,1744671599999,2529107.10624,11961,16887.409,1299815.81532
1744671600000,77.12,77.47,76.92,77.13,42010.449,1744675199999,3241348.26250,12909,21594.897,1666684.05331
1744675200000,77.14,77.65,76.69,77.37,57744.213,1744678799999,4459335.21159,17349,27875.673,2152463.53005
1744678800000,77.37,78.07,76.88,78.04,65018.798,1744682399999,5044035.34259,18353,32635.180,2531997.01445
1744682400000,78.04,78.53,77.36,77.96,88319.680,1744685999999,6880867.29386,21058,42136.681,3281838.86014
1744686000000,77.97,78.50,77.85,78.41,77063.144,1744689599999,6026677.02669,17413,43291.780,3386422.98385
1744689600000,78.41,78.56,78.17,78.46,61719.770,1744693199999,4837469.87841,14437,31336.087,2456418.72852
1744693200000,78.47,78.68,78.05,78.07,48338.543,1744696799999,3790667.84992,12770,20915.127,1640625.60176
1744696800000,78.07,78.14,77.59,77.78,65559.575,1744700399999,5103128.95547,16072,30392.503,2365674.43058
1744700400000,77.79,78.31,77.76,78.23,35205.511,1744703999999,2750490.66023,10718,16321.019,1275274.98724
1744704000000,78.22,78.33,77.85,77.87,44630.283,1744707599999,3485685.07687,9976,22353.950,1745900.52226
1744707600000,77.87,78.31,77.68,78.13,55133.038,1744711199999,4301373.54831,11956,26517.674,2068747.62766
1744711200000,78.13,78.25,77.17,77.44,75355.562,1744714799999,5850669.53245,16677,36030.141,2797173.12960
1744714800000,77.44,77.46,76.96,77.18,52714.152,1744718399999,4068679.64207,14664,22786.448,1758793.65678
1744718400000,77.17,77.56,77.05,77.50,45469.826,1744721999999,3517808.07952,13408,23042.947,1782808.30602
1744722000000,77.51,78.22,76.98,77.12,121804.388,1744725599999,9446962.91563,26255,61684.526,4784288.67467
1744725600000,77.12,77.38,75.87,76.46,177238.364,1744729199999,13563833.20850,33309,88500.846,6773295.46575
1744729200000,76.46,76.82,75.40,75.63,117417.783,1744732799999,8935814.03974,25178,52364.643,3984724.44279
1744732800000,75.63,75.88,75.23,75.56,124952.162,1744736399999,9440962.08482,24602,64628.445,4884204.27892
1744736400000,75.56,75.70,74.92,75.09,92687.629,1744739999999,6979743.13100,20074,38720.932,2918353.38728
1744740000000,75.09,75.45,74.59,75.36,88338.362,1744743599999,6626840.50739,19974,45540.029,3417412.38845
1744743600000,75.36,75.60,74.85,75.19,61982.722,1744747199999,4662174.21809,15249,29277.724,2202118.73856
1744747200000,75.19,75.77,74.95,75.42,69348.247,1744750799999,5233778.63809,18072,35831.514,2703338.56702
1744750800000,75.41,76.39,75.35,76.18,58439.709,1744754399999,4434242.28946,16178,36861.942,2798002.32832
1744754400000,76.18,76.18,75.55,75.78,53990.102,1744757999999,4094800.49348,14874,22549.924,1710009.43926
1744758000000,75.77,76.06,75.22,75.25,51081.305,1744761599999,3867355.65967,13280,18501.646,1400617.68325
1744761600000,75.24,75.54,74.65,75.04,99380.371,1744765199999,7468610.64267,24076,46043.882,3460893.22208
1744765200000,75.03,76.28,74.94,76.22,66408.573,1744768799999,5029540.62982,16783,39118.713,2961477.25022
1744768800000,76.23,76.50,75.93,76.08,52736.323,1744772399999,4019438.10841,15355,25869.349,1972109.16069
1744772400000,76.08,76.33,75.91,75.93,27057.868,1744775999999,2058554.58709,8908,11723.625,892036.93514
1744776000000,75.93,76.10,75.37,75.95,47298.748,1744779599999,3579725.78603,14230,21869.923,1655804.08849
1744779600000,75.94,76.23,75.16,75.62,73969.890,1744783199999,5598663.14877,17067,38821.660,2938593.91675
1744783200000,75.61,76.06,75.51,76.03,37422.481,1744786799999,2838842.88838,10442,16784.924,1273069.65808
1744786800000,76.04,76.15,75.45,75.54,50451.148,1744790399999,3821135.94174,11323,27629.376,2091270.12784
1744790400000,75.54,76.21,74.78,75.98,135333.849,1744793999999,10232297.83534,27245,64480.676,4878581.09962
1744794000000,75.98,76.24,75.30,75.31,64234.991,1744797599999,4870977.29352,16236,32055.682,2431801.71905
1744797600000,75.31,75.57,75.06,75.15,62451.546,1744801199999,4702364.64002,15699,30139.420,2269364.09289
1744801200000,75.16,75.29,74.50,74.99,106282.631,1744804799999,7961586.18271,21189,49670.322,3720557.91967
1744804800000,75.00,75.14,73.88,73.96,139545.279,1744808399999,10387331.16640,23125,59376.850,4421883.91198
1744808400000,73.96,74.52,73.53,73.58,157565.358,1744811999999,11657535.71731,27824,74580.136,5519828.74508
1744812000000,73.59,75.28,73.56,74.68,175423.500,1744815599999,13080113.66470,32776,92842.673,6921049.01459
1744815600000,74.67,75.76,74.37,74.93,154450.244,1744819199999,11600725.37275,30304,79241.158,5951850.97613
1744819200000,74.93,75.27,74.05,75.03,116540.499,1744822799999,8706838.38218,26139,59673.367,4459683.92091
1744822800000,75.02,76.07,73.22,73.42,258851.712,1744826399999,19364797.04583,46551,131959.812,9876473.33183
1744826400000,73.43,75.34,73.39,74.33,185268.696,1744829999999,13771702.90877,38428,94375.286,7013125.17709
1744830000000,74.32,75.66,73.70,75.27,130492.012,1744833599999,9745233.13366,27079,65366.096,4880964.89109
1744833600000,75.27,75.78,74.52,74.65,101829.054,1744837199999,7662661.21024,22892,46153.872,3473468.54101
1744837200000,74.65,75.49,74.44,75.03,49589.385,1744840799999,3716843.78275,14630,27496.218,2060418.59716
1744840800000,75.04,75.08,74.53,74.81,37415.548,1744844399999,2797437.13819,9947,20731.947,1550089.35147
1744844400000,74.82,74.84,74.06,74.28,34206.129,1744847999999,2542778.08697,10796,14891.260,1107087.27115
1744848000000,74.28,74.66,74.26,74.54,45365.420,1744851599999,3378246.81580,15656,19937.999,1484827.52715
1744851600000,74.53,75.27,74.30,74.75,59160.005,1744855199999,4428783.15713,15603,31373.388,2348502.42351
1744855200000,74.76,74.79,74.12,74.43,50820.912,1744858799999,3781272.07185,14118,23429.337,1743722.39730
1744858800000,74.44,74.61,73.86,74.17,45920.164,1744862399999,3405431.87717,12056,22324.293,1655302.74808
1744862400000,74.16,74.76,73.92,74.68,46434.453,1744865999999,3452824.89975,11363,21594.502,1605603.80362
1744866000000,74.67,75.47,74.62,75.12,83126.512,1744869599999,6243891.30091,17992,36410.857,2734907.70611
1744869600000,75.12,75.58,75.08,75.40,57395.753,1744873199999,4325290.18833,13258,32494.820,2449138.95363
1744873200000,75.41,75.70,75.20,75.43,54138.229,1744876799999,4084412.50535,13388,29117.578,2197096.59379
1744876800000,75.44,75.70,74.70,74.81,78011.784,1744880399999,5863707.04594,16485,38671.202,2905605.85059
1744880400000,74.82,74.92,74.57,74.73,66854.844,1744883999999,4997183.00634,14564,34183.353,2555362.51007
1744884000000,74.73,74.87,74.37,74.83,51170.534,1744887599999,3818249.14464,13310,21794.913,1626469.87760
1744887600000,74.83,75.34,74.78,75.15,60616.763,1744891199999,4552247.81623,13118,27370.036,2055964.19867
1744891200000,75.16,75.55,75.11,75.30,57810.325,1744894799999,4354953.10461,13581,27232.422,2051641.23462
1744894800000,75.30,75.35,74.64,74.96,67282.285,1744898399999,5043378.17251,14928,34273.904,2569311.75752
1744898400000,74.95,75.01,73.61,74.20,134987.072,1744901999999,10014902.93241,26935,67474.944,5006093.75860
1744902000000,74.20,75.23,74.19,75.08,128540.806,1744905599999,9632975.35729,22853,69001.019,5171313.33346
1744905600000,75.09,76.50,74.77,75.83,256761.488,1744909199999,19449529.23723,35791,134583.619,10193692.11681
1744909200000,75.82,76.41,75.67,76.22,106806.573,1744912799999,8122405.49157,18214,50655.305,3851802.32349
1744912800000,76.23,76.46,75.61,75.63,72666.112,1744916399999,5528820.67778,15744,32973.822,2509141.99668
1744916400000,75.63,75.73,74.66,75.07,102647.744,1744919999999,7711273.80224,20918,55208.541,4146293.16387
1744920000000,75.07,75.66,75.07,75.58,49965.201,1744923599999,3769574.31398,13454,23449.741,1769025.00179
1744923600000,75.59,75.63,75.17,75.33,21181.906,1744927199999,1597652.07686,7002,11673.031,880385.51340
1744927200000,75.33,75.50,74.58,74.65,36544.733,1744930799999,2740102.35829,11701,18697.428,1401775.79750
1744930800000,74.66,75.09,74.64,74.90,27622.511,1744934399999,2068114.77457,10144,13383.766,1002097.57922
1744934400000,74.91,74.97,74.55,74.68,34735.841,1744937999999,2597223.82430,11951,17432.772,1303679.95269
1744938000000,74.67,75.21,74.54,74.82,38389.510,1744941599999,2879079.46087,12649,18736.535,1405311.44070
1744941600000,74.83,75.36,74.63,75.17,39370.929,1744945199999,2953079.89541,11868,19405.340,1455720.29508
1744945200000,75.18,75.29,74.88,75.25,31988.393,1744948799999,2401502.85805,9552,13862.413,1040913.61495
1744948800000,75.26,75.54,75.00,75.35,38612.907,1744952399999,2908128.14636,9487,17788.234,1339705.95774
1744952400000,75.34,75.35,74.79,75.31,41914.399,1744955999999,3145789.76874,9879,19939.205,1496654.19061
1744956000000,75.31,75.40,74.91,75.13,38102.532,1744959599999,2863334.57080,9705,18496.130,1389791.25488
1744959600000,75.13,75.67,75.00,75.52,68273.738,1744963199999,5147294.45884,15546,32170.125,2424920.24084
1744963200000,75.52,75.80,75.39,75.61,56637.419,1744966799999,4281343.94741,12174,30662.665,2317767.69892
1744966800000,75.61,75.95,75.50,75.85,37051.575,1744970399999,2807871.58908,9922,18850.032,1428627.81055
1744970400000,75.84,75.97,75.50,75.56,37425.319,1744973999999,2834658.78276,9479,17105.249,1295900.87254
1744974000000,75.56,75.71,75.41,75.68,30240.147,1744977599999,2285452.04563,8756,15575.632,1177174.14232
1744977600000,75.69,75.91,75.64,75.88,30412.648,1744981199999,2305045.53114,9062,16233.178,1230428.39040
1744981200000,75.88,76.05,75.58,75.99,36107.916,1744984799999,2738463.39636,9302,18959.187,1438274.52691
1744984800000,75.99,76.08,75.61,75.75,39585.167,1744988399999,3000392.01295,10598,17735.229,1344311.65463
1744988400000,75.75,75.96,75.45,75.87,41712.728,1744991999999,3157931.31600,11320,22376.889,1694381.60876
1744992000000,75.87,76.24,75.33,76.19,160910.604,1744995599999,12211242.86518,22759,76072.500,5771964.71405
1744995600000,76.18,76.81,76.16,76.58,95612.816,1744999199999,7312233.12072,18591,52704.031,4031310.15187
1744999200000,76.57,77.04,76.48,76.96,75277.101,1745002799999,5777176.69756,14644,37285.383,2862501.87077
1745002800000,76.95,77.03,76.33,76.46,57683.841,1745006399999,4422943.45704,12291,21839.390,1674478.47215
1745006400000,76.46,76.55,76.08,76.29,50783.093,1745009999999,3875929.90756,10746,26468.987,2020429.89411
1745010000000,76.28,76.66,76.17,76.60,28138.501,1745013599999,2150710.29548,7464,16072.015,1228657.47972
1745013600000,76.60,76.61,75.93,75.95,34846.503,1745017199999,2654085.49560,8040,11151.443,849615.02535
1745017200000,75.94,76.05,75.74,75.94,46524.196,1745020799999,3530271.30060,10997,22472.653,1705370.35589
1745020800000,75.95,76.06,75.75,75.78,28664.209,1745024399999,2175641.69863,8661,12954.486,983222.79912
1745024400000,75.78,76.01,75.70,75.78,26643.372,1745027999999,2020910.52476,8299,11970.343,908192.67436
1745028000000,75.78,76.21,75.72,76.13,51686.151,1745031599999,3930214.21658,10682,23502.245,1786858.27474
1745031600000,76.14,76.56,76.08,76.54,51373.165,1745035199999,3924290.60568,11331,32360.482,2472093.60086
1745035200000,76.54,76.73,76.30,76.45,46908.311,1745038799999,3589437.53823,10350,21846.917,1672177.74718
1745038800000,76.46,76.55,76.31,76.43,30189.706,1745042399999,2307761.31149,7111,12499.185,955596.18652
1745042400000,76.43,76.49,75.98,76.05,40168.765,1745045999999,3059625.96683,9369,19158.137,1459085.00226
1745046000000,76.05,76.34,76.04,76.21,33723.805,1745049599999,2569640.12496,7977,17616.929,1342347.08409
1745049600000,76.20,76.33,76.04,76.29,26500.985,1745053199999,2019148.58123,7781,16037.273,1222063.46086
1745053200000,76.30,76.47,76.10,76.13,34466.477,1745056799999,2629374.80342,8189,17372.382,1325247.40621
1745056800000,76.13,76.14,75.88,75.99,35354.556,1745060399999,2687114.73019,8519,14400.262,1094551.94424
1745060400000,75.98,76.05,75.86,75.96,25870.015,1745063999999,1965192.99587,7151,12192.368,926169.28990
1745064000000,75.96,76.04,75.75,75.90,42316.010,1745067599999,3212196.87278,8736,17544.038,1332051.92745
1745067600000,75.91,76.17,75.77,76.10,39621.017,1745071199999,3012046.73988,8446,20445.535,1554460.24187
1745071200000,76.10,76.22,75.90,75.96,34605.855,1745074799999,2632026.64752,7697,14986.425,1140028.79894
1745074800000,75.95,76.17,75.59,75.63,59718.059,1745078399999,4528936.83551,12861,25222.802,1913351.58948
1745078400000,75.64,75.82,74.20,74.99,233554.908,1745081999999,17504086.66487,28590,102923.866,7715558.52629
1745082000000,75.02,75.98,74.89,75.97,114761.795,1745085599999,8646117.35316,22977,58871.027,4436148.69281
1745085600000,75.97,76.20,75.78,75.80,71333.576,1745089199999,5422922.52634,15755,32184.064,2446737.32998
1745089200000,75.79,75.92,75.59,75.67,35413.890,1745092799999,2681925.47525,9104,19079.395,1444909.06447
1745092800000,75.66,76.09,75.57,75.94,35965.631,1745096399999,2728638.53125,8418,20196.803,1532027.11470
1745096400000,75.94,76.30,75.90,76.20,27271.393,1745099999999,2076214.46625,8351,12566.364,956772.02622
1745100000000,76.20,76.46,76.19,76.39,26492.231,1745103599999,2022622.05018,10081,15263.303,1165338.28857
1745103600000,76.38,76.52,76.01,76.07,29188.240,1745107199999,2226721.83375,7991,13546.495,1034029.20743
1745107200000,76.07,76.39,76.04,76.16,33374.766,1745110799999,2543181.75064,9343,16216.799,1235821.03285
1745110800000,76.16,76.39,76.12,76.38,24334.910,1745114399999,1856056.30532,7236,11686.657,891360.72388
1745114400000,76.39,76.48,76.09,76.24,39307.490,1745117999999,2997021.43932,8660,16698.616,1273095.09460
1745118000000,76.25,76.61,76.17,76.60,43054.672,1745121599999,3289058.49161,8830,23013.909,1758234.03400
1745121600000,76.59,76.80,76.39,76.59,47787.511,1745125199999,3661898.92854,9975,27501.915,2107401.84079
1745125200000,76.60,76.94,76.55,76.63,38511.799,1745128799999,2956024.67002,8625,19563.938,1502122.49604
1745128800000,76.62,76.81,76.36,76.66,54542.074,1745132399999,4178052.18002,10387,18314.978,1402891.98168
1745132400000,76.66,76.86,76.13,76.60,110393.770,1745135999999,8440187.21263,16266,48195.374,3685148.70565
1745136000000,76.60,76.69,76.18,76.30,48030.715,1745139599999,3672741.55436,10869,23737.624,1815544.13194
1745139600000,76.30,76.55,76.10,76.42,48568.298,1745143199999,3708236.70259,9585,22641.972,1728908.94401
1745143200000,76.42,76.46,75.37,75.72,96852.886,1745146799999,7356471.68387,17480,40144.193,3047934.74980
1745146800000,75.72,76.01,75.34,75.62,68462.892,1745150399999,5179343.93322,14362,33630.787,2544460.46034
1745150400000,75.61,76.12,75.56,75.77,46787.292,1745153999999,3551513.31919,11054,21193.285,1608815.74309
1745154000000,75.78,76.07,75.66,75.95,30556.572,1745157599999,2318275.99183,8010,15265.178,1158225.48506
1745157600000,75.94,76.42,75.89,76.30,53075.279,1745161199999,4044061.95369,11917,28248.779,2152154.89061
1745161200000,76.31,76.44,75.76,75.93,73071.161,1745164799999,5560787.51773,12297,37599.618,2861892.23413
1745164800000,75.94,76.65,75.89,76.64,60115.064,1745168399999,4587017.69109,12331,29753.271,2270597.12189
1745168400000,76.64,76.72,76.23,76.66,56291.980,1745171999999,4306652.49090,11476,20046.047,1533922.39006
1745172000000,76.65,76.99,76.64,76.92,89114.563,1745175599999,6847264.58880,16467,53777.875,4132095.06505
1745175600000,76.91,77.65,76.91,77.55,85724.071,1745179199999,6626069.34876,18752,46708.180,3610081.88769
1745179200000,77.55,78.48,77.37,77.56,173140.635,1745182799999,13491941.59455,31346,83351.844,6496510.98757
1745182800000,77.55,77.91,77.30,77.72,51138.686,1745186399999,3969125.19636,13604,22627.539,1756472.61623
1745186400000,77.72,77.82,77.41,77.81,44734.257,1745189999999,3471968.99494,11862,22830.131,1772060.25213
1745190000000,77.81,78.15,77.67,77.77,57813.737,1745193599999,4504809.32570,12751,28527.333,2222710.19145
1745193600000,77.76,79.26,77.65,78.74,180909.207,1745197199999,14235860.30346,36024,94157.125,7409659.58353
1745197200000,78.75,79.46,78.71,79.29,89619.591,1745200799999,7087744.13949,21141,43258.350,3420725.45209
1745200800000,79.30,79.82,79.01,79.17,102419.204,1745204399999,8134157.30293,20381,51550.156,4094822.60834
1745204400000,79.18,79.31,78.86,78.98,51920.398,1745207999999,4105025.78034,12536,22194.381,1754961.21263
1745208000000,78.97,79.10,78.53,78.81,61113.675,1745211599999,4815940.55664,14208,27113.109,2136804.79680
1745211600000,78.81,79.28,78.58,79.09,48508.085,1745215199999,3827757.83103,11263,26915.147,2124423.03032
1745215200000,79.10,79.32,78.88,78.99,49121.284,1745218799999,3887491.83079,10746,21817.289,1726986.15552
1745218800000,78.99,80.49,78.95,80.30,185593.329,1745222399999,14823522.90081,31467,95208.004,7599314.56303
1745222400000,80.30,81.18,80.29,80.96,187912.632,1745225999999,15176822.01609,27929,98775.706,7978268.04158
1745226000000,80.97,82.00,80.70,81.00,211025.104,1745229599999,17130923.22020,32547,120078.364,9753079.68554
1745229600000,81.01,81.10,80.64,81.04,67455.593,1745233199999,5454934.94047,15284,32595.705,2635932.08761
1745233200000,81.05,81.07,79.73,80.17,147157.140,1745236799999,11804687.49422,23865,72911.903,5848888.72711
1745236800000,80.16,80.52,79.90,79.92,90024.582,1745240399999,7223706.50535,15564,47436.118,3806707.96331
1745240400000,79.91,80.20,79.63,79.71,79427.265,1745243999999,6346488.45564,16822,41256.398,3297383.04736
1745244000000,79.70,80.78,79.55,80.31,128464.855,1745247599999,10319634.40143,24396,73366.273,5895889.32749
1745247600000,80.30,80.35,79.61,79.85,85135.498,1745251199999,6806765.84101,16509,48597.525,3885393.51398
1745251200000,79.85,79.96,78.20,78.39,155077.948,1745254799999,12275693.56172,26439,61737.097,4888857.43153
1745254800000,78.39,78.57,77.85,78.09,172658.971,1745258399999,13504060.94465,31613,94673.597,7405086.31268
1745258400000,78.09,78.11,77.46,77.49,75655.018,1745261999999,5885249.39635,18645,35525.954,2764375.46022
1745262000000,77.49,78.38,77.42,78.28,124479.644,1745265599999,9708547.97903,21100,75694.112,5903718.92215
1745265600000,78.27,78.28,77.71,77.93,41726.753,1745269199999,3254259.42981,10299,19372.269,1510870.88896
1745269200000,77.94,78.14,77.80,77.95,48953.160,1745272799999,3817300.82699,9973,23085.488,1800258.16250
1745272800000,77.94,77.94,77.44,77.73,54965.930,1745276399999,4268817.57958,10732,23857.822,1852695.82712
1745276400000,77.73,78.09,77.36,78.09,51493.024,1745279999999,4000335.60647,11765,26330.227,2046363.83099
1745280000000,78.08,78.43,77.29,78.42,110613.949,1745283599999,8621462.04537,21175,54394.733,4242032.16940
1745283600000,78.42,79.52,78.11,78.89,154156.748,1745287199999,12163234.10701,28936,77134.648,6085644.05063
1745287200000,78.89,79.09,78.38,78.67,73420.322,1745290799999,5779979.54339,16722,34293.575,2699719.35899
1745290800000,78.67,79.00,78.47,78.65,55852.460,1745294399999,4395730.46202,11861,26902.192,2117164.85439
1745294400000,78.64,78.95,78.53,78.55,49361.110,1745297999999,3888722.14702,10929,20926.766,1648951.51489
1745298000000,78.55,78.67,78.25,78.61,51712.918,1745301599999,4057728.71947,10809,23523.261,1845934.52653
1745301600000,78.61,78.93,78.19,78.59,63465.375,1745305199999,4984135.41244,12559,30417.736,2389499.87784
1745305200000,78.59,79.72,78.45,79.60,114872.946,1745308799999,9100446.00280,20213,60119.200,4764326.61673
1745308800000,79.59,80.08,79.34,79.80,91406.427,1745312399999,7290018.31320,19270,45175.768,3603614.94233
1745312400000,79.79,79.98,79.26,79.39,78848.997,1745315999999,6277493.15931,17036,32536.777,2591748.15866
1745316000000,79.38,79.46,78.97,79.40,62385.863,1745319599999,4943137.81888,12996,32610.433,2584141.92093
1745319600000,79.40,79.96,79.34,79.68,49796.728,1745323199999,3967433.07701,11347,26125.084,2081614.78306
1745323200000,79.67,80.00,79.54,79.79,65278.373,1745326799999,5209594.31954,14761,31537.611,2517342.15405
1745326800000,79.79,81.16,79.72,81.16,256041.255,1745330399999,20601871.98439,36820,125924.218,10131982.72009
1745330400000,81.15,81.87,80.93,81.82,198916.595,1745333999999,16181450.82932,31782,102326.349,8325610.63040
1745334000000,81.81,83.00,81.76,82.57,311623.222,1745337599999,25659939.70894,46322,163169.609,13435445.26977
1745337600000,82.56,82.83,82.18,82.51,131661.094,1745341199999,10863572.11984,22161,61481.261,5073752.89997
1745341200000,82.51,83.24,82.50,83.13,145802.210,1745344799999,12086149.78072,22729,76006.085,6300616.93475
1745344800000,83.12,83.37,82.73,83.20,102976.638,1745348399999,8546034.97462,17647,52503.750,4357738.97406
1745348400000,83.20,83.31,82.47,82.95,124666.382,1745351999999,10331585.14686,16527,45778.502,3794078.55854
1745352000000,82.95,82.98,82.59,82.91,47568.427,1745355599999,3938774.51131,10384,20974.506,1737044.55544
1745355600000,82.90,84.70,82.85,84.42,139275.679,1745359199999,11663714.72267,32394,74894.669,6272330.90076
1745359200000,84.43,84.59,83.36,83.41,109368.200,1745362799999,9178495.28044,21541,56039.349,4705905.68790
1745362800000,83.42,84.08,82.98,83.45,148133.183,1745366399999,12376962.55482,22695,58893.287,4920195.27693
1745366400000,83.45,84.25,83.22,84.05,155415.659,1745369999999,13015379.31712,24781,82510.254,6911503.26332
1745370000000,84.05,85.13,83.34,83.44,201809.228,1745373599999,17031815.04434,32868,111030.598,9375900.86817
1745373600000,83.43,84.59,83.12,84.01,110730.592,1745377199999,9303566.27907,20065,52838.340,4435894.20845
1745377200000,84.01,84.87,83.95,84.83,73740.858,1745380799999,6225955.03897,14855,41733.648,3523852.33907
1745380800000,84.83,85.21,84.26,85.15,129271.844,1745384399999,10961397.47194,19843,69570.564,5902612.64921
1745384400000,85.15,85.15,84.10,84.12,81632.551,1745387999999,6904553.79758,16509,37865.307,3203302.70538
1745388000000,84.14,84.42,83.88,84.11,75648.452,1745391599999,6367808.73925,15750,38497.025,3241178.46369
1745391600000,84.10,84.70,83.62,84.51,86384.435,1745395199999,7267383.27925,17164,47509.671,3999169.33415
1745395200000,84.52,85.13,84.26,85.04,90379.722,1745398799999,7649862.41648,18804,46894.545,3970017.47165
1745398800000,85.05,85.11,84.40,84.41,71639.095,1745402399999,6077418.10364,14675,26153.450,2219480.59930
1745402400000,84.40,84.60,83.79,84.38,101179.498,1745405999999,8523717.22635,19635,48851.788,4115683.88780
1745406000000,84.36,84.46,83.79,84.05,83477.428,1745409599999,7020991.91915,15225,44840.821,3772850.49484
1745409600000,84.04,84.66,83.91,84.44,89910.886,1745413199999,7588466.70588,16744,44757.353,3777729.96054
1745413200000,84.45,85.15,83.38,83.57,257844.492,1745416799999,21771275.58173,38727,112620.871,9514302.41162
1745416800000,83.58,84.29,83.21,83.54,133182.491,1745420399999,11151244.70218,26975,63460.724,5314475.98699
1745420400000,83.54,83.78,82.17,83.54,228618.883,1745423999999,18952949.72509,39645,116020.148,9620406.07168
1745424000000,83.53,83.91,83.06,83.78,153035.483,1745427599999,12789585.02380,23813,75741.515,6330082.91706
1745427600000,83.77,84.14,83.47,83.86,63078.263,1745431199999,5288499.44545,14299,28075.832,2354425.37466
1745431200000,83.85,84.34,83.29,83.35,95211.650,1745434799999,7991739.65281,16069,47060.279,3952121.68122
1745434800000,83.34,83.35,82.46,82.84,86698.366,1745438399999,7184181.65903,16033,42726.978,3540429.04317
1745438400000,82.84,83.25,82.82,83.04,34692.884,1745441999999,2881319.29604,10143,18930.374,1572255.96577
1745442000000,83.04,83.22,82.65,82.90,36552.558,1745445599999,3031517.00494,8843,17455.774,1447648.76669
1745445600000,82.91,83.34,82.68,83.33,39978.785,1745449199999,3316176.42098,11018,21138.913,1753837.14857
1745449200000,83.33,83.47,82.97,83.21,35875.519,1745452799999,2987438.36261,8809,19012.461,1583060.32592
1745452800000,83.20,83.65,82.64,83.46,67494.709,1745456399999,5618337.38222,15266,37285.151,3103870.73612
1745456400000,83.47,83.91,82.88,83.73,76569.239,1745459999999,6392923.18815,16073,38988.007,3256358.67897
1745460000000,83.74,84.10,82.69,82.71,83949.743,1745463599999,7004899.64328,17952,35005.615,2920615.37557
1745463600000,82.71,83.26,81.72,81.76,123754.564,1745467199999,10199803.52806,22506,57403.751,4734086.86074
1745467200000,81.76,82.55,81.62,82.48,107724.428,1745470799999,8842841.46768,21200,56439.039,4634302.29986
1745470800000,82.48,82.80,82.30,82.52,60755.309,1745474399999,5015131.11687,11715,25359.388,2093560.13942
1745474400000,82.53,82.90,82.13,82.22,53926.405,1745477999999,4451605.18712,14029,27304.129,2253724.38602
1745478000000,82.23,82.65,81.61,81.84,74403.397,1745481599999,6107383.44074,16182,33167.168,2723127.49988
1745481600000,81.83,82.14,80.73,81.22,160719.691,1745485199999,13067168.44357,27603,76518.348,6223756.01289
1745485200000,81.21,81.79,81.18,81.68,65177.635,1745488799999,5314382.11253,14081,32018.275,2610854.86672
1745488800000,81.68,81.78,81.43,81.67,52157.977,1745492399999,4257626.79657,12515,25656.165,2094336.60622
1745492400000,81.68,81.76,81.34,81.66,58027.120,1745495999999,4731065.58709,11981,26942.846,2196948.74697
1745496000000,81.67,81.71,81.26,81.56,58197.308,1745499599999,4743796.44088,12556,31247.610,2547312.96611
1745499600000,81.56,82.10,81.24,81.55,123304.925,1745503199999,10067970.49817,20793,65416.481,5341766.21651
1745503200000,81.55,83.00,81.52,82.67,164208.754,1745506799999,13517501.47586,28259,81200.766,6686237.57807
1745506800000,82.66,83.81,82.42,83.34,155166.426,1745510399999,12931778.50510,24932,77180.849,6431619.42166
1745510400000,83.34,83.84,83.13,83.36,85827.587,1745513999999,7169415.54537,16532,39085.925,3265084.87947
1745514000000,83.36,83.66,82.52,83.08,115920.124,1745517599999,9619230.47366,19952,55762.120,4628230.20133
1745517600000,83.07,83.57,83.03,83.39,57959.696,1745521199999,4827505.27667,13730,28342.243,2360720.07690
1745521200000,83.39,83.55,82.99,83.35,48279.138,1745524799999,4021434.45256,10175,22397.361,1866018.75659
1745524800000,83.35,83.66,83.26,83.39,58333.124,1745528399999,4868692.53486,10689,29511.518,2462958.70978
1745528400000,83.39,83.54,82.94,83.52,43975.830,1745531999999,3662958.97473,9387,19689.599,1640110.57403
1745532000000,83.51,84.11,83.37,83.88,45479.799,1745535599999,3812419.21949,11145,21000.017,1760711.01266
1745535600000,83.88,84.59,83.62,84.25,64038.080,1745539199999,5391092.73026,13060,35666.145,3002579.72780
1745539200000,84.25,84.56,83.97,84.25,51145.397,1745542799999,4308868.75778,12572,24774.068,2086928.94071
1745542800000,84.25,84.83,83.86,83.95,63018.402,1745546399999,5315723.51621,14565,32141.260,2711291.83540
1745546400000,83.94,84.12,82.87,83.09,65455.461,1745549999999,5459781.17062,15742,26071.565,2175132.21332
1745550000000,83.08,83.75,82.92,83.74,48733.703,1745553599999,4063397.21886,12133,26892.076,2242754.02224
1745553600000,83.74,84.14,83.48,83.94,53564.226,1745557199999,4489997.75673,12856,26266.962,2201784.06608
1745557200000,83.94,84.16,83.77,83.85,41248.974,1745560799999,3461843.27621,8992,17255.692,1448572.37319
1745560800000,83.86,84.80,83.81,84.78,67622.170,1745564399999,5712175.34037,12909,32423.101,2738129.09022
1745564400000,84.79,85.17,84.49,84.86,76058.244,1745567999999,6452009.72290,14623,39063.653,3313844.58483
1745568000000,84.87,85.09,84.42,85.01,64783.981,1745571599999,5492252.53222,14596,33912.722,2875165.11934
1745571600000,85.02,85.43,84.49,85.36,93359.254,1745575199999,7934390.07936,16392,47866.299,4069182.59220
1745575200000,85.36,85.50,84.49,84.71,126868.499,1745578799999,10782976.08648,22372,52635.910,4475229.19078
1745578800000,84.72,85.78,84.72,85.78,113946.626,1745582399999,9732556.89296,18097,66401.191,5672001.63337
1745582400000,85.78,86.68,85.57,85.67,218235.971,1745585999999,18803563.07877,32546,106462.851,9176299.68918
1745586000000,85.67,86.10,84.82,85.39,139852.232,1745589599999,11962403.93663,24117,67816.118,5800943.92442
1745589600000,85.39,86.94,85.35,86.62,192726.135,1745593199999,16626559.31286,32055,97203.918,8385157.47253
1745593200000,86.63,87.21,86.06,86.48,164485.207,1745596799999,14253346.47570,27767,78144.135,6772279.95286
1745596800000,86.48,87.14,85.46,86.79,144265.567,1745600399999,12457861.11594,23657,67536.154,5832533.24680
1745600400000,86.79,87.17,85.86,86.13,113722.149,1745603999999,9838389.21369,20301,53491.321,4627375.64201
1745604000000,86.13,87.02,86.13,86.62,51143.318,1745607599999,4432662.13861,13537,21775.117,1887168.38554
1745607600000,86.62,86.88,86.08,86.53,53051.084,1745611199999,4585901.26867,12581,25081.358,2168399.08257
1745611200000,86.52,86.63,86.19,86.58,41005.587,1745614799999,3543837.96862,10181,21017.058,1816263.19028
1745614800000,86.57,86.88,86.22,86.47,37387.796,1745618399999,3237161.31085,11184,17545.058,1519249.36415
1745618400000,86.46,87.20,86.43,86.79,42974.237,1745621999999,3733423.75010,11218,19739.973,1714596.46514
1745622000000,86.79,86.84,86.16,86.24,36381.871,1745625599999,3145132.83884,9609,17863.495,1544016.07845
1745625600000,86.24,87.06,86.24,87.01,50195.037,1745629199999,4350839.73732,12644,24407.919,2115794.54917
1745629200000,87.00,87.93,86.76,87.82,104086.034,1745632799999,9104507.85672,19683,54691.792,4783819.61076
1745632800000,87.82,87.92,87.53,87.88,81133.623,1745636399999,7120702.24131,15467,38448.669,3374591.18147
1745636400000,87.87,87.99,87.39,87.46,55942.316,1745639999999,4907117.17343,13202,25274.312,2217757.83545
1745640000000,87.46,87.64,86.75,86.89,54498.197,1745643599999,4756102.73879,11776,22023.692,1922323.34178
1745643600000,86.88,87.17,86.49,87.00,52631.561,1745647199999,4571593.86180,11287,24033.124,2087409.99391
1745647200000,87.00,87.62,86.86,87.46,49770.429,1745650799999,4342866.44333,9593,26356.804,2299692.72352
1745650800000,87.46,87.89,87.01,87.01,73772.468,1745654399999,6460324.49995,13067,32216.104,2822274.28338
1745654400000,87.02,87.81,86.68,86.79,121725.501,1745657999999,10609640.24547,19211,60494.195,5274691.60423
1745658000000,86.78,86.91,86.00,86.66,124751.567,1745661599999,10783929.75811,19721,51684.140,4470276.31653
1745661600000,86.67,87.15,86.54,86.76,48329.732,1745665199999,4201201.27740,11490,22167.974,1927636.24661
1745665200000,86.75,86.88,85.55,85.87,87914.928,1745668799999,7568818.44222,17484,42737.996,3679239.79475
1745668800000,85.87,86.19,85.64,85.70,65091.332,1745672399999,5592762.25302,14554,33916.589,2914547.06645
1745672400000,85.69,85.95,85.16,85.69,78578.972,1745675999999,6721183.84940,16613,37369.623,3196106.23176
1745676000000,85.69,86.31,85.39,86.00,77581.083,1745679599999,6665234.66379,21614,41961.019,3605213.78530
1745679600000,86.01,86.73,85.99,86.57,50072.939,1745683199999,4327638.29725,12089,26294.940,2272968.50914
1745683200000,86.57,86.74,86.09,86.72,43484.283,1745686799999,3758202.83569,11782,23081.811,1994888.30470
1745686800000,86.72,87.47,86.68,87.23,68672.574,1745690399999,5985151.45142,14606,31230.274,2721015.66574
1745690400000,87.24,87.51,86.88,87.21,66983.989,1745693999999,5842587.65314,11966,29939.219,2611480.64069
1745694000000,87.20,87.34,86.87,87.08,33436.887,1745697599999,2912061.63585,9502,15963.361,1390089.07716
1745697600000,87.09,87.38,87.03,87.12,30017.844,1745701199999,2617486.27533,9261,15013.195,1308947.71233
1745701200000,87.12,87.59,87.11,87.43,23288.356,1745704799999,2036055.75815,7884,11301.297,988099.96057
1745704800000,87.44,87.85,87.21,87.28,37886.786,1745708399999,3317377.36281,10100,18030.891,1579094.89739
1745708400000,87.29,87.35,86.75,87.00,50066.666,1745711999999,4355066.64843,10869,18203.920,1583975.63303
1745712000000,87.00,87.53,86.96,87.41,52144.755,1745715599999,4552503.23256,13478,30440.666,2657773.30615
1745715600000,87.42,87.54,85.77,85.86,108102.391,1745719199999,9358442.58808,24327,48427.494,4194114.70896
1745719200000,85.87,86.48,85.75,86.03,57242.965,1745722799999,4927670.88174,15091,27967.998,2407801.13557
1745722800000,86.02,86.29,85.73,85.92,36180.835,1745726399999,3113143.93771,9876,16023.270,1378869.03187
1745726400000,85.91,86.05,85.01,85.14,67456.156,1745729999999,5762612.46413,15075,33820.742,2889993.49676
1745730000000,85.14,85.29,84.52,84.87,89215.794,1745733599999,7572840.36405,19726,42913.833,3643300.04843
1745733600000,84.88,85.17,84.82,85.01,44415.504,1745737199999,3775074.25382,10887,20424.311,1736178.83216
1745737200000,85.02,85.56,84.69,85.41,67177.125,1745740799999,5722394.55337,11982,36610.908,3119386.25437
1745740800000,85.40,86.36,85.23,86.30,61027.985,1745744399999,5235180.87995,13352,25194.540,2162011.52300
1745744400000,86.31,86.45,86.00,86.40,60232.602,1745747999999,5193876.08682,12522,25321.993,2184000.58851
1745748000000,86.40,86.49,85.93,86.19,52098.225,1745751599999,4490917.91159,11360,24670.315,2126519.15840
1745751600000,86.18,86.50,86.16,86.26,39164.141,1745755199999,3380172.43321,11251,17531.893,1513092.47382
1745755200000,86.26,87.13,85.55,86.67,123677.309,1745758799999,10677066.03813,26501,65761.884,5678503.08621
1745758800000,86.67,86.97,85.78,86.67,80601.211,1745762399999,6963292.98847,20918,35358.836,3055973.98470
1745762400000,86.67,87.16,86.47,86.92,59001.430,1745765999999,5129225.29448,15243,32332.059,2810851.70642
1745766000000,86.92,87.09,85.79,86.20,69685.663,1745769599999,6019209.48921,16675,29975.610,2588978.55068
1745769600000,86.21,86.84,85.95,86.18,57161.320,1745773199999,4938915.57415,15276,27049.546,2336964.45875
1745773200000,86.18,86.41,85.94,86.29,31740.010,1745776799999,2735431.87431,11412,16633.904,1433826.65071
1745776800000,86.29,86.83,86.17,86.57,30746.515,1745780399999,2661262.82352,9776,16073.092,1390979.64147
1745780400000,86.56,87.05,86.47,87.03,25625.337,1745783999999,2222943.77123,7508,15779.425,1368970.67372
1745784000000,87.03,87.05,86.34,86.41,28815.979,1745787599999,2497438.17249,9336,12628.578,1094009.88384
1745787600000,86.40,86.54,86.03,86.27,23707.219,1745791199999,2046067.04022,7352,10579.292,912952.94662
1745791200000,86.26,86.27,85.36,85.91,61427.187,1745794799999,5268186.30310,14201,31409.025,2693916.29141
1745794800000,85.90,85.90,85.28,85.33,27136.021,1745798399999,2321576.57264,8557,13327.607,1140532.75859
1745798400000,85.33,85.65,84.80,85.06,97146.871,1745801999999,8276464.69536,21457,52081.858,4438106.57119
1745802000000,85.05,85.23,83.63,83.88,164106.121,1745805599999,13834294.67337,27829,69975.698,5899853.40768
1745805600000,83.89,84.94,83.75,84.79,69010.350,1745809199999,5828701.73532,15952,37088.449,3132944.07059
1745809200000,84.78,85.72,84.45,85.38,70825.452,1745812799999,6031789.23158,14909,35800.247,3048702.41984
1745812800000,85.38,86.06,85.36,85.77,60638.294,1745816399999,5197904.23242,13632,31892.839,2733931.41973
1745816400000,85.76,86.43,85.71,86.05,113275.233,1745819999999,9749663.73967,16941,59973.628,5162793.31763
1745820000000,86.05,87.12,86.05,86.91,102906.859,1745823599999,8919805.01769,19823,58436.121,5062401.86331
1745823600000,86.92,87.45,86.53,87.41,98224.425,1745827199999,8553390.60601,19232,54007.682,4703430.87883
1745827200000,87.42,88.07,87.11,87.23,126046.404,1745830799999,11042778.37078,21941,65372.537,5729267.94356
1745830800000,87.23,87.45,86.79,86.83,76598.510,1745834399999,6671469.70551,14361,44055.430,3837358.34661
1745834400000,86.84,87.44,86.21,87.06,141076.660,1745837999999,12256604.39118,24693,70678.532,6141080.27578
1745838000000,87.05,87.30,86.79,87.13,58757.300,1745841599999,5118201.53241,15111,27679.049,2411015.12975
1745841600000,87.13,87.22,86.71,86.94,56872.493,1745845199999,4947496.54857,14155,23543.814,2048514.03547
1745845200000,86.94,87.21,85.26,85.34,140929.093,1745848799999,12141052.73915,25434,64743.137,5582752.57785
1745848800000,85.34,86.54,85.12,85.34,127657.563,1745852399999,10951944.71618,26549,69115.233,5930274.18061
1745852400000,85.35,85.57,83.90,84.44,155298.551,1745855999999,13118816.04213,40914,70834.470,5982257.72112
1745856000000,84.43,84.79,83.75,84.39,103641.844,1745859599999,8737255.62578,28958,50890.926,4290226.38396
1745859600000,84.39,85.37,84.09,85.17,111865.974,1745863199999,9492038.27334,20798,64807.644,5500527.54796
1745863200000,85.17,85.26,84.60,85.14,77048.214,1745866799999,6547074.67285,14808,38686.243,3289444.70230
1745866800000,85.14,85.63,85.05,85.42,71711.091,1745870399999,6126867.73877,20603,33769.087,2884886.69047
1745870400000,85.41,85.43,84.92,85.17,36776.754,1745873999999,3132514.22710,11097,18479.627,1574129.83489
1745874000000,85.16,85.56,85.07,85.44,25968.249,1745877599999,2214817.72362,8185,12631.039,1077144.59351
1745877600000,85.44,85.65,85.24,85.50,32337.013,1745881199999,2762692.93335,9883,16072.829,1373246.14398
1745881200000,85.51,86.20,85.41,85.62,77731.736,1745884799999,6662539.75924,19580,40573.824,3477738.70226
1745884800000,85.63,86.81,85.36,86.77,84621.966,1745888399999,7290482.84800,19320,48566.805,4186266.09304
1745888400000,86.77,87.03,86.36,86.51,97773.402,1745891999999,8479401.51043,20701,46785.187,4057812.06757
1745892000000,86.51,86.57,85.74,86.04,98557.954,1745895599999,8481632.32117,20799,46601.754,4010754.41042
1745895600000,86.05,86.61,86.04,86.59,48036.240,1745899199999,4149858.11190,11502,23692.397,2046923.34827
1745899200000,86.59,86.90,85.43,85.48,92136.323,1745902799999,7928740.39465,28054,43391.778,3735005.07986
1745902800000,85.48,85.84,85.20,85.65,48733.563,1745906399999,4169130.55210,15623,24501.304,2096282.58284
1745906400000,85.65,86.73,85.63,86.49,60527.596,1745909999999,5230265.11087,16988,31216.025,2696419.65263
1745910000000,86.49,86.89,86.18,86.78,56017.591,1745913599999,4844716.41953,17258,31003.835,2681606.36188
1745913600000,86.78,86.87,86.07,86.47,73706.525,1745917199999,6366897.85052,20910,39483.068,3410327.01264
1745917200000,86.48,86.52,85.86,86.06,37936.278,1745920799999,3266672.23216,9916,18835.822,1622120.22240
1745920800000,86.07,86.17,85.17,85.38,80000.146,1745924399999,6848948.16261,19675,41057.430,3515494.75812
1745924400000,85.38,86.80,85.24,85.65,235026.399,1745927999999,20219240.52495,35734,112874.247,9709413.20579
1745928000000,85.64,85.66,85.08,85.25,82825.711,1745931599999,7074413.45341,22672,45363.463,3875018.79035
1745931600000,85.25,85.72,84.96,85.26,110282.269,1745935199999,9404570.53414,21111,49501.991,4222423.16632
1745935200000,85.26,85.87,84.99,85.61,86138.794,1745938799999,7367483.38659,18983,42659.640,3648714.62166
1745938800000,85.61,85.65,84.85,85.16,66196.161,1745942399999,5637099.25244,13000,28931.731,2464910.63701
1745942400000,85.16,86.67,85.07,86.13,199016.522,1745945999999,17118487.11000,37332,102176.429,8782979.64616
1745946000000,86.13,87.41,85.53,87.14,124735.628,1745949599999,10797535.34550,28195,62573.493,5417264.37644
1745949600000,87.15,87.21,86.59,86.77,73559.089,1745953199999,6389321.58430,16499,38652.358,3357643.31348
1745953200000,86.77,86.93,86.39,86.43,47005.516,1745956799999,4071064.30592,10275,23835.046,2064090.92950
1745956800000,86.45,86.57,85.98,86.42,42723.393,1745960399999,3687175.34025,13775,20030.173,1728877.74497
1745960400000,86.42,86.43,85.03,85.64,137894.583,1745963999999,11792137.68565,25504,62669.490,5358149.27364
1745964000000,85.63,85.63,84.66,85.32,91967.878,1745967599999,7830577.30051,20785,44866.951,3821804.17634
1745967600000,85.31,85.56,84.42,85.51,102255.067,1745971199999,8677511.07806,17379,48040.016,4077379.79136
1745971200000,85.51,86.59,85.51,86.31,148666.028,1745974799999,12805949.90509,32003,77370.214,6663599.89399
1745974800000,86.31,86.44,85.68,86.35,60756.432,1745978399999,5236414.01944,13508,29346.382,2529856.94996
1745978400000,86.34,86.44,85.84,85.91,57863.604,1745981999999,4985624.91212,11859,28161.963,2427089.04093
1745982000000,85.91,86.06,85.21,86.06,99315.509,1745985599999,8503478.11481,25486,45359.189,3884137.41535
1745985600000,86.05,86.27,85.67,86.24,36981.751,1745989199999,3178467.55286,10160,19835.892,1704793.91067
1745989200000,86.24,86.27,85.29,85.37,45258.677,1745992799999,3878321.86968,9456,17912.876,1535363.42566
1745992800000,85.37,85.75,85.02,85.07,75734.726,1745996399999,6460404.37906,16015,38916.961,3320360.66687
1745996400000,85.06,85.21,84.45,84.69,76435.596,1745999999999,6482719.02405,15532,35498.188,3010805.86473
1746000000000,84.68,85.12,84.47,84.53,60268.367,1746003599999,5108081.04809,14135,30827.396,2612591.25102
1746003600000,84.53,84.94,84.49,84.80,40149.882,1746007199999,3401759.34074,11533,21212.065,1797536.10870
1746007200000,84.81,85.03,84.62,84.92,49009.826,1746010799999,4157036.29082,11599,23709.853,2011258.45544
1746010800000,84.92,85.30,84.74,85.03,72665.691,1746014399999,6177824.25719,17841,35423.503,3012010.58812
1746014400000,85.04,85.12,83.15,83.88,206168.022,1746017999999,17349374.88559,49242,77064.024,6476892.08556
1746018000000,83.89,83.99,81.50,81.59,304346.658,1746021599999,25167818.02184,61032,136060.617,11253675.52754
1746021600000,81.60,83.49,81.36,82.89,236484.771,1746025199999,19510384.05903,47355,121011.499,9978720.06940
1746025200000,82.89,83.20,82.57,82.80,92215.599,1746028799999,7644002.14998,15259,44370.243,3678753.62866
1746028800000,82.80,83.32,82.41,83.32,88263.730,1746032399999,7304999.41170,13491,51960.389,4301595.54147
1746032400000,83.31,83.33,82.76,83.20,61121.477,1746035999999,5077538.04320,10995,28346.658,2355496.63861
1746036000000,83.19,83.72,83.06,83.56,75339.321,1746039599999,6287846.92771,18859,32880.238,2744145.35804
1746039600000,83.56,83.74,82.98,83.63,41036.655,1746043199999,3419090.91582,8914,19527.842,1627281.48032
1746043200000,83.62,84.60,83.57,84.03,75692.007,1746046799999,6372596.73182,18544,45090.241,3795733.88503
1746046800000,84.03,84.18,83.75,83.83,26252.562,1746050399999,2205456.24663,6714,11731.602,985691.37328
1746050400000,83.83,84.14,83.23,83.51,45913.171,1746053999999,3840455.72202,13740,22232.027,1860104.15675
1746054000000,83.52,83.82,83.35,83.48,40415.031,1746057599999,3379477.49195,9416,21259.230,1777580.65280
1746057600000,83.48,84.56,83.26,84.39,81218.323,1746061199999,6830653.41854,20508,45744.288,3847125.19372
1746061200000,84.39,84.78,84.38,84.74,41428.084,1746064799999,3505184.41071,16243,17697.220,1497378.81593
1746064800000,84.73,84.83,84.31,84.37,68982.183,1746068399999,5838776.14258,13287,27583.600,2334525.10873
1746068400000,84.36,84.63,84.04,84.19,31484.043,1746071999999,2655217.36349,9911,15403.316,1299241.66468
1746072000000,84.19,84.44,84.04,84.44,30301.270,1746075599999,2552357.38589,7911,16494.872,1389771.06933
1746075600000,84.43,84.86,84.28,84.70,40164.902,1746079199999,3397508.68098,8760,21469.018,1816148.79030
1746079200000,84.69,84.88,84.00,84.36,73807.925,1746082799999,6232944.77698,12405,33106.992,2795850.97482
1746082800000,84.35,85.10,84.18,84.88,96998.889,1746086399999,8222325.43748,13765,55416.093,4695657.39417
1746086400000,84.88,85.68,84.83,85.61,79661.529,1746089999999,6793209.94172,19428,37735.965,3218660.99389
1746090000000,85.60,85.74,85.43,85.52,63741.219,1746093599999,5455963.39431,13329,27991.669,2395968.00087
1746093600000,85.52,86.67,85.51,86.64,138062.152,1746097199999,11903307.02897,27235,71951.949,6202930.69975
1746097200000,86.63,87.10,86.38,86.94,101316.229,1746100799999,8788463.47541,24268,39381.711,3416698.24053
1746100800000,86.93,87.29,86.84,87.11,86445.664,1746104399999,7526357.60221,16742,45183.933,3934382.71474
1746104400000,87.10,87.12,86.09,86.16,111248.171,1746107999999,9638546.07542,22650,51805.505,4490520.00244
1746108000000,86.16,87.38,86.16,87.30,79957.553,1746111599999,6941549.08102,18184,44359.575,3851449.84280
1746111600000,87.30,88.14,87.18,87.52,200843.473,1746115199999,17616090.08654,35058,97807.427,8579135.31108
1746115200000,87.52,89.73,87.51,88.57,252715.524,1746118799999,22488173.58893,58112,126407.412,11243914.14882
1746118800000,88.56,89.04,88.16,88.57,160096.658,1746122399999,14164845.19824,40183,78596.502,6954179.06881
1746122400000,88.56,89.41,88.12,89.37,94641.369,1746125999999,8391793.08812,21745,47272.203,4194162.54794
1746126000000,89.36,89.78,88.93,89.25,128878.603,1746129599999,11523287.87147,27625,61624.295,5510784.70705
1746129600000,89.24,90.49,88.98,90.19,166024.543,1746133199999,14919656.18857,34061,88737.382,7974446.58294
1746133200000,90.18,90.96,89.89,89.94,125138.039,1746136799999,11328018.70068,23206,59787.854,5412996.79796
1746136800000,89.94,90.24,88.82,89.08,140280.185,1746140399999,12538593.87648,31736,64530.328,5765955.73558
1746140400000,89.09,89.47,88.73,88.81,77879.365,1746143999999,6937342.03375,17838,42270.388,3765884.87498
1746144000000,88.82,90.26,88.57,90.25,112619.889,1746147599999,10073603.95249,30013,60025.568,5371393.84442
1746147600000,90.25,90.40,89.19,89.34,96678.161,1746151199999,8669882.62025,27590,41078.619,3685831.04478
1746151200000,89.35,90.63,89.18,90.41,71712.903,1746154799999,6448176.13775,21161,42276.176,3802274.80571
1746154800000,90.41,90.98,89.83,89.95,103521.681,1746158399999,9354663.73522,19951,50278.731,4544959.18390
1746158400000,89.96,90.14,88.92,89.16,113242.206,1746161999999,10118473.13674,22891,46735.219,4175344.61549
1746162000000,89.16,89.41,88.46,88.59,81513.806,1746165599999,7245028.68006,18374,39394.451,3501522.77090
1746165600000,88.59,88.63,88.21,88.51,69559.370,1746169199999,6154837.48901,14838,35070.978,3103603.00469
1746169200000,88.51,88.59,87.88,87.90,96369.666,1746172799999,8492785.47797,17206,43851.863,3865943.09279
1746172800000,87.90,88.64,87.87,88.46,74186.498,1746176399999,6562119.27130,15383,47145.664,4170088.05556
1746176400000,88.45,88.79,88.31,88.41,41367.709,1746179999999,3662605.97117,11112,20980.186,1857894.17463
1746180000000,88.41,89.04,88.33,88.85,67112.065,1746183599999,5952398.83261,18701,32310.908,2865538.61400
1746183600000,88.85,89.20,88.50,88.52,68286.223,1746187199999,6072392.99239,13868,29863.142,2655797.30458
1746187200000,88.51,89.40,88.20,88.96,116537.399,1746190799999,10344658.41842,21875,58869.047,5226969.17078
1746190800000,88.96,88.99,87.99,88.11,61015.266,1746194399999,5390782.77189,21031,26255.096,2320362.97844
1746194400000,88.11,89.44,88.08,89.20,103898.314,1746197999999,9219131.54910,27426,58377.784,5179088.74235
1746198000000,89.21,89.41,88.02,88.26,89738.168,1746201599999,7951201.96777,24382,38470.071,3408558.27074
1746201600000,88.26,89.20,88.26,88.54,97391.000,1746205199999,8651181.93405,25931,47094.725,4182384.97244
1746205200000,88.53,88.54,87.96,88.12,83010.179,1746208799999,7320821.96816,21212,48116.058,4243175.53979
1746208800000,88.12,88.24,87.49,87.64,67653.175,1746212399999,5941041.75444,19223,29143.644,2559934.03337
1746212400000,87.63,87.87,87.29,87.46,52784.632,1746215999999,4620128.66817,14427,25989.623,2274723.14677
1746216000000,87.45,87.95,87.36,87.80,46815.043,1746219599999,4104255.55313,11590,27112.195,2376791.36270
1746219600000,87.79,87.92,87.28,87.59,28353.112,1746223199999,2485118.33091,8728,14929.709,1308611.58354
1746223200000,87.58,87.69,87.12,87.33,64429.881,1746226799999,5625506.09683,13588,29860.368,2607712.94213
1746226800000,87.33,87.95,87.26,87.91,31173.403,1746230399999,2732327.35699,8379,16680.156,1462147.79078
1746230400000,87.91,87.94,87.32,87.40,32779.676,1746233999999,2873166.05422,9587,15155.235,1328423.79624
1746234000000,87.41,87.65,87.28,87.41,35384.621,1746237599999,3094292.36831,8068,16281.052,1423790.50730
1746237600000,87.42,87.61,87.23,87.48,26506.532,1746241199999,2317495.21267,7512,11839.902,1035027.74501
1746241200000,87.49,87.56,87.18,87.23,35714.012,1746244799999,3120718.73008,8210,17194.200,1502459.79797
1746244800000,87.22,87.61,87.18,87.47,42427.989,1746248399999,3707660.76245,9748,25958.625,2268638.67355
1746248400000,87.47,87.60,87.25,87.28,16570.503,1746251999999,1448559.47263,6439,8169.649,714150.54478
1746252000000,87.27,87.28,86.84,86.94,46627.827,1746255599999,4056481.22033,10907,19968.736,1737360.33006
1746255600000,86.94,86.98,86.58,86.80,51396.601,1746259199999,4459835.76410,11221,22893.639,1987028.70139
1746259200000,86.79,87.18,86.60,86.93,34289.229,1746262799999,2979116.09150,9516,17972.770,1562084.72559
1746262800000,86.94,87.20,86.82,87.17,37150.151,1746266399999,3231992.44408,10448,17524.743,1524799.63938
1746266400000,87.18,87.31,86.38,86.45,71490.608,1746269999999,6210022.50118,15082,26271.453,2282641.93745
1746270000000,86.45,86.76,86.13,86.14,57544.504,1746273599999,4973305.95323,12714,27793.272,2403193.49414
1746273600000,86.15,86.71,86.14,86.58,46355.034,1746277199999,4007828.24760,10646,25856.729,2235323.23709
1746277200000,86.58,86.93,86.46,86.90,33176.017,1746280799999,2878418.54987,8492,18151.408,1574645.35752
1746280800000,86.90,87.12,86.63,87.07,34600.892,1746284399999,3005852.16797,9650,16304.970,1416814.04700
1746284400000,87.07,87.43,86.69,86.77,48894.170,1746287999999,4260150.87655,11135,25259.494,2201459.88959
1746288000000,86.78,86.81,85.89,86.19,74618.111,1746291599999,6435040.45316,19837,36229.718,3124881.37281
1746291600000,86.20,86.70,85.48,86.68,88436.659,1746295199999,7606327.57594,20027,46750.587,4021562.68877
1746295200000,86.68,87.12,86.03,86.28,52665.135,1746298799999,4561918.99707,22934,27348.571,2368694.58724
1746298800000,86.27,87.03,86.16,87.02,43051.831,1746302399999,3735103.09642,15794,22579.082,1958506.27820
1746302400000,87.02,87.16,86.57,86.88,38857.379,1746305999999,3377968.68300,10952,17622.858,1531705.09042
1746306000000,86.88,87.05,86.41,86.78,28762.993,1746309599999,2495117.48722,10011,13868.028,1203123.57899
1746309600000,86.78,87.06,86.57,86.96,37799.285,1746313199999,3282871.43820,9800,19175.749,1665447.88797
1746313200000,86.97,86.98,86.46,86.49,32186.148,1746316799999,2791697.87502,10247,13461.704,1167458.24197
1746316800000,86.49,86.50,85.78,86.07,68005.227,1746320399999,5855692.24017,15218,34179.090,2943191.38316
1746320400000,86.07,86.54,85.61,86.21,42058.076,1746323999999,3620001.95545,12125,22073.569,1900198.98074
1746324000000,86.21,86.85,86.03,86.25,42663.336,1746327599999,3687728.16765,12510,21634.478,1870205.34735
1746327600000,86.24,86.34,85.93,86.01,40976.584,1746331199999,3529642.92580,10550,22118.028,1905085.54622
1746331200000,86.01,86.32,85.72,85.98,44313.783,1746334799999,3812159.92406,11009,23039.720,1982423.36194
1746334800000,85.98,86.72,85.93,86.55,41104.762,1746338399999,3551479.25217,11258,19955.665,1724477.67530
1746338400000,86.54,86.79,86.26,86.65,44414.423,1746341999999,3842074.38609,10966,21393.234,1850822.61731
1746342000000,86.65,86.73,86.14,86.30,37353.019,1746345599999,3227516.07330,9737,15261.601,1318807.93376
1746345600000,86.30,86.31,85.64,85.80,59769.967,1746349199999,5135700.93311,14063,25733.688,2211175.04828
1746349200000,85.80,86.08,85.55,85.61,43184.804,1746352799999,3703423.86730,12631,19417.828,1665418.40985
1746352800000,85.62,85.98,85.55,85.82,33960.703,1746356399999,2912325.02902,9662,19063.396,1634842.44044
1746356400000,85.81,86.04,85.67,85.81,26970.181,1746359999999,2315995.88978,9481,15204.355,1305835.12261
1746360000000,85.82,86.19,85.77,86.05,34168.174,1746363599999,2939835.35092,8895,15445.250,1328530.27824
1746363600000,86.05,86.22,85.51,85.89,45695.906,1746367199999,3924184.93904,10413,22163.274,1904176.78575
1746367200000,85.89,86.73,85.87,86.59,57656.091,1746370799999,4983886.56359,13232,26152.575,2260753.55276
1746370800000,86.59,86.82,86.20,86.59,45719.688,1746374399999,3957201.94837,11307,23570.057,2040359.52017
1746374400000,86.59,86.74,85.94,86.15,47342.194,1746377999999,4088502.71277,13063,25462.304,2198582.57191
1746378000000,86.15,86.48,85.79,86.28,48082.058,1746381599999,4139141.03881,13166,25799.914,2221018.48442
1746381600000,86.28,86.47,86.11,86.14,34196.257,1746385199999,2950758.69342,9607,14482.604,1249639.41719
1746385200000,86.15,86.44,86.00,86.30,29793.699,1746388799999,2570244.83222,8468,15574.680,1343813.88548
1746388800000,86.31,86.71,86.14,86.70,35273.837,1746392399999,3048955.92467,9151,18423.377,1592428.46476
1746392400000,86.70,86.76,86.17,86.26,27755.580,1746395999999,2398166.09782,7382,12087.732,1044614.65298
1746396000000,86.27,86.69,85.05,85.64,316118.595,1746399599999,27141630.12289,44055,163340.559,14025660.51764
1746399600000,85.64,85.74,84.64,84.99,135818.007,1746403199999,11559358.81834,24558,59012.229,5025899.82538
1746403200000,84.98,85.83,84.79,85.78,84352.242,1746406799999,7194297.98406,16123,49481.786,4217610.50666
1746406800000,85.78,85.84,84.55,84.95,89404.667,1746410399999,7607735.27431,19913,40055.292,3410113.88348
1746410400000,84.94,86.25,84.68,85.97,89662.576,1746413999999,7666984.02478,20492,48475.912,4144187.17731
1746414000000,85.98,86.44,85.84,85.96,54991.463,1746417599999,4737296.48545,15473,27610.037,2379131.42846
1746417600000,85.97,87.25,85.91,87.21,88932.772,1746421199999,7709276.65720,18363,52022.091,4510617.88744
1746421200000,87.21,88.32,86.74,88.18,165974.442,1746424799999,14555551.10784,32123,90084.185,7899596.12378
1746424800000,88.19,88.45,87.77,87.77,77335.313,1746428399999,6812545.59654,21027,35190.345,3100599.79629
1746428400000,87.78,88.05,87.43,87.91,63077.875,1746431999999,5534399.90847,15795,27838.026,2442617.74870
1746432000000,87.91,89.46,87.81,88.44,231776.735,1746435599999,20597686.86971,34877,96417.905,8568772.33302
1746435600000,88.44,89.18,88.38,88.92,81664.723,1746439199999,7249041.03949,17833,42949.444,3811962.80329
1746439200000,88.91,89.01,87.53,87.68,130217.130,1746442799999,11478736.03620,24226,60722.864,5351088.91203
1746442800000,87.68,88.24,87.60,88.01,101656.336,1746446399999,8937499.63587,20305,58405.932,5134483.85472
1746446400000,88.01,88.72,87.28,88.11,133422.990,1746449999999,11751324.55717,23462,69091.561,6089315.91430
1746450000000,88.11,88.38,87.22,87.82,145654.420,1746453599999,12774051.06769,26114,80184.503,7033852.54840
1746453600000,87.82,88.16,86.94,86.98,133731.888,1746457199999,11693048.25747,24821,62604.699,5476527.69549
1746457200000,86.98,87.01,85.58,85.66,177327.259,1746460799999,15307116.18036,29366,87596.314,7563696.07651
1746460800000,85.67,86.65,85.43,86.35,131711.619,1746464399999,11334190.52953,28788,65548.997,5638970.09107
1746464400000,86.34,86.66,85.78,86.57,67113.112,1746467999999,5788861.43252,17089,33290.409,2871092.64623
1746468000000,86.57,87.28,86.28,87.21,113747.639,1746471599999,9887513.84573,20199,65800.067,5722415.12060
1746471600000,87.21,87.74,84.21,84.42,546019.824,1746475199999,47022239.58264,63762,240414.971,20712016.86498
1746475200000,84.42,84.42,82.12,82.45,390712.144,1746478799999,32483847.20076,61463,193122.998,16052810.95687
1746478800000,82.45,83.54,82.36,83.00,158866.757,1746482399999,13178853.40995,29925,78921.366,6546236.99412
1746482400000,83.00,83.96,82.83,83.83,129303.824,1746485999999,10799901.76986,24489,74269.557,6202016.46720
1746486000000,83.84,84.24,83.17,83.19,98806.122,1746489599999,8276024.90253,18376,48437.724,4057997.55826
1746489600000,83.19,83.53,82.56,82.83,95445.853,1746493199999,7919962.60284,21637,43531.338,3613474.80175
1746493200000,82.84,83.37,82.28,82.30,117597.103,1746496799999,9731995.01291,22038,55495.716,4593897.30767
1746496800000,82.30,82.65,81.63,82.64,155768.822,1746500399999,12787801.43784,24392,73602.463,6043806.96261
1746500400000,82.64,82.79,82.16,82.73,75312.512,1746503999999,6214962.33663,16701,34243.082,2826513.39335
1746504000000,82.73,83.14,82.44,82.94,86796.878,1746507599999,7190456.17626,16399,49270.828,4081258.26138
1746507600000,82.95,83.09,82.20,82.22,67258.523,1746511199999,5553894.42818,14458,33693.940,2782716.43514
1746511200000,82.22,82.51,82.06,82.24,73711.130,1746514799999,6067295.59264,12629,37723.913,3105296.70017
1746514800000,82.25,82.48,81.76,81.91,195198.908,1746518399999,16026820.31245,23396,107144.588,8797649.39039
1746518400000,81.92,82.07,80.95,82.02,222942.161,1746521999999,18181124.59552,34640,107129.071,8741646.76271
1746522000000,82.02,82.22,81.63,82.12,69276.351,1746525599999,5671928.96858,17681,37490.476,3070139.57525
1746525600000,82.12,82.17,81.45,81.68,84090.055,1746529199999,6878338.27329,19181,35879.453,2935331.69317
1746529200000,81.68,82.02,81.25,81.71,101607.874,1746532799999,8299990.42542,20690,43695.010,3570381.96424
1746532800000,81.70,82.10,81.44,81.92,88521.973,1746536399999,7246564.24313,19220,52498.062,4297163.66286
1746536400000,81.93,81.96,81.15,81.51,122462.337,1746539999999,9991227.17904,21366,57145.941,4664219.36205
1746540000000,81.51,82.75,81.50,82.48,163844.177,1746543599999,13482326.72607,26231,82324.216,6772001.94675
1746543600000,82.48,83.08,82.04,82.25,123366.601,1746547199999,10192349.66413,21602,60082.419,4964553.50434
1746547200000,82.25,82.75,81.82,82.05,116410.669,1746550799999,9574324.59393,22830,54295.028,4465554.34158
1746550800000,82.05,82.55,81.87,82.10,68129.279,1746554399999,5602930.68295,16732,37701.877,3100682.94691
1746554400000,82.10,84.10,82.00,84.00,144691.851,1746557999999,12045603.00486,28742,73260.530,6099474.58100
1746558000000,84.00,84.62,83.88,84.30,152437.009,1746561599999,12842436.65690,27926,64767.034,5457698.77769
1746561600000,84.30,84.48,83.55,84.41,135259.663,1746565199999,11367267.08209,24284,69266.303,5821628.53023
1746565200000,84.41,85.20,84.24,84.54,152727.408,1746568799999,12942362.42158,32579,70518.684,5976002.42537
1746568800000,84.53,87.00,84.51,86.88,279187.101,1746572399999,24006349.88842,45775,153145.632,13174544.51798
1746572400000,86.87,92.68,86.47,91.58,1270170.158,1746575999999,113997105.24066,174211,722816.334,64908236.61436
1746576000000,91.57,93.68,91.52,92.79,665977.188,1746579599999,61688726.00176,118670,337911.613,31295276.23001
1746579600000,92.79,93.19,91.40,91.96,298992.260,1746583199999,27598065.67525,65111,144609.107,13351492.30784
1746583200000,91.97,92.43,91.23,91.77,206321.351,1746586799999,18964537.58143,43811,103969.844,9555757.12408
1746586800000,91.78,92.59,91.13,92.32,192052.281,1746590399999,17660094.17553,44253,105475.264,9701959.64004
1746590400000,92.32,92.64,91.42,91.54,169327.250,1746593999999,15579773.96221,33962,75969.702,6986403.60994
1746594000000,91.54,91.72,91.01,91.45,140391.470,1746597599999,12821928.68785,28775,76475.914,6986108.12232
1746597600000,91.45,91.97,91.14,91.72,151770.766,1746601199999,13901592.91169,31388,79134.951,7250922.05484
1746601200000,91.72,92.60,91.64,92.46,212671.557,1746604799999,19588428.59244,37367,114218.755,10520747.04984
1746604800000,92.46,92.67,92.03,92.64,136091.909,1746608399999,12572527.80628,28703,66303.393,6126997.84946
1746608400000,92.65,93.30,92.28,92.36,261245.305,1746611999999,24228977.45840,38512,139010.283,12896033.33663
1746612000000,92.36,92.37,91.48,91.96,175505.452,1746615599999,16138492.90569,31131,87183.942,8017932.06581
1746615600000,91.96,91.99,91.11,91.17,149765.589,1746619199999,13685715.12868,29180,81063.114,7406346.86732
1746619200000,91.17,91.53,90.02,90.65,220442.639,1746622799999,19985406.03136,38989,101044.839,9161174.16962
1746622800000,90.64,91.28,90.06,90.44,203045.558,1746626399999,18402306.60606,40789,103563.361,9386770.58143
1746626400000,90.44,90.81,89.07,89.33,245814.536,1746629999999,22102090.86157,40868,122486.192,11021215.29242
1746630000000,89.33,89.62,88.73,88.74,161945.818,1746633599999,14443156.41252,33448,93693.452,8357983.86896
1746633600000,88.74,88.83,87.96,88.01,216249.349,1746637199999,19092920.78194,37040,111658.561,9858266.16181
1746637200000,88.02,88.04,87.16,87.85,212779.783,1746640799999,18635505.83877,36647,108210.924,9478713.78538
1746640800000,87.85,88.84,87.50,88.13,316944.352,1746644399999,27972769.53758,61002,155609.532,13738017.84989
1746644400000,88.12,88.25,87.17,87.60,133041.780,1746647999999,11663057.42203,30946,69701.416,6110048.68778
1746648000000,87.60,88.60,87.45,88.58,150520.113,1746651599999,13273390.66428,33044,80117.834,7066246.58256
1746651600000,88.58,89.21,88.35,88.44,114389.738,1746655199999,10152871.38060,26247,56479.550,5013972.60712
1746655200000,88.44,90.20,88.36,90.05,139332.834,1746658799999,12465350.75276,31974,73200.441,6550050.50936
1746658800000,90.04,90.95,89.26,89.50,221411.919,1746662399999,19955141.33684,38181,104467.268,9414929.93658
1746662400000,89.50,90.96,89.35,90.88,157896.553,1746665999999,14255499.00076,34604,82416.259,7441615.81020
1746666000000,90.88,91.36,89.86,91.01,303045.450,1746669599999,27476111.89006,54487,153491.599,13917867.34266
1746669600000,91.02,91.95,91.02,91.73,168421.695,1746673199999,15407275.68966,33479,77156.023,7057850.66392
1746673200000,91.73,92.08,91.15,91.68,141984.363,1746676799999,13002154.61342,29662,69357.904,6353856.97743
1746676800000,91.68,93.15,91.63,91.72,234634.559,1746680399999,21672510.24184,44454,120552.550,11140884.04888
1746680400000,91.72,92.06,91.54,91.59,95837.499,1746683999999,8801321.13316,19613,54955.494,5047977.36215
1746684000000,91.59,91.78,91.18,91.77,113473.064,1746687599999,10387313.93440,18663,64189.432,5876368.99123
1746687600000,91.77,93.49,91.32,92.45,376852.968,1746691199999,34897860.09232,55682,194346.740,17990339.85793
1746691200000,92.45,93.09,92.22,92.57,120532.084,1746694799999,11158971.46309,23962,61169.262,5663642.72524
1746694800000,92.56,92.58,91.77,92.39,126041.773,1746698399999,11615507.55324,23272,70402.735,6488421.09814
1746698400000,92.40,92.97,92.29,92.84,133184.361,1746701999999,12339394.40909,25075,63046.320,5840702.21975
1746702000000,92.83,92.90,91.88,92.07,124305.539,1746705599999,11468920.59958,21928,51252.655,4725880.03451
1746705600000,92.08,92.19,91.02,91.50,204871.080,1746709199999,18778403.17248,32398,101129.308,9275112.29570
1746709200000,91.49,92.29,91.45,92.10,99563.804,1746712799999,9151359.83252,22664,52564.652,4831943.68447
1746712800000,92.10,92.64,91.61,91.95,181050.905,1746716399999,16672358.05360,30852,82310.186,7582895.17400
1746716400000,91.95,94.44,91.71,93.12,459801.474,1746719999999,42873703.47243,70351,238853.250,22273836.77178
1746720000000,93.11,93.48,92.35,93.22,219442.743,1746723599999,20403033.23307,36762,106203.214,9878297.61620
1746723600000,93.22,93.35,92.06,92.26,168804.708,1746727199999,15651062.89177,27801,76851.188,7124106.96820
1746727200000,92.26,92.85,92.18,92.61,120212.884,1746730799999,11130984.70739,23051,61911.675,5732572.82780
1746730800000,92.60,93.05,92.16,92.89,120816.472,1746734399999,11187178.18636,24259,58914.288,5456887.87083
1746734400000,92.90,94.60,92.51,94.46,222403.999,1746737999999,20814169.10994,38454,126415.551,11836802.64440
1746738000000,94.45,95.45,93.36,94.24,254634.551,1746741599999,24057148.38809,50749,126481.577,11956489.15042
1746741600000,94.24,94.29,93.29,93.85,100257.426,1746745199999,9392421.66307,23574,46531.684,4359765.39814
1746745200000,93.85,94.96,93.61,94.93,100881.232,1746748799999,9517795.91245,22880,48135.688,4541836.64775
1746748800000,94.93,95.02,93.81,94.58,128435.588,1746752399999,12132811.88045,27443,61229.588,5785374.18819
1746752400000,94.57,95.51,94.29,95.42,138021.271,1746755999999,13101136.12324,28232,77392.403,7348396.83298
1746756000000,95.42,95.77,94.84,95.45,141643.486,1746759599999,13508508.36026,30642,69076.461,6589102.35791
1746759600000,95.44,96.08,94.30,94.45,222470.033,1746763199999,21205392.74445,38703,97371.394,9288252.31985
1746763200000,94.44,95.06,94.29,94.92,122850.000,1746766799999,11633853.57905,25423,65670.365,6219873.96623
1746766800000,94.92,95.59,94.66,95.15,96606.057,1746770399999,9187425.31277,20671,49750.147,4732345.61474
1746770400000,95.15,95.98,94.92,95.89,139128.034,1746773999999,13287549.34994,24866,76268.485,7286019.83615
1746774000000,95.89,98.61,95.75,98.04,386306.014,1746777599999,37601177.19339,67186,212217.271,20651885.18879
1746777600000,98.04,101.53,97.05,98.19,669219.035,1746781199999,66352895.40737,112722,324839.834,32222496.64943
1746781200000,98.19,99.70,97.30,98.19,278520.598,1746784799999,27379698.89050,63515,114335.484,11244770.92477
1746784800000,98.20,99.23,97.68,98.95,178985.682,1746788399999,17632420.08682,38457,77518.388,7635940.03592
1746788400000,98.95,99.89,97.76,98.71,244433.767,1746791999999,24148865.62067,52521,121442.319,11999907.54240
1746792000000,98.70,99.74,97.91,99.03,153054.602,1746795599999,15132222.65752,35568,66695.461,6593989.48074
1746795600000,99.03,100.40,98.84,100.00,153647.225,1746799199999,15307744.52226,33882,73099.360,7285057.19169
1746799200000,99.99,100.01,97.21,98.45,289697.294,1746802799999,28514372.61239,55435,132232.794,13014380.39474
1746802800000,98.46,99.03,97.81,98.33,149296.385,1746806399999,14685547.52216,38233,70145.042,6900741.37874
1746806400000,98.34,98.95,97.54,97.93,119739.911,1746809999999,11771172.60533,33191,58099.766,5711900.78620
1746810000000,97.93,99.68,97.75,99.65,99970.571,1746813599999,9893038.75292,26479,57253.384,5665082.82796
1746813600000,99.65,99.70,98.92,99.28,48790.006,1746817199999,4844064.88987,18318,20848.394,2069886.99521
1746817200000,99.29,99.42,98.69,99.31,47277.900,1746820799999,4681759.04834,16247,21468.511,2126294.06892
1746820800000,99.32,99.99,99.12,99.94,60109.212,1746824399999,5983952.89245,16208,29405.105,2928079.00005
1746824400000,99.94,100.14,99.56,100.13,67744.242,1746827999999,6766327.73744,16590,39417.856,3937212.64031
1746828000000,100.14,100.91,99.81,100.07,108147.112,1746831599999,10851439.74548,24713,51860.741,5202786.44684
1746831600000,100.07,100.73,99.84,100.49,69937.829,1746835199999,7014075.00429,16681,32717.805,3282711.73263
1746835200000,100.49,107.11,100.41,103.55,886645.233,1746838799999,92571834.79503,144323,448228.882,46761985.55589
1746838800000,103.56,105.03,102.60,103.16,282348.675,1746842399999,29324093.75313,58308,128151.888,13322572.80742
1746842400000,103.17,104.19,102.54,103.70,146874.950,1746845999999,15194555.68436,35957,84267.938,8717523.10577
1746846000000,103.71,104.02,102.83,103.40,101495.439,1746849599999,10491243.61350,26163,51748.809,5349316.37272
1746849600000,103.40,103.72,102.11,103.15,119785.283,1746853199999,12342780.30610,33155,52684.533,5433034.70169
1746853200000,103.15,103.23,102.10,103.13,72421.894,1746856799999,7434504.95044,23090,35657.451,3660741.33029
1746856800000,103.13,104.36,103.10,103.76,139143.658,1746860399999,14431844.09568,33676,73027.991,7576002.89693
1746860400000,103.76,104.24,103.15,103.92,78818.241,1746863999999,8173143.90468,21758,36820.452,3818093.82236
1746864000000,103.92,104.52,102.08,102.86,140574.272,1746867599999,14549620.21018,34283,57579.372,5964963.20992
1746867600000,102.87,103.77,102.20,103.32,126459.973,1746871199999,13028144.97480,29316,66115.340,6812441.66065
1746871200000,103.32,103.69,102.32,102.34,79577.295,1746874799999,8202899.62239,22929,34914.603,3599185.40527
1746874800000,102.34,102.69,100.48,100.68,229019.641,1746878399999,23235548.22419,47300,95881.899,9735237.20332
1746878400000,100.68,102.35,100.68,101.82,129873.065,1746881999999,13196869.25308,32343,73652.576,7482001.03111
1746882000000,101.81,102.66,101.53,102.33,74720.459,1746885599999,7630393.48105,23694,39616.927,4045369.22219
1746885600000,102.34,102.67,101.91,102.17,67092.573,1746889199999,6860017.56434,20955,31542.459,3226308.76068
1746889200000,102.17,102.37,101.26,101.78,78096.688,1746892799999,7954354.14131,21833,39660.719,4040839.75532
1746892800000,101.77,103.62,101.76,103.41,140313.068,1746896399999,14437407.40744,32899,79026.320,8130670.29773
1746896400000,103.40,104.42,102.87,103.14,143023.454,1746899999999,14829907.59144,34572,72527.481,7522174.93479
1746900000000,103.13,103.51,102.67,103.20,76879.342,1746903599999,7926126.13666,20795,34116.582,3518301.38447
1746903600000,103.20,103.54,102.84,103.35,78923.573,1746907199999,8142330.82528,15343,40821.033,4212111.41634
1746907200000,103.36,103.90,102.72,103.86,49433.251,1746910799999,5108477.62955,15655,23608.393,2441389.14288
1746910800000,103.86,104.45,103.60,104.19,58397.613,1746914399999,6072662.59649,15533,33099.929,3442912.15821
1746914400000,104.19,104.75,103.66,104.57,97547.704,1746917999999,10159678.31224,24089,51208.780,5335594.49940
1746918000000,104.56,105.51,104.30,105.23,179131.620,1746921599999,18791559.99426,38750,77819.781,8167231.08768
1746921600000,105.22,105.55,102.02,104.15,305414.063,1746925199999,31717080.35809,65346,131536.346,13661232.51024
1746925200000,104.15,105.95,102.91,103.45,228280.518,1746928799999,23861132.31627,50820,107734.032,11267344.08543
1746928800000,103.45,105.05,103.12,104.27,133078.371,1746932399999,13852233.72305,32678,62856.301,6541822.21325
1746932400000,104.29,105.04,103.71,104.45,67380.528,1746935999999,7039215.88353,19905,28810.555,3010053.12688
1746936000000,104.45,105.00,103.91,104.17,70577.576,1746939599999,7362497.74325,18906,29756.682,3104501.89521
1746939600000,104.16,104.26,103.00,103.13,91715.918,1746943199999,9502323.55277,25464,35933.447,3725035.02962
1746943200000,103.13,103.28,101.68,102.18,182855.519,1746946799999,18749977.63746,38983,82096.647,8423261.10302
1746946800000,102.18,102.23,99.68,100.61,390065.953,1746950399999,39392619.96895,70769,188494.163,19044297.97827
1746950400000,100.60,101.34,99.79,100.15,139531.386,1746953999999,14028795.04895,34232,69854.368,7024186.65722
1746954000000,100.15,101.52,100.06,101.14,88135.795,1746957599999,8900437.29752,27167,45186.159,4563264.92126
1746957600000,101.14,101.44,100.73,101.35,62804.400,1746961199999,6351313.88693,21135,28740.188,2907327.53972
1746961200000,101.35,101.75,101.07,101.63,66965.450,1746964799999,6795718.78241,21330,36470.326,3701580.41300
1746964800000,101.63,101.93,100.92,101.24,82704.583,1746968399999,8389860.39946,24247,38157.202,3871577.20106
1746968400000,101.24,101.72,98.94,98.99,219140.515,1746971999999,21949396.76317,38502,96541.340,9674764.21351
1746972000000,98.98,100.46,97.98,99.99,257173.906,1746975599999,25509049.06131,44491,118338.125,11757261.47535
1746975600000,99.99,100.65,98.48,99.36,173218.659,1746979199999,17248253.87233,34793,79144.361,7885589.98178
1746979200000,99.36,99.63,98.19,99.19,202445.854,1746982799999,20010280.56938,42896,99792.812,9865324.23844
1746982800000,99.20,100.37,98.89,100.02,97925.066,1746986399999,9761964.50469,24896,51820.312,5167932.87614
1746986400000,100.02,100.75,99.37,100.41,90363.375,1746989999999,9053327.74501,21870,46142.973,4624966.55798
1746990000000,100.41,100.77,100.14,100.26,45672.739,1746993599999,4586510.00894,15557,20966.319,2105815.41229
1746993600000,100.27,100.40,99.71,99.76,57223.379,1746997199999,5725004.91544,18818,23202.068,2322062.94668
1746997200000,99.75,100.35,99.47,100.31,38789.322,1747000799999,3872634.01916,13285,19530.302,1950504.17213
1747000800000,100.31,100.74,99.26,99.74,64221.652,1747004399999,6418037.34608,22624,28889.098,2888366.94163
1747004400000,99.74,100.33,99.66,100.08,49497.892,1747007999999,4951180.69502,14854,25310.582,2531896.57705
1747008000000,100.09,101.50,99.99,101.12,119875.403,1747011599999,12084433.65391,31142,68788.555,6936426.99149
1747011600000,101.12,101.76,99.02,100.28,145328.217,1747015199999,14596579.72545,34695,64487.502,6482732.06899
1747015200000,100.27,101.09,99.92,100.41,87338.389,1747018799999,8783250.46496,25328,42518.624,4277196.16692
1747018800000,100.42,101.04,99.57,100.94,87447.064,1747022399999,8782322.19040,25328,42906.723,4313320.84591
1747022400000,100.93,101.75,100.53,101.49,87473.158,1747025999999,8849670.55329,25228,46471.326,4704091.04627
1747026000000,101.49,101.58,100.06,100.69,68277.626,1747029599999,6879240.31126,22753,28869.826,2908631.92095
1747029600000,100.70,101.53,100.36,101.42,66281.939,1747033199999,6707715.10007,20424,36222.957,3666525.73148
1747033200000,101.42,104.23,101.42,102.23,410746.132,1747036799999,42227362.90164,73601,197052.034,20256048.31208
1747036800000,102.24,103.48,101.15,102.90,208944.587,1747040399999,21388438.95349,43747,101226.894,10365029.00594
1747040400000,102.90,103.28,102.21,102.36,91535.023,1747043999999,9399351.36925,24327,45489.194,4672633.19678
1747044000000,102.37,103.00,101.89,102.91,124353.488,1747047599999,12725791.06631,28446,61892.934,6335550.78279
1747047600000,102.91,103.26,101.51,101.87,178996.875,1747051199999,18366977.19284,34063,87191.216,8943632.27740
1747051200000,101.86,103.19,101.68,102.95,191228.646,1747054799999,19599705.88581,38421,97481.366,9989352.79872
1747054800000,102.96,104.09,101.65,103.01,286837.062,1747058399999,29521680.02578,50236,135299.826,13921589.03637
1747058400000,103.02,103.26,99.71,100.36,388148.310,1747061999999,39256266.95152,67033,175943.167,17794749.72250
1747062000000,100.37,101.13,99.16,100.35,262410.256,1747065599999,26290228.12232,54931,126496.771,12674447.30204
1747065600000,100.35,101.65,99.51,101.42,168475.557,1747069199999,16946498.56099,38679,77375.069,7783669.50797
1747069200000,101.42,102.12,100.83,101.71,177563.771,1747072799999,18045812.88216,34422,81089.133,8242876.37153
1747072800000,101.72,102.19,98.25,99.82,413641.607,1747076399999,41507018.16183,73987,202491.018,20319456.06595
1747076400000,99.83,102.51,99.50,101.58,260507.266,1747079999999,26392252.68038,52169,126723.679,12824731.39928
1747080000000,101.59,102.48,100.92,102.20,111166.106,1747083599999,11303212.02103,26893,58556.227,5953504.34604
1747083600000,102.20,102.51,101.47,101.87,61660.791,1747087199999,6287665.07473,16826,26594.405,2711836.80406
1747087200000,101.87,103.23,101.72,102.16,118963.845,1747090799999,12218889.75365,29563,56892.551,5843668.40969
1747090800000,102.16,105.20,102.15,103.82,386260.094,1747094399999,40162458.29075,58614,220261.960,22899666.08775
1747094400000,103.81,104.78,102.01,102.10,219369.204,1747097999999,22681001.09275,52224,95729.040,9898418.94233
1747098000000,102.09,102.87,100.80,101.43,170045.561,1747101599999,17314004.65877,46184,85328.958,8696658.10836
1747101600000,101.42,101.86,99.32,100.85,222892.967,1747105199999,22377026.77405,51081,104075.562,10447794.28470
1747105200000,100.85,101.79,99.65,99.98,183232.478,1747108799999,18460988.75974,46238,77655.584,7825886.50064
1747108800000,99.98,102.73,99.79,102.63,127361.483,1747112399999,12909671.91452,37119,61423.086,6225230.24536
1747112400000,102.62,102.80,101.18,101.69,99096.183,1747115999999,10103394.92028,30714,44405.791,4528518.43265
1747116000000,101.69,103.28,101.67,102.79,110745.005,1747119599999,11380154.12682,30286,55804.836,5734966.50653
1747119600000,102.79,103.66,102.40,102.52,97823.260,1747123199999,10078412.63295,29276,46394.291,4780356.89147
1747123200000,102.53,102.66,101.51,101.82,100120.578,1747126799999,10217155.45018,28638,46516.054,4748878.46367
1747126800000,101.83,102.99,101.74,102.81,165189.280,1747130399999,16918616.56877,33145,87486.028,8963518.70861
1747130400000,102.82,102.97,101.81,102.34,135551.200,1747133999999,13883234.18554,30122,53899.734,5523351.15900
1747134000000,102.34,103.10,102.27,102.91,78057.020,1747137599999,8021992.02051,22741,39084.230,4016750.30719
1747137600000,102.90,103.46,101.64,102.31,227998.567,1747141199999,23443768.70794,43603,104906.825,10794629.34180
1747141200000,102.32,102.45,100.96,101.47,142412.230,1747144799999,14501589.56654,33515,74011.924,7537317.49806
1747144800000,101.49,101.49,99.55,100.19,247254.128,1747148399999,24855699.33384,44487,112035.914,11262803.55703
1747148400000,100.18,101.21,100.03,101.10,145910.853,1747151999999,14697653.83663,32727,74338.104,7487618.66838
1747152000000,101.10,102.36,100.99,101.59,191065.913,1747155599999,19444069.51095,37799,95402.220,9709260.26284
1747155600000,101.58,102.30,101.23,101.89,105965.784,1747159199999,10794484.57028,24889,53764.349,5478666.56379
1747159200000,101.88,102.97,101.70,102.91,115702.114,1747162799999,11837503.51851,26537,58110.978,5945519.31255
1747162800000,102.90,104.95,102.37,103.99,291933.370,1747166399999,30321293.32885,55117,141439.061,14692697.94470
1747166400000,103.99,104.93,103.13,104.59,210042.883,1747169999999,21862434.13143,43273,112104.570,11673982.30045
1747170000000,104.58,104.81,103.36,103.73,122891.181,1747173599999,12806534.91714,25270,52454.326,5467826.63011
1747173600000,103.72,104.26,103.43,103.55,71632.084,1747177199999,7438584.77651,20580,35559.620,3692488.94279
1747177200000,103.56,103.77,102.86,103.37,82999.674,1747180799999,8584025.98174,21574,39690.687,4106449.18594
1747180800000,103.36,103.45,102.56,103.17,81082.147,1747184399999,8359512.11632,25889,35442.375,3655532.13514
1747184400000,103.18,104.72,102.87,103.27,203833.695,1747187999999,21163467.78132,45541,96620.951,10031370.45386
1747188000000,103.28,104.18,102.35,103.68,120164.842,1747191599999,12401813.19698,32815,51646.021,5331844.04687
1747191600000,103.69,104.00,102.91,103.41,70026.106,1747195199999,7237542.18454,21779,30367.632,3138777.18448
1747195200000,103.42,104.28,102.70,104.03,84417.765,1747198799999,8728860.14188,23266,45404.918,4696625.64557
1747198800000,104.02,104.62,103.82,104.20,92772.180,1747202399999,9678680.13673,21840,48012.626,5009297.16292
1747202400000,104.20,104.52,103.74,104.11,59407.731,1747205999999,6182246.29187,18156,27098.412,2820553.80312
1747206000000,104.11,105.97,103.72,104.35,445945.162,1747209599999,46728861.43800,73186,205416.877,21538339.10983
1747209600000,104.36,104.79,101.10,101.21,364274.873,1747213199999,37504012.67630,71072,161281.390,16613919.56196
1747213200000,101.21,102.39,101.02,102.22,150553.809,1747216799999,15323256.48064,37482,72625.183,7390647.55131
1747216800000,102.22,102.45,101.57,101.75,77268.339,1747220399999,7889631.58622,24291,32761.008,3346544.82698
1747220400000,101.75,102.73,101.75,102.29,97986.170,1747223999999,10028726.53411,25228,49200.579,5035980.24283
1747224000000,102.30,102.74,101.87,102.02,85830.658,1747227599999,8785702.41365,20748,42829.878,4384184.59916
1747227600000,102.02,102.20,100.06,100.72,270349.046,1747231199999,27318137.34834,51539,104852.747,10604779.63951
1747231200000,100.71,100.76,98.99,99.71,283833.852,1747234799999,28303475.10269,52685,123436.628,12312984.50541
1747234800000,99.70,99.96,98.89,99.93,140778.498,1747238399999,14004357.95846,30001,66991.264,6665042.85015
1747238400000,99.92,100.26,99.01,99.22,148807.026,1747241999999,14838607.35749,28586,70719.087,7049632.55886
1747242000000,99.22,99.93,98.51,99.93,178509.697,1747245599999,17683008.07065,33763,86890.475,8614043.51836
1747245600000,99.92,100.44,99.47,100.35,91134.418,1747249199999,9111206.62524,25000,40554.456,4056443.48558
1747249200000,100.34,100.62,100.02,100.14,57237.385,1747252799999,5742406.32519,18600,25389.357,2547148.64644
1747252800000,100.15,101.50,99.91,101.21,115568.003,1747256399999,11636280.76745,25130,68031.739,6850523.83004
1747256400000,101.21,101.60,100.10,101.25,139995.028,1747259999999,14115407.22112,26551,64066.458,6460407.49370
1747260000000,101.24,101.47,100.60,101.16,63144.265,1747263599999,6380026.69164,19939,22599.421,2283889.15626
1747263600000,101.17,101.28,100.30,100.91,71134.063,1747267199999,7173784.39567,20181,27277.701,2751093.66551
1747267200000,100.91,101.87,100.62,101.40,121820.734,1747270799999,12364720.47981,25569,53138.584,5392541.32143
1747270800000,101.40,101.62,99.54,99.85,171613.138,1747274399999,17243266.51940,31599,76850.538,7728093.47891
1747274400000,99.84,100.76,99.64,100.43,69704.901,1747277999999,6997220.69605,18907,34271.894,3439686.95045
1747278000000,100.44,100.71,99.37,99.56,58668.162,1747281599999,5870332.74218,17685,26335.122,2636067.88642
1747281600000,99.55,100.46,99.49,100.01,73812.030,1747285199999,7372885.60554,20682,39774.980,3972911.66481
1747285200000,100.01,100.12,98.35,98.61,129069.975,1747288799999,12776689.10958,26022,54480.298,5394090.12520
1747288800000,98.60,99.19,97.43,97.97,208407.803,1747292399999,20470239.45228,36027,91313.723,8971076.52701
1747292400000,97.96,98.02,95.52,95.67,347562.447,1747295999999,33547667.25925,53852,162379.138,15678159.92596
1747296000000,95.66,98.06,95.63,97.99,212898.008,1747299599999,20663395.62916,40805,126052.938,12227074.66717
1747299600000,97.99,98.02,96.21,97.23,150624.559,1747303199999,14615836.69932,31890,66644.977,6465225.64610
1747303200000,97.24,97.76,96.83,97.61,114212.233,1747306799999,11115571.83137,28356,57513.211,5598762.75411
1747306800000,97.60,98.31,97.51,98.10,99000.458,1747310399999,9702812.74691,25255,44912.786,4402139.99481
1747310400000,98.10,99.10,97.85,98.25,164080.638,1747313999999,16148347.99856,39070,81716.375,8043177.94689
1747314000000,98.24,98.51,95.93,96.95,216856.080,1747317599999,21062871.77901,44158,100973.671,9810646.94780
1747317600000,96.94,97.37,95.55,96.93,275774.064,1747321199999,26569631.16225,54413,131912.546,12712987.53127
1747321200000,96.92,98.63,96.55,98.34,178464.763,1747324799999,17443184.37872,36995,87120.364,8516963.81951
1747324800000,98.34,99.35,97.91,99.32,134642.031,1747328399999,13260949.09061,31212,68627.535,6763886.31247
1747328400000,99.32,99.87,98.74,99.37,117560.551,1747331999999,11679055.09101,29059,56539.951,5619142.91517
1747332000000,99.37,99.61,97.43,97.62,182362.431,1747335599999,17941117.39131,36050,87315.372,8584816.01051
1747335600000,97.62,99.53,97.31,99.53,134923.937,1747339199999,13285205.36313,32670,71762.519,7065697.22485
1747339200000,99.53,100.45,98.96,99.13,250782.979,1747342799999,25003037.18979,51044,123855.554,12347448.86860
1747342800000,99.13,99.71,98.42,99.56,86593.500,1747346399999,8565516.87043,26955,43569.875,4309707.82040
1747346400000,99.55,100.24,98.82,98.85,87838.985,1747349999999,8751407.81112,25350,40412.268,4026597.56936
1747350000000,98.85,99.48,97.67,99.21,125854.566,1747353599999,12397274.34138,33819,63827.091,6286951.18103
1747353600000,99.21,100.07,98.99,99.48,85569.093,1747357199999,8513270.16098,25033,41487.960,4128550.59276
1747357200000,99.48,100.36,98.70,100.36,102700.844,1747360799999,10222817.07469,30348,49810.775,4960598.82014
1747360800000,100.36,101.14,99.90,100.53,147930.259,1747364399999,14876865.36290,31411,74310.987,7473721.07126
1747364400000,100.53,101.11,100.44,100.86,76615.760,1747367999999,7724691.02827,19663,38913.330,3923656.93784
1747368000000,100.86,101.05,100.24,100.66,65250.102,1747371599999,6560693.18470,21947,32809.130,3299114.47783
1747371600000,100.66,101.08,100.32,100.38,52336.836,1747375199999,5270085.07862,16951,25843.352,2603221.34249
1747375200000,100.38,100.72,100.05,100.41,58788.121,1747378799999,5902020.92070,20110,31501.919,3162987.04962
1747378800000,100.41,100.55,99.64,99.83,79931.445,1747382399999,7997640.90229,23482,36496.521,3651891.19283
1747382400000,99.82,100.08,98.22,98.92,140585.728,1747385999999,13906777.65870,32871,68067.746,6729943.37277
1747386000000,98.95,100.29,98.92,100.10,84682.270,1747389599999,8446601.98131,24557,44959.977,4483895.97443
1747389600000,100.11,100.91,99.69,100.79,108987.101,1747393199999,10940035.66349,25366,58958.385,5920908.63473
1747393200000,100.79,101.36,100.36,100.95,102569.844,1747396799999,10336577.08649,24359,51164.626,5157702.44387
1747396800000,100.94,101.54,100.71,100.76,97854.045,1747400399999,9897862.39038,27974,44101.987,4461550.99822
1747400400000,100.75,101.67,100.64,101.34,74001.641,1747403999999,7493834.98038,22264,35799.267,3625932.88103
1747404000000,101.33,101.34,100.07,100.61,116637.086,1747407599999,11748103.27158,29753,58572.309,5898774.41789
1747407600000,100.61,101.59,100.60,101.52,72870.226,1747411199999,7378757.24365,23526,41337.978,4186317.35847
1747411200000,101.52,102.11,100.84,101.98,114091.039,1747414799999,11581554.32237,28492,56535.277,5741928.72962
1747414800000,101.97,102.15,101.03,101.35,93340.069,1747418399999,9485705.86923,24859,46217.570,4697507.09792
1747418400000,101.35,101.39,100.46,100.64,68150.012,1747421999999,6873895.56426,23994,31448.736,3172616.09894
1747422000000,100.63,100.84,100.16,100.67,75793.671,1747425599999,7615825.11193,23815,34601.481,3476878.13883
1747425600000,100.66,100.67,99.05,99.44,103733.174,1747429199999,10340879.04671,24905,49943.088,4976525.04962
1747429200000,99.43,100.06,99.00,99.47,76031.155,1747432799999,7575669.21892,20558,42914.433,4277187.09335
1747432800000,99.46,99.56,98.66,99.30,110095.416,1747436399999,10914021.36463,25095,62343.861,6181621.53620
1747436400000,99.29,99.93,99.25,99.40,63904.433,1747439999999,6363186.30510,19778,29712.776,2957522.97425
1747440000000,99.41,100.11,98.60,98.98,142422.651,1747443599999,14162074.10070,34752,58419.715,5810090.56904
1747443600000,98.97,98.97,97.29,98.12,177792.367,1747447199999,17438156.15393,39359,78815.689,7728842.84945
1747447200000,98.12,99.14,97.63,98.63,110650.142,1747450799999,10900456.53314,28902,55156.641,5433366.24503
1747450800000,98.63,99.28,97.92,99.13,69544.671,1747454399999,6854462.42556,18048,38586.806,3802738.91127
1747454400000,99.14,100.72,99.02,100.14,119115.503,1747457999999,11925664.91869,28049,58306.305,5835927.40968
1747458000000,100.14,100.41,99.31,99.72,95487.966,1747461599999,9534968.93008,24108,41629.792,4159351.68568
1747461600000,99.73,101.20,99.72,100.93,124636.053,1747465199999,12543689.31893,28366,77481.556,7798799.28364
1747465200000,100.94,101.08,100.22,100.49,88349.292,1747468799999,8902120.82715,20281,42051.436,4237476.12973
1747468800000,100.49,101.13,100.16,100.27,97449.592,1747472399999,9802146.09418,29712,44344.388,4461083.24043
1747472400000,100.28,100.59,99.45,99.72,132979.031,1747475999999,13287666.40993,30257,65104.414,6506167.38765
1747476000000,99.71,100.08,99.16,99.49,76293.304,1747479599999,7602458.43961,21824,39589.100,3946266.83169
1747479600000,99.50,99.67,98.48,98.86,92748.694,1747483199999,9173271.20253,23728,41911.905,4144850.42112
1747483200000,98.85,99.05,98.03,98.18,85012.182,1747486799999,8376610.93322,26587,42216.211,4160191.93084
1747486800000,98.19,98.29,96.97,97.08,145374.433,1747490399999,14182484.19791,30219,62941.068,6141290.84154
1747490400000,97.08,98.32,97.04,98.07,142933.513,1747493999999,13997856.06308,30785,70149.015,6868568.74081
1747494000000,98.08,98.29,97.44,97.55,64024.360,1747497599999,6265870.57297,19178,27762.978,2716701.48251
1747497600000,97.56,97.86,96.29,97.04,143307.031,1747501199999,13899444.38651,34113,62779.022,6090277.86509
1747501200000,97.03,97.94,96.92,97.06,64604.317,1747504799999,6292486.96944,22095,28245.849,2751183.72466
1747504800000,97.06,97.78,96.33,96.48,123733.597,1747508399999,12016082.33257,32521,61335.922,5956075.85375
1747508400000,96.48,96.95,96.21,96.30,88011.966,1747511999999,8494636.40497,24657,42085.028,4062643.06241
1747512000000,96.29,97.50,96.02,97.33,111370.016,1747515599999,10760122.65786,28600,59723.917,5772335.17853
1747515600000,97.33,97.40,96.67,97.10,50769.199,1747519199999,4925938.15236,18045,22882.371,2220449.24690
1747519200000,97.10,97.11,95.57,95.84,103455.412,1747522799999,9933650.41480,26896,43662.075,4188847.94556
1747522800000,95.83,96.65,95.59,96.00,56620.710,1747526399999,5443806.61988,19453,24294.067,2336573.53458
1747526400000,96.01,96.95,95.93,96.88,80722.450,1747529999999,7793966.13324,26331,34979.988,3377553.12218
1747530000000,96.88,97.00,95.96,96.67,70654.027,1747533599999,6809790.97732,22659,32289.384,3112025.64427
1747533600000,96.66,96.93,96.42,96.50,41318.153,1747537199999,3995584.58011,14654,18552.372,1794357.95983
1747537200000,96.51,96.86,96.00,96.32,55209.144,1747540799999,5321813.72357,16242,26383.297,2542373.50854
1747540800000,96.32,97.23,96.29,97.14,52067.706,1747544399999,5045694.75689,16140,27297.997,2645090.58382
1747544400000,97.14,98.21,97.11,98.03,64438.896,1747547999999,6299103.92776,18148,32901.118,3215516.95976
1747548000000,98.03,98.20,97.64,97.74,83456.435,1747551599999,8171904.25975,18978,29834.488,2921765.51295
1747551600000,97.74,98.65,97.61,98.60,55945.748,1747555199999,5494555.72498,16946,28286.655,2778628.75362
1747555200000,98.60,99.20,98.53,98.68,86598.191,1747558799999,8561151.04955,24146,40447.080,3999658.49550
1747558800000,98.69,98.83,98.32,98.60,69733.184,1747562399999,6874268.53821,20253,29445.947,2903352.41306
1747562400000,98.61,98.79,98.20,98.37,42323.411,1747565999999,4165373.24395,14674,17137.162,1686915.79657
1747566000000,98.37,98.57,98.05,98.18,35732.270,1747569599999,3512342.76684,12976,17235.334,1694303.30913
1747569600000,98.17,98.55,97.80,98.53,61710.314,1747573199999,6053607.60335,15801,25130.371,2466378.26401
1747573200000,98.53,99.05,98.20,98.98,84862.411,1747576799999,8368973.84161,18182,45498.680,4487850.82264
1747576800000,98.98,100.18,98.78,99.79,144633.791,1747580399999,14377467.50771,30115,72960.719,7255316.67712
1747580400000,99.80,101.88,99.40,101.81,211233.134,1747583999999,21301593.48603,39620,117359.049,11839015.14481
1747584000000,101.81,102.45,101.16,101.91,289541.578,1747587599999,29479217.99606,53515,122499.361,12474664.26740
1747587600000,101.91,101.94,99.90,100.05,197634.258,1747591199999,19931824.94844,37825,87623.419,8836903.39628
1747591200000,100.05,100.08,98.10,98.61,281032.069,1747594799999,27815858.26348,54462,140464.796,13906345.39890
1747594800000,98.60,99.35,96.93,96.97,170182.189,1747598399999,16683507.20186,38778,72165.530,7077383.27056
1747598400000,96.97,97.77,95.70,97.38,237049.226,1747601999999,22908399.31500,50911,117471.984,11351705.69302
1747602000000,97.39,99.09,97.38,98.22,103553.494,1747605599999,10194641.23206,26477,49164.356,4838386.29230
1747605600000,98.22,99.37,97.05,99.31,110566.595,1747609199999,10847697.97076,32331,52405.528,5142832.82000
1747609200000,99.31,101.27,98.94,100.89,109057.130,1747612799999,10904669.02484,29838,51069.564,5105909.21072
1747612800000,100.90,101.25,98.37,98.71,183938.887,1747616399999,18366522.29853,45058,90131.411,8999361.38089
1747616400000,98.71,99.45,98.30,98.92,123348.269,1747619999999,12190151.52852,32869,65808.058,6504498.08328
1747620000000,98.92,99.26,98.08,98.35,86925.801,1747623599999,8572919.19159,22650,44142.339,4355066.72077
1747623600000,98.35,98.42,96.95,96.99,102249.343,1747627199999,9987525.52575,26511,46121.400,4502583.74065
1747627200000,96.99,97.80,94.74,95.19,258562.377,1747630799999,24875363.25373,51810,108492.494,10448281.40082
1747630800000,95.20,95.53,94.58,95.25,182700.226,1747634399999,17373580.78360,44261,90581.678,8614217.73868
1747634400000,95.25,96.00,94.30,94.36,176915.956,1747637999999,16828674.67243,45041,78880.825,7510607.57152
1747638000000,94.36,96.00,94.06,95.64,128816.073,1747641599999,12266292.65503,35153,50211.574,4785467.25503
1747641600000,95.64,95.79,94.76,95.32,90914.243,1747645199999,8664136.51750,27066,43552.069,4150995.19875
1747645200000,95.32,95.88,94.72,95.37,91076.613,1747648799999,8693214.13185,25344,46196.896,4408314.19322
1747648800000,95.36,95.85,94.87,95.56,61405.226,1747652399999,5855414.58546,20113,32489.705,3098497.08876
1747652400000,95.56,95.91,95.38,95.71,52063.577,1747655999999,4978895.06981,16561,23025.819,2202368.74581
1747656000000,95.71,95.84,94.33,94.68,125725.416,1747659599999,11956633.44163,26421,51293.190,4877033.83552
1747659600000,94.69,96.26,94.58,95.77,122585.954,1747663199999,11704778.43318,30044,59672.520,5700552.58436
1747663200000,95.76,96.98,95.43,96.70,164137.453,1747666799999,15803200.04195,31234,86692.692,8344632.43898
1747666800000,96.69,97.87,96.59,97.73,147459.573,1747670399999,14350916.17301,33581,71523.165,6960541.09041
1747670400000,97.73,98.59,96.99,98.57,141551.551,1747673999999,13848462.68446,34949,70774.894,6927271.19989
1747674000000,98.56,99.16,98.19,98.41,141073.787,1747677599999,13933096.21738,37307,62019.904,6126509.06388
1747677600000,98.40,98.76,97.76,98.44,103780.290,1747681199999,10202415.42638,28165,45948.705,4518137.24364
1747681200000,98.45,99.37,98.31,99.14,66892.933,1747684799999,6612258.14082,22583,34736.190,3434179.30251
1747684800000,99.14,99.31,98.72,99.05,54436.259,1747688399999,5388268.30968,18953,25107.294,2485413.10798
1747688400000,99.06,99.13,98.41,98.83,43902.266,1747691999999,4337909.79337,15595,21461.781,2121288.35772
1747692000000,98.82,98.82,98.06,98.11,63188.995,1747695599999,6214317.45005,16915,25942.344,2551385.11382
1747695600000,98.11,98.57,98.07,98.23,42952.975,1747699199999,4222257.38005,12905,22333.942,2195419.33759
1747699200000,98.23,99.20,98.18,98.44,106225.986,1747702799999,10479474.84342,25624,59427.451,5861697.05985
1747702800000,98.42,99.50,98.24,99.12,67682.215,1747706399999,6694236.53824,20631,39102.337,3867934.33085
1747706400000,99.13,99.67,98.45,98.71,205623.428,1747709999999,20367500.34530,34838,94746.247,9384815.73331
1747710000000,98.70,98.94,97.84,97.87,98803.330,1747713599999,9712084.93973,20735,45351.413,4459020.70848
1747713600000,97.87,97.94,96.49,97.82,217415.848,1747717199999,21134265.74210,35142,112576.357,10945400.37090
1747717200000,97.82,98.30,97.55,97.66,72595.247,1747720799999,7110480.51817,20625,36451.591,3571101.58016
1747720800000,97.66,97.78,96.88,97.04,66736.317,1747724399999,6486606.84936,18764,30929.322,3006324.34549
1747724400000,97.05,97.31,93.00,93.86,932568.338,1747727999999,88267315.08168,149818,367212.478,34767757.05207
1747728000000,93.85,94.16,92.66,93.81,350796.285,1747731599999,32798360.75714,62283,160196.803,14980266.49336
1747731600000,93.81,93.85,93.01,93.29,161043.993,1747735199999,15039380.73685,36016,81846.609,7644060.45046
1747735200000,93.29,93.54,92.74,93.06,142582.838,1747738799999,13270508.58134,33111,62824.787,5848299.10136
1747738800000,93.06,93.49,92.31,93.38,169471.221,1747742399999,15745645.50005,35583,75979.375,7064834.56802
1747742400000,93.37,93.37,92.19,92.80,145378.500,1747745999999,13470638.53120,32506,60864.250,5639587.98967
1747746000000,92.80,93.47,92.64,93.19,134729.292,1747749599999,12539208.44218,34179,61402.018,5716090.99024
1747749600000,93.18,93.75,92.87,93.29,132551.802,1747753199999,12365828.07665,32642,60996.772,5691625.28869
1747753200000,93.29,94.11,93.12,93.83,125190.549,1747756799999,11728837.87381,31292,64221.259,6017138.98000
1747756800000,93.82,94.05,93.37,93.56,78340.251,1747760399999,7340921.85350,25253,37891.416,3551329.87551
1747760400000,93.56,94.43,93.51,94.34,93400.201,1747763999999,8791979.03714,27884,42899.360,4038710.35461
1747764000000,94.33,94.55,93.01,93.09,120550.116,1747767599999,11296834.97683,33205,50056.747,4693991.26985
1747767600000,93.08,94.16,92.87,93.70,129133.633,1747771199999,12085758.05274,32173,62937.354,5890985.14853
1747771200000,93.72,94.54,93.20,94.18,151553.380,1747774799999,14222080.86162,32641,76950.343,7222457.65829
1747774800000,94.19,94.85,93.63,94.17,116972.246,1747778399999,11033298.22935,30136,56320.880,5314115.92772
1747778400000,94.17,94.40,93.32,93.74,65953.846,1747781999999,6180195.37480,20096,30858.943,2891578.33275
1747782000000,93.73,94.68,93.54,94.41,101944.748,1747785599999,9609496.33707,22405,51789.085,4880918.36426
1747785600000,94.40,94.72,93.94,94.42,76680.558,1747789199999,7231033.90081,23035,39145.871,3691556.28804
1747789200000,94.41,94.75,94.17,94.29,81254.577,1747792799999,7677408.38379,22586,39797.163,3760064.71713
1747792800000,94.29,94.86,93.35,94.57,152340.092,1747796399999,14342068.20311,31365,79567.314,7495292.09351
1747796400000,94.57,95.15,93.90,94.69,193168.847,1747799999999,18276433.48603,35194,90511.135,8566938.46883
1747800000000,94.69,95.38,94.44,94.95,97132.321,1747803599999,9223154.61917,25640,52503.072,4986471.87302
1747803600000,94.95,95.84,94.87,95.71,148341.382,1747807199999,14152629.50383,29723,60364.121,5759526.45474
1747807200000,95.70,96.13,95.16,95.86,106156.746,1747810799999,10161413.34229,27499,50307.996,4818004.26674
1747810800000,95.86,96.06,94.31,94.70,150705.563,1747814399999,14318573.51236,32630,58840.152,5589010.76204
1747814400000,94.70,95.09,94.37,94.66,85363.387,1747817999999,8081060.16868,21575,46611.155,4413878.94929
1747818000000,94.65,95.23,94.41,95.18,79068.810,1747821599999,7500991.18272,22450,40253.742,3819064.53080
1747821600000,95.17,95.41,94.88,95.19,65996.678,1747825199999,6275957.64840,17599,30109.385,2863352.61686
1747825200000,95.20,95.68,95.10,95.43,84391.017,1747828799999,8056217.59133,18315,41115.019,3925560.56084
1747828800000,95.44,95.67,94.89,95.04,69623.608,1747832399999,6634215.98942,17389,29668.791,2827570.58352
1747832400000,95.04,95.85,94.53,95.54,115880.057,1747835999999,11021465.03002,24339,55757.444,5307668.78096
1747836000000,95.54,96.15,94.86,96.15,164295.014,1747839599999,15694713.23733,30599,79429.853,7590580.38976
1747839600000,96.15,96.74,95.51,96.60,215708.292,1747843199999,20761685.02385,42915,98757.819,9507590.87476
1747843200000,96.61,98.31,96.31,97.44,221015.211,1747846799999,21550668.26016,49031,109717.112,10695944.67668
1747846800000,97.44,97.78,94.11,95.35,529142.766,1747850399999,50505632.92787,86316,248509.989,23723236.31394
1747850400000,95.35,95.85,94.78,94.98,148972.534,1747853999999,14198036.18157,33072,75855.519,7230269.56945
1747854000000,94.99,96.37,94.74,96.27,106541.300,1747857599999,10184354.27581,27051,52045.378,4973980.81863
1747857600000,96.26,96.43,95.65,96.13,82522.847,1747861199999,7929006.97317,22422,40139.360,3858594.82321
1747861200000,96.13,96.68,95.90,96.35,42302.014,1747864799999,4075493.77132,14617,22586.698,2176046.89935
1747864800000,96.34,97.10,96.16,96.96,56484.502,1747868399999,5463627.52116,18393,29567.182,2860816.71788
1747868400000,96.96,97.74,96.60,97.05,150090.806,1747871999999,14589249.19662,36878,63805.222,6203202.80325
1747872000000,97.05,97.93,96.92,97.82,106817.014,1747875599999,10406382.95108,30698,57027.313,5556485.91655
1747875600000,97.83,98.28,97.38,97.48,140330.127,1747879199999,13726029.04520,34759,68671.032,6720405.02493
1747879200000,97.47,98.29,97.33,98.08,88615.607,1747882799999,8672773.61654,26511,43650.091,4273244.48428
1747882800000,98.07,100.21,97.91,99.54,170352.014,1747886399999,16867636.04797,40286,98012.020,9709485.78674
1747886400000,99.55,99.71,98.82,99.27,123096.549,1747889999999,12212478.16629,31896,57241.651,5680052.11774
1747890000000,99.26,99.33,98.24,98.40,136765.930,1747893599999,13522320.93291,28938,62656.056,6197942.39103
1747893600000,98.40,98.70,97.69,98.04,133959.912,1747897199999,13158250.34323,30204,52551.276,5163297.71846
1747897200000,98.04,99.09,97.80,99.04,97493.690,1747900799999,9606756.26546,23957,58267.507,5743404.91881
1747900800000,99.05,99.88,98.60,98.83,191071.847,1747904399999,18955304.98267,40529,83243.399,8259690.46598
1747904400000,98.83,99.42,98.46,98.97,182013.220,1747907999999,18007840.21656,39024,91432.360,9047158.39473
1747908000000,98.96,99.04,98.39,98.45,99569.240,1747911599999,9824308.09003,23167,54656.113,5393325.71240
1747911600000,98.45,98.77,97.70,98.45,107091.155,1747915199999,10513906.44992,23870,50624.635,4972510.95473
1747915200000,98.45,99.07,98.12,98.90,93554.658,1747918799999,9222965.64761,22348,55767.031,5498371.35336
1747918800000,98.92,98.93,97.92,98.10,113138.457,1747922399999,11133315.72110,27588,51013.051,5021934.51422
1747922400000,98.10,98.93,98.09,98.71,110044.839,1747925999999,10850402.69648,24916,56277.745,5550322.04832
1747926000000,98.72,99.39,98.44,99.17,112888.208,1747929599999,11177851.27520,24921,58074.223,5750852.78578
1747929600000,99.17,99.68,98.64,98.88,130761.162,1747933199999,12959725.57761,24430,58131.827,5764130.17898
1747933200000,98.88,99.39,98.71,99.03,71367.990,1747936799999,7070345.61371,15691,35656.200,3532306.23449
1747936800000,99.03,100.73,98.85,100.39,213857.287,1747940399999,21368428.25163,31277,126100.003,12601526.88560
1747940400000,100.40,100.49,99.53,99.65,124358.772,1747943999999,12432665.20813,25818,55835.601,5584424.02380
1747944000000,99.66,100.26,99.02,99.55,113250.667,1747947599999,11266564.60641,21603,48417.131,4816332.87913
1747947600000,99.55,99.74,99.02,99.46,69862.483,1747951199999,6940405.48317,15579,29857.125,2966469.42628
1747951200000,99.46,101.00,99.31,100.45,137189.448,1747954799999,13764261.53124,28633,80339.322,8059151.15103
1747954800000,100.46,100.63,99.94,100.22,71426.585,1747958399999,7162408.75344,17871,31706.976,3179630.18771
1747958400000,100.22,100.69,99.65,100.68,115541.987,1747961999999,11571994.78435,28133,61288.055,6139611.92635
1747962000000,100.68,101.19,100.30,100.79,89027.781,1747965599999,8969823.86104,22125,40184.206,4048723.10214
1747965600000,100.79,102.42,100.74,102.04,176738.285,1747969199999,17980439.28345,37225,93653.894,9526157.77227
1747969200000,102.04,102.93,101.72,102.10,135191.579,1747972799999,13823362.03486,30682,67502.734,6902227.24226
1747972800000,102.10,102.44,100.67,101.34,173897.476,1747976399999,17625526.59777,30919,66429.896,6733424.57319
1747976400000,101.34,101.44,100.42,101.32,85870.955,1747979999999,8674238.34507,20527,38309.535,3871439.93075
1747980000000,101.31,101.37,99.58,99.91,163812.824,1747983599999,16420541.42490,34369,72980.929,7315339.33303
1747983600000,99.91,100.81,99.91,100.01,85994.340,1747987199999,8630931.45937,19740,37340.176,3747525.61854
1747987200000,100.01,100.95,99.88,100.83,84627.675,1747990799999,8504033.41375,18519,45156.665,4537468.37709
1747990800000,100.84,102.01,100.76,101.93,86252.450,1747994399999,8754678.82238,21741,45934.474,4662826.56518
1747994400000,101.93,101.98,101.01,101.63,88315.439,1747997999999,8968229.79135,23278,38090.523,3868197.42331
1747998000000,101.62,101.63,96.85,97.38,560873.929,1748001599999,55303314.36246,84842,263860.594,25992763.95070
1748001600000,97.39,97.64,95.00,97.40,601526.373,1748005199999,58139743.54515,97239,302727.534,29271862.34164
1748005200000,97.40,99.60,97.11,99.48,272753.029,1748008799999,26821441.13907,56376,132748.067,13055442.38251
1748008800000,99.48,99.94,98.92,99.41,169099.708,1748012399999,16813431.96708,35170,81799.524,8133531.17037
1748012400000,99.40,99.71,98.24,98.31,152654.878,1748015999999,15104407.69770,31788,63655.561,6301148.04786
1748016000000,98.31,98.94,97.64,98.52,164625.720,1748019599999,16177194.18475,34327,78432.045,7710277.29587
1748019600000,98.52,99.36,98.47,99.05,78162.306,1748023199999,7738760.37347,19928,40322.122,3992197.35247
1748023200000,99.05,99.32,97.89,98.25,95911.297,1748026799999,9445927.12346,21343,38995.235,3840617.01989
1748026800000,98.24,99.11,98.04,98.62,59596.646,1748030399999,5881973.70223,17096,29579.212,2918502.63300
1748030400000,98.62,98.62,96.94,97.00,121861.169,1748033999999,11901340.44812,25445,50306.571,4916044.42943
1748034000000,97.01,97.59,96.56,96.94,91809.121,1748037599999,8912039.14014,22168,45573.601,4426870.28094
1748037600000,96.94,97.68,96.31,96.31,80824.437,1748041199999,7834943.52521,22050,45270.869,4391022.82911
1748041200000,96.31,96.57,94.50,95.18,196477.719,1748044799999,18753356.22498,45761,92307.396,8811566.46854
1748044800000,95.17,96.28,94.71,95.46,110810.418,1748048399999,10604808.20051,34779,53958.314,5163502.01482
1748048400000,95.45,96.45,95.43,95.83,73311.732,1748051999999,7041492.42443,24278,38752.552,3722186.78820
1748052000000,95.82,96.65,95.58,96.57,53773.026,1748055599999,5176939.87562,18135,28858.650,2778151.52943
1748055600000,96.56,97.13,96.45,96.66,62650.855,1748059199999,6063531.98439,16689,31344.814,3034038.68999
1748059200000,96.66,97.12,96.59,96.97,37465.728,1748062799999,3629916.97407,12774,20672.474,2002869.69758
1748062800000,96.97,97.04,96.27,96.49,35416.442,1748066399999,3418815.12799,12015,12729.689,1228995.41742
1748066400000,96.48,96.68,95.98,96.54,41470.506,1748069999999,3993528.54168,12976,19217.935,1851308.59078
1748070000000,96.55,96.91,96.31,96.56,49929.766,1748073599999,4826747.70398,13133,20992.363,2029244.29267
1748073600000,96.56,97.42,96.48,97.40,55942.569,1748077199999,5419660.89811,18907,31089.064,3012390.84048
1748077200000,97.40,97.74,97.05,97.09,88466.367,1748080799999,8617710.26264,22283,42300.966,4121295.92906
1748080800000,97.10,97.75,96.96,97.54,68929.369,1748084399999,6710325.31700,20604,34471.851,3355760.43903
1748084400000,97.55,97.71,97.04,97.15,55800.073,1748087999999,5430505.66966,16917,21495.958,2092676.56473
1748088000000,97.16,97.36,96.75,96.96,71699.443,1748091599999,6959288.44463,18595,29229.713,2837926.72974
1748091600000,96.96,97.04,96.33,96.42,52784.936,1748095199999,5103631.44462,15559,22497.901,2176051.30291
1748095200000,96.42,96.91,96.33,96.79,48056.186,1748098799999,4643335.09719,14425,25475.627,2461238.67920
1748098800000,96.79,96.99,96.63,96.91,33100.023,1748102399999,3204335.83267,13965,14777.414,1430488.53687
1748102400000,96.90,96.92,95.81,96.21,82107.517,1748105999999,7904316.00406,18909,33244.655,3200362.31700
1748106000000,96.20,96.58,95.88,96.22,52318.326,1748109599999,5038179.31319,13944,30762.768,2962587.71203
1748109600000,96.21,96.83,96.20,96.45,46154.481,1748113199999,4454076.16518,15224,25445.905,2455757.83137
1748113200000,96.44,96.84,96.31,96.80,32118.051,1748116799999,3102761.46874,14155,12127.688,1171825.73255
1748116800000,96.80,96.81,96.31,96.34,37108.649,1748120399999,3584049.52912,12769,14470.547,1397530.07519
1748120400000,96.33,96.50,95.72,96.30,44835.435,1748123999999,4311250.38145,12235,21217.149,2041073.54397
1748124000000,96.31,96.32,95.32,95.55,86691.778,1748127599999,8302766.47683,19315,36216.839,3470158.22291
1748127600000,95.55,95.90,95.26,95.56,68793.536,1748131199999,6571206.83515,19679,26225.321,2506383.17229
1748131200000,95.56,96.00,94.49,94.82,111193.457,1748134799999,10580388.85163,26672,49678.145,4731004.67265
1748134800000,94.83,95.17,94.19,94.91,77436.629,1748138399999,7331614.60798,24401,39628.710,3754251.99417
1748138400000,94.91,95.54,94.58,95.37,48633.889,1748141999999,4625199.30177,17253,25035.489,2381361.55417
1748142000000,95.36,95.88,95.29,95.72,34381.633,1748145599999,3285568.24240,11301,17928.360,1713236.49656
1748145600000,95.73,95.81,95.32,95.75,34715.275,1748149199999,3316819.76393,11858,14995.503,1432993.20835
1748149200000,95.76,95.86,95.54,95.79,24457.828,1748152799999,2341106.05053,10584,10007.861,957967.46595
1748152800000,95.79,95.91,95.51,95.81,25565.596,1748156399999,2447182.29832,10978,11456.817,1096688.61501
1748156400000,95.82,95.83,95.04,95.23,57850.611,1748159999999,5514795.86825,14196,25873.406,2466098.88133
1748160000000,95.23,95.23,93.72,94.15,106604.019,1748163599999,10063943.54440,23182,39603.959,3739753.00569
1748163600000,94.15,94.52,93.84,94.48,80226.719,1748167199999,7554545.68671,18947,40534.403,3817751.89223
1748167200000,94.49,94.69,93.91,94.02,43466.185,1748170799999,4101023.68391,12241,20630.643,1946688.48562
1748170800000,94.02,94.46,93.77,94.44,56076.146,1748174399999,5282840.70178,14021,26844.036,2529989.63764
1748174400000,94.43,95.07,94.23,95.00,52557.373,1748177999999,4978335.29749,15717,24916.757,2359483.10517
1748178000000,95.00,95.13,94.58,94.72,51085.155,1748181599999,4844085.06038,13606,25473.818,2415641.03955
1748181600000,94.72,95.20,94.33,94.46,50513.104,1748185199999,4785863.59938,13744,21022.255,1992663.65363
1748185200000,94.47,94.60,93.04,94.29,143373.177,1748188799999,13438525.43520,29427,68732.129,6442436.89165
1748188800000,94.29,94.30,93.32,94.15,54965.520,1748192399999,5154297.27806,15506,27410.255,2569307.46867
1748192400000,94.15,94.60,94.05,94.51,53766.414,1748195999999,5072568.25360,12461,25064.914,2364923.94050
1748196000000,94.52,94.60,94.11,94.24,33426.891,1748199599999,3154957.51147,10493,15436.423,1456855.34951
1748199600000,94.24,94.88,94.19,94.61,36511.699,1748203199999,3451440.45321,9832,18737.993,1771721.15482
1748203200000,94.62,94.66,94.04,94.27,37915.723,1748206799999,3575828.45957,11349,17733.430,1672470.42427
1748206800000,94.27,94.55,93.70,93.87,36750.453,1748210399999,3460417.18410,10788,16392.673,1544697.35022
1748210400000,93.88,95.73,93.75,95.62,109110.884,1748213999999,10366726.80848,24916,56363.641,5354800.83091
1748214000000,95.62,95.80,95.15,95.55,58479.454,1748217599999,5585065.43476,14167,29731.574,2839780.07841
1748217600000,95.55,96.27,95.12,96.24,63376.819,1748221199999,6070505.26744,17532,33449.999,3204712.04148
1748221200000,96.24,96.46,95.98,96.23,59588.808,1748224799999,5733808.78502,17454,29574.608,2846264.43353
1748224800000,96.23,96.24,95.66,95.90,39977.931,1748228399999,3835103.92860,11057,16814.034,1613121.84788
1748228400000,95.91,96.30,95.68,96.13,37286.858,1748231999999,3578573.56129,10401,18799.826,1804284.05424
1748232000000,96.13,96.36,95.95,96.29,36918.968,1748235599999,3551687.82584,11847,19328.595,1859788.58229
1748235600000,96.29,96.59,96.15,96.57,30633.296,1748239199999,2952928.51065,11750,14802.383,1426943.31895
1748239200000,96.56,96.88,96.42,96.80,41896.033,1748242799999,4048324.38535,13133,17243.001,1666531.04163
1748242800000,96.80,97.17,96.65,96.95,62247.483,1748246399999,6033575.08528,16169,31197.241,3024359.07826
1748246400000,96.96,97.30,96.58,96.71,74118.637,1748249999999,7186827.16666,18493,38860.549,3770661.50118
1748250000000,96.70,96.99,96.38,96.62,48432.037,1748253599999,4681370.03831,14692,22843.879,2208256.86929
1748253600000,96.62,96.89,96.40,96.70,35312.579,1748257199999,3413415.96948,11388,16231.878,1569274.42357
1748257200000,96.70,96.99,96.50,96.86,31419.418,1748260799999,3040697.12585,12229,15953.313,1543885.82557
1748260800000,96.85,97.55,96.66,97.43,67472.601,1748264399999,6553119.63987,17147,37853.231,3677312.54769
1748264400000,97.44,97.53,96.50,96.75,82107.207,1748267999999,7973175.69845,20646,33780.130,3280267.56790
1748268000000,96.75,97.17,96.47,96.76,80493.702,1748271599999,7792038.35124,21454,35855.293,3472381.73908
1748271600000,96.76,97.41,96.36,97.14,73053.638,1748275199999,7083665.84757,19821,39722.441,3852694.81464
1748275200000,97.15,97.39,95.80,95.84,129795.255,1748278799999,12515304.86807,26609,53599.546,5169443.32185
1748278800000,95.84,95.94,94.39,94.60,152967.683,1748282399999,14558322.31046,29912,68581.086,6528217.60775
1748282400000,94.60,95.03,94.25,94.77,76289.842,1748285999999,7225879.48656,16476,38989.834,3693444.85368
1748286000000,94.76,94.99,94.50,94.70,38396.984,1748289599999,3638415.03420,11823,20516.183,1944226.70787
1748289600000,94.69,95.18,94.34,95.16,60986.281,1748293199999,5783800.14277,16489,31444.190,2982734.16805
1748293200000,95.15,95.36,94.81,95.28,32914.045,1748296799999,3129908.50652,10074,16220.123,1542830.06156
1748296800000,95.27,95.62,94.51,94.51,48013.921,1748300399999,4566084.39658,13276,23068.059,2193736.06788
1748300400000,94.52,94.99,94.33,94.96,55107.853,1748303999999,5219014.29990,13475,29342.264,2778968.24892
1748304000000,94.96,95.24,94.10,94.32,58957.223,1748307599999,5576805.52280,16730,24738.336,2340072.66597
1748307600000,94.32,94.32,92.93,93.73,149151.494,1748311199999,13959160.78793,30289,73590.410,6889277.55576
1748311200000,93.73,94.16,93.55,93.93,44721.624,1748314799999,4196782.34540,13418,22188.563,2082320.28987
1748314800000,93.94,94.80,93.88,94.43,63324.076,1748318399999,5983567.50849,15811,26275.411,2481692.96137
1748318400000,94.42,94.84,94.17,94.21,41350.421,1748321999999,3910603.01883,11490,18440.580,1744528.70877
1748322000000,94.21,94.49,93.66,94.41,47703.291,1748325599999,4485097.52895,12201,22222.291,2089703.77743
1748325600000,94.41,95.35,94.33,94.41,116137.522,1748329199999,11026249.60102,25157,61649.226,5854537.68067
1748329200000,94.42,95.65,94.42,95.53,71077.186,1748332799999,6770501.21203,16424,38536.373,3670051.98434
1748332800000,95.53,96.11,95.53,96.10,108342.052,1748336399999,10386033.73078,20981,56732.359,5438912.01256
1748336400000,96.10,96.23,95.64,95.68,75250.752,1748339999999,7216700.86638,15495,35528.338,3407620.26400
1748340000000,95.68,95.76,95.19,95.33,95655.992,1748343599999,9130312.13273,15535,44337.595,4232309.25788
1748343600000,95.33,95.52,94.96,95.48,55215.141,1748347199999,5261142.06024,11344,24526.538,2337803.55129
1748347200000,95.48,95.78,95.27,95.71,68141.926,1748350799999,6511061.63576,14208,34162.697,3264829.50070
1748350800000,95.71,96.77,95.66,96.00,174889.280,1748354399999,16847159.98109,30476,86464.736,8328672.58583
1748354400000,95.99,96.37,94.88,95.56,143712.708,1748357999999,13744875.76332,26121,66825.150,6393829.48170
1748358000000,95.55,96.53,95.23,96.31,72298.262,1748361599999,6938115.26134,16707,33201.816,3186299.09954
1748361600000,96.32,96.97,95.96,96.49,107401.219,1748365199999,10367402.33616,19623,51536.966,4974473.23551
1748365200000,96.48,96.77,96.06,96.58,93144.181,1748368799999,8987794.00528,19035,48811.317,4710774.29838
1748368800000,96.58,96.91,96.34,96.46,66960.540,1748372399999,6472411.07905,14604,30069.074,2906961.78843
1748372400000,96.46,96.74,96.21,96.69,51039.301,1748375999999,4922049.51329,12079,28330.838,2732139.84360
1748376000000,96.70,96.99,96.66,96.87,49691.040,1748379599999,4811141.60659,11305,27658.514,2678025.93459
1748379600000,96.86,96.94,95.87,95.98,72347.372,1748383199999,6974520.91502,14962,33827.868,3261626.05440
1748383200000,95.98,96.07,95.28,95.82,53619.103,1748386799999,5130506.97845,14651,26928.118,2577662.42199
1748386800000,95.82,95.96,95.48,95.86,37033.575,1748390399999,3545417.87292,9905,17189.430,1645788.28624
1748390400000,95.86,96.14,95.21,96.11,59000.297,1748393999999,5644649.86192,16638,26086.571,2496275.66749
1748394000000,96.12,96.26,95.64,95.77,49643.366,1748397599999,4762615.86873,13902,25909.168,2485591.36881
1748397600000,95.77,96.03,95.04,95.32,68257.640,1748401199999,6518089.43745,16723,27564.251,2633277.05646
1748401200000,95.32,95.74,95.15,95.70,39592.318,1748404799999,3778743.78419,11257,20430.807,1950306.47534
1748404800000,95.70,95.89,95.20,95.81,36652.342,1748408399999,3504964.56805,10340,17743.990,1696867.43415
1748408400000,95.82,95.91,95.50,95.81,30893.741,1748411999999,2956289.33445,9788,14744.229,1411101.38982
1748412000000,95.82,95.82,94.89,95.12,63955.185,1748415599999,6090791.04186,14137,27689.403,2637019.94051
1748415600000,95.12,95.75,94.95,95.47,33650.770,1748419199999,3211237.42946,10638,13755.285,1312851.89054
1748419200000,95.48,96.07,95.23,96.07,40258.349,1748422799999,3851632.61191,13195,19418.548,1858127.12752
1748422800000,96.07,96.31,95.30,95.68,77415.693,1748426399999,7420576.11780,17777,36022.216,3452900.48107
1748426400000,95.68,96.30,95.26,96.23,82725.474,1748429999999,7922255.95404,16871,40764.535,3904806.41190
1748430000000,96.22,97.24,96.22,97.20,122271.463,1748433599999,11825719.77161,20566,69502.807,6724591.54411
1748433600000,97.20,97.45,96.77,96.81,178446.187,1748437199999,17332589.60082,21839,91023.985,8840612.96335
1748437200000,96.82,97.01,95.81,95.89,109554.517,1748440799999,10565597.94342,24799,54267.952,5235288.71982
1748440800000,95.88,95.99,94.86,94.90,127435.274,1748444399999,12156316.48342,27053,62096.623,5925710.26387
1748444400000,94.89,95.19,93.89,94.42,146573.961,1748447999999,13845509.71931,28494,64029.782,6050073.57932
1748448000000,94.41,95.21,94.25,95.20,75324.341,1748451599999,7148236.47165,17704,38010.863,3607127.84180
1748451600000,95.20,95.73,94.93,95.28,69536.383,1748455199999,6630148.04099,15974,31875.926,3039059.89025
1748455200000,95.27,95.52,94.36,94.48,67738.551,1748458799999,6434907.98525,15397,23666.320,2248645.79639
1748458800000,94.47,94.99,93.41,93.51,103104.950,1748462399999,9687514.97000,20744,47484.957,4463252.77682
1748462400000,93.51,94.49,93.46,94.37,62530.579,1748465999999,5875466.55212,16550,31784.440,2984945.03826
1748466000000,94.37,95.21,94.25,95.09,47490.177,1748469599999,4499763.01829,11535,24996.942,2367219.64765
1748469600000,95.08,95.12,94.16,94.38,69774.439,1748473199999,6596732.76588,14997,26852.587,2539379.76099
1748473200000,94.37,95.58,94.37,95.34,75212.558,1748476799999,7154061.79068,17778,37781.238,3592066.83821
1748476800000,95.33,96.70,94.90,96.57,102841.172,1748480399999,9850285.43499,22028,56958.147,5461074.08554
1748480400000,96.56,96.59,95.84,96.33,78494.487,1748483999999,7554117.97541,19891,32658.113,3142673.86517
1748484000000,96.33,98.91,96.06,98.31,284682.285,1748487599999,27799425.74877,39432,168668.197,16471446.35226
1748487600000,98.31,99.06,96.94,97.25,269195.173,1748491199999,26342410.21070,48604,133831.651,13104220.02445
1748491200000,97.25,98.12,95.99,96.87,184647.848,1748494799999,17930326.91757,34814,95311.955,9265586.85026
1748494800000,96.88,97.00,96.50,96.65,51001.295,1748498399999,4937985.95668,14511,24920.345,2413161.09709
1748498400000,96.64,97.19,96.38,97.04,49643.803,1748501999999,4807229.18718,13328,25451.251,2464287.08235
1748502000000,97.05,97.29,96.68,96.96,41877.314,1748505599999,4061364.71014,13465,20309.174,1969080.43628
1748505600000,96.97,97.62,96.51,97.46,69070.353,1748509199999,6716146.81473,18330,35290.000,3431460.52439
1748509200000,97.47,97.65,97.23,97.53,44443.265,1748512799999,4330353.05165,12639,22210.406,2164449.98551
1748512800000,97.53,97.62,97.10,97.54,34670.484,1748516399999,3376787.26935,12661,15625.243,1522178.95241
1748516400000,97.54,97.55,96.87,97.07,47938.029,1748519999999,4660315.20507,14243,19589.716,1905563.52728
1748520000000,97.07,97.08,96.22,96.52,119611.497,1748523599999,11556639.18594,26299,66364.753,6412968.17926
1748523600000,96.52,97.15,95.63,95.95,121560.570,1748527199999,11701094.48429,26533,63451.148,6105985.22587
1748527200000,95.94,96.39,94.68,96.25,206259.988,1748530799999,19692268.62909,37070,97600.292,9314573.28808
1748530800000,96.26,96.59,95.52,95.71,107388.021,1748534399999,10324585.10857,20532,51504.549,4951520.05922
1748534400000,95.71,96.08,94.58,94.82,103521.693,1748537999999,9860504.42795,22680,46358.835,4418014.52049
1748538000000,94.82,95.48,94.60,95.35,110350.776,1748541599999,10493629.38168,22605,55451.687,5272616.88824
1748541600000,95.36,95.66,94.29,94.32,102965.582,1748545199999,9776078.39600,20337,44359.033,4213684.46961
1748545200000,94.33,94.55,93.56,93.76,130689.241,1748548799999,12269997.13831,27407,63835.163,5993951.21182
1748548800000,93.76,94.28,93.50,93.70,91406.989,1748552399999,8586361.04413,20248,45544.298,4279130.82474
1748552400000,93.70,94.68,93.68,94.62,54598.553,1748555999999,5141465.78999,13269,29095.300,2739613.98324
1748556000000,94.63,94.63,93.73,93.75,57207.805,1748559599999,5393584.00020,14255,20138.624,1898680.60943
1748559600000,93.76,94.06,92.76,93.14,132388.296,1748563199999,12355276.14478,23050,42321.716,3951230.32167
1748563200000,93.14,93.84,89.18,90.26,428231.985,1748566799999,39232407.08338,64993,168193.527,15395154.02443
1748566800000,90.27,91.74,90.04,91.28,187600.194,1748570399999,17086968.84760,40982,98746.739,8992505.60082
1748570400000,91.28,92.00,91.13,91.58,97222.291,1748573999999,8913356.72486,23365,46988.589,4308107.73225
1748574000000,91.58,92.08,91.44,91.72,58242.892,1748577599999,5348910.10378,16134,28594.148,2626627.39330
1748577600000,91.71,91.84,91.38,91.56,74835.982,1748581199999,6856447.02469,16687,36228.120,3319564.38812
1748581200000,91.57,91.98,91.42,91.80,68536.210,1748584799999,6284527.54956,15029,31599.826,2898612.03002
1748584800000,91.80,91.83,89.89,90.40,165213.411,1748588399999,14985024.98094,26980,61500.625,5576371.94990
1748588400000,90.39,91.06,90.27,90.50,93910.930,1748591999999,8515990.46633,22405,48535.435,4401293.19022
1748592000000,90.51,90.62,89.81,90.02,141500.777,1748595599999,12768917.18992,27171,70638.535,6377062.47908
1748595600000,90.03,90.33,89.08,90.20,157931.075,1748599199999,14183508.77944,29924,75914.954,6819255.79079
1748599200000,90.20,90.37,89.72,90.10,116155.045,1748602799999,10453968.27468,24354,53602.090,4824567.42037
1748602800000,90.11,90.70,90.04,90.50,73524.595,1748606399999,6647721.35625,19023,36644.486,3313303.01744
1748606400000,90.51,90.68,89.19,90.15,144067.506,1748609999999,12958956.17623,29613,65836.957,5924488.26029
1748610000000,90.16,90.50,89.01,89.15,126094.136,1748613599999,11316988.01051,26420,55011.458,4936072.49516
1748613600000,89.15,90.02,88.88,89.76,150954.264,1748617199999,13502590.22370,28669,69516.922,6219618.62017
1748617200000,89.75,90.30,89.51,89.56,119528.991,1748620799999,10754820.13473,20501,56924.071,5123085.22674
1748620800000,89.57,89.86,86.32,87.17,496222.164,1748624399999,43450275.97547,68731,213381.800,18677404.59391
1748624400000,87.17,87.84,86.90,87.59,152127.770,1748627999999,13295037.38121,30224,74855.147,6543570.05006
1748628000000,87.59,88.75,87.49,88.64,112251.537,1748631599999,9907326.61555,21022,51359.170,4530808.46896
1748631600000,88.63,89.03,88.37,88.47,67889.826,1748635199999,6019238.40582,14320,32002.647,2838501.81004
1748635200000,88.47,88.55,87.95,88.05,64697.405,1748638799999,5706671.32101,14239,26136.644,2305805.71408
1748638800000,88.05,88.37,87.29,87.59,68287.674,1748642399999,5998461.75873,14231,22846.344,2009891.19520
1748642400000,87.60,87.75,85.68,85.74,165181.432,1748645999999,14310498.38101,30424,81152.555,7031843.19102
1748646000000,85.74,86.20,84.71,85.55,223049.085,1748649599999,19073662.26366,42572,100247.983,8577262.81980
1748649600000,85.56,85.80,83.50,84.38,231276.849,1748653199999,19582438.21268,48495,104610.484,8868302.88305
1748653200000,84.37,85.11,83.20,83.99,216331.239,1748656799999,18163844.25133,47242,110966.772,9316171.02031
1748656800000,83.99,84.80,83.50,83.71,88548.498,1748660399999,7445935.85002,25526,45264.268,3806079.45905
1748660400000,83.70,84.34,83.06,84.26,110697.719,1748663999999,9266345.13940,28382,60717.344,5086722.55369
1748664000000,84.26,84.82,83.42,84.71,96821.694,1748667599999,8152695.06968,24811,49834.508,4197020.80894
1748667600000,84.71,84.92,84.28,84.55,67509.115,1748671199999,5713890.41723,17235,29752.925,2518827.15467
1748671200000,84.56,85.24,84.45,85.00,74915.438,1748674799999,6364629.27636,18389,36484.505,3098877.55128
1748674800000,85.01,85.19,84.71,84.93,46052.871,1748678399999,3913676.85879,13747,19902.476,1691387.42972
1748678400000,84.94,85.24,84.62,84.97,64865.801,1748681999999,5509726.26874,17154,31211.414,2651218.61219
1748682000000,84.97,85.21,84.58,84.99,58756.417,1748685599999,4989378.03633,16288,31088.211,2640821.02590
1748685600000,85.00,85.66,84.77,85.18,103378.879,1748689199999,8808980.29835,21563,50236.769,4281966.83966
1748689200000,85.18,85.32,84.69,84.94,59130.478,1748692799999,5023541.48284,12602,24613.221,2091710.47669
1748692800000,84.95,86.43,84.88,86.41,102293.992,1748696399999,8773762.94028,19876,65282.522,5599764.92485
1748696400000,86.40,87.06,86.29,86.49,112199.752,1748699999999,9730262.15756,24888,57258.826,4966375.17146
1748700000000,86.49,87.14,86.41,87.04,59573.555,1748703599999,5176095.01203,17875,28693.101,2492961.48396
1748703600000,87.04,87.66,86.86,86.98,91961.460,1748707199999,8018670.76463,18961,42153.940,3675655.61973
1748707200000,86.98,87.83,86.75,87.69,77693.702,1748710799999,6792910.55670,17986,38288.211,3346881.16464
1748710800000,87.69,87.89,87.08,87.16,64025.855,1748714399999,5605939.69886,16098,28183.818,2468754.53528
1748714400000,87.15,87.47,86.97,87.27,44532.524,1748717999999,3883313.68821,13293,22352.896,1949089.07158
1748718000000,87.28,87.74,87.28,87.51,33708.286,1748721599999,2951771.95066,13044,18162.087,1590414.16891
1748721600000,87.51,87.65,87.29,87.57,28228.796,1748725199999,2469622.84671,12040,12388.666,1084034.15703
1748725200000,87.58,87.87,87.45,87.75,37312.175,1748728799999,3271587.14631,12303,19611.011,1719441.06084
1748728800000,87.76,87.84,87.21,87.25,29491.930,1748732399999,2582438.01153,13382,13391.821,1172798.88315
1748732400000,87.25,87.67,86.93,86.99,61673.373,1748735999999,5382563.13137,14945,29641.278,2587034.15170
1748736000000,87.00,87.05,86.61,87.02,59893.286,1748739599999,5200699.11030,15847,27892.565,2421975.67811
1748739600000,87.02,87.34,86.24,86.56,59525.564,1748743199999,5166973.52370,16426,20520.500,1781773.90287
1748743200000,86.57,87.16,86.12,86.97,62575.492,1748746799999,5419193.28085,17327,31166.412,2700155.35624
1748746800000,86.97,87.16,86.40,87.00,40873.556,1748750399999,3549736.43114,12220,18435.550,1601337.96041
1748750400000,87.00,87.54,86.89,87.36,38442.604,1748753999999,3353415.44700,11732,18971.728,1655164.81840
1748754000000,87.36,87.45,86.92,87.05,36372.938,1748757599999,3172057.06682,10947,14588.336,1272101.84159
1748757600000,87.05,87.07,86.51,86.58,50073.735,1748761199999,4343703.61701,12603,19409.826,1683640.78633
1748761200000,86.58,86.71,86.27,86.56,32925.531,1748764799999,2848964.08052,10224,15170.909,1312746.40233
1748764800000,86.57,86.73,86.31,86.59,98774.922,1748768399999,8546346.01343,16737,58918.018,5098354.02582
1748768400000,86.59,86.86,85.68,86.24,134191.301,1748771999999,11576965.97976,23005,57469.513,4957087.35780
1748772000000,86.24,86.61,86.04,86.47,46216.606,1748775599999,3990876.30135,14442,25337.040,2188015.14535
1748775600000,86.48,86.97,86.27,86.71,47722.513,1748779199999,4136959.97650,10524,24722.910,2143915.91047
1748779200000,86.71,86.92,86.15,86.52,46273.296,1748782799999,4002636.03510,11598,21823.973,1888195.80105
1748782800000,86.52,87.86,86.49,87.41,111925.639,1748786399999,9772559.66739,16957,69110.428,6036932.10656
1748786400000,87.42,87.85,87.35,87.45,60196.173,1748789999999,5273669.61056,14745,32002.139,2803740.41575
1748790000000,87.45,87.70,87.22,87.68,44511.918,1748793599999,3892377.42590,11151,23178.775,2027060.25817
1748793600000,87.68,88.40,87.46,88.09,112552.540,1748797199999,9906367.47583,21331,56637.320,4985432.00787
1748797200000,88.09,88.17,87.75,88.01,52764.950,1748800799999,4643731.73648,11075,20435.264,1798563.07730
1748800800000,88.02,88.02,86.74,87.40,77171.149,1748804399999,6737918.14872,14762,36070.508,3148803.39468
1748804400000,87.41,88.01,87.36,88.00,34035.654,1748807999999,2982411.99246,9995,16383.067,1436318.45562
1748808000000,87.99,88.19,87.64,87.81,44227.640,1748811599999,3889268.71227,11616,21195.685,1864499.77063
1748811600000,87.81,88.29,87.75,88.26,26633.234,1748815199999,2344948.16095,7715,15003.312,1321160.84423
1748815200000,88.26,88.52,88.14,88.24,39616.108,1748818799999,3498725.80200,10562,16557.133,1462547.72873
1748818800000,88.24,88.67,88.24,88.36,26646.376,1748822399999,2357249.19640,8891,14000.489,1238547.80660
1748822400000,88.35,88.48,88.03,88.23,45315.007,1748825999999,3999180.43266,14680,22764.452,2009542.83360
1748826000000,88.23,88.57,87.86,87.87,45847.677,1748829599999,4042543.08931,13237,16805.624,1482047.05726
1748829600000,87.88,87.92,87.38,87.44,51758.546,1748833199999,4537564.03960,13283,23453.105,2056934.85064
1748833200000,87.45,87.54,86.92,87.34,59068.661,1748836799999,5151103.19929,14425,31145.623,2716058.62182
1748836800000,87.33,87.73,87.20,87.36,27481.801,1748840399999,2403710.75119,10598,15103.957,1321245.26863
1748840400000,87.36,87.78,87.19,87.57,33570.599,1748843999999,2935969.61193,11362,18656.304,1631577.07657
1748844000000,87.58,88.34,87.36,88.07,58804.365,1748847599999,5170106.00556,13457,28063.382,2466916.27780
1748847600000,88.07,89.88,88.06,89.00,299394.629,1748851199999,26685003.78213,36569,181190.098,16147103.05007
1748851200000,89.00,89.61,88.46,88.70,110462.268,1748854799999,9838722.50114,22007,46384.186,4135115.69979
1748854800000,88.70,89.02,88.11,88.20,96335.324,1748858399999,8525651.73830,20242,46968.963,4157231.15347
1748858400000,88.19,88.48,87.75,88.35,100577.486,1748861999999,8862430.76634,19189,47128.384,4153261.97650
1748862000000,88.34,88.43,87.62,87.82,62496.830,1748865599999,5499374.23714,13803,24846.262,2186599.68991
1748865600000,87.82,88.58,87.62,88.54,70747.642,1748869199999,6235927.15589,16224,34679.628,3056466.55878
1748869200000,88.55,88.67,87.60,87.67,81183.917,1748872799999,7155830.42975,18920,38394.313,3385740.64461
1748872800000,87.67,88.60,87.33,88.15,84719.650,1748876399999,7454372.00738,23217,43278.775,3809180.66101
1748876400000,88.14,88.66,87.80,88.39,58257.151,1748879999999,5144830.12261,15832,31465.603,2778343.54752
1748880000000,88.40,88.41,87.68,87.94,55536.384,1748883599999,4888898.13348,13881,25634.028,2256843.51448
1748883600000,87.94,88.50,87.69,88.39,56783.045,1748887199999,4997664.84416,12978,26599.338,2341677.93646
1748887200000,88.38,89.08,88.34,88.61,75647.402,1748890799999,6713497.73804,18488,36461.415,3235836.67304
1748890800000,88.61,88.97,87.98,88.58,65447.747,1748894399999,5786648.11658,16385,36673.646,3242785.47740
1748894400000,88.59,89.17,88.57,88.82,45231.231,1748897999999,4020924.61157,14245,22274.015,1979914.91146
1748898000000,88.83,89.14,88.67,89.13,32225.330,1748901599999,2864615.58369,10739,15183.040,1349723.31562
1748901600000,89.14,89.79,89.13,89.46,71521.724,1748905199999,6399691.40476,18831,34953.084,3127528.75688
1748905200000,89.47,89.94,89.41,89.49,64368.581,1748908799999,5771922.56283,14323,30878.790,2769552.42573
1748908800000,89.49,90.25,89.30,90.05,92312.083,1748912399999,8302359.14390,20158,48644.910,4375773.03386
1748912400000,90.06,90.54,89.94,90.46,73998.835,1748915999999,6681045.62081,16252,39909.846,3603402.13450
1748916000000,90.46,90.55,89.64,89.71,81566.395,1748919599999,7344347.41972,14951,35982.524,3240353.62703
1748919600000,89.71,89.81,89.32,89.46,56614.748,1748923199999,5068687.50812,12182,24362.690,2181405.87651
1748923200000,89.45,89.48,88.99,89.11,43498.160,1748926799999,3878916.54730,10707,15768.114,1406470.36071
1748926800000,89.11,89.74,89.11,89.68,37885.168,1748930399999,3391289.36679,10360,23448.713,2098954.30387
1748930400000,89.68,89.83,89.37,89.81,41772.801,1748933999999,3741371.61386,8832,20552.410,1841216.69001
1748934000000,89.81,89.93,89.35,89.41,47718.708,1748937599999,4276290.13109,10042,19236.274,1723870.50370
1748937600000,89.41,89.53,88.93,89.40,65657.820,1748941199999,5859675.44060,13897,32866.800,2933412.11683
1748941200000,89.40,89.72,89.29,89.63,46439.444,1748944799999,4156305.40687,9168,20949.964,1875263.18577
1748944800000,89.63,89.63,89.01,89.17,67102.217,1748948399999,5988654.39403,11718,33034.045,2947783.95807
1748948400000,89.18,89.29,88.70,88.90,50463.277,1748951999999,4489903.04085,10244,20927.120,1862382.73673
1748952000000,88.91,89.13,88.66,88.99,45309.510,1748955599999,4029037.55851,10038,21395.538,1902552.59373
1748955600000,88.99,89.59,88.89,89.31,98997.389,1748959199999,8839665.63580,17695,48649.549,4345175.70166
1748959200000,89.32,90.13,88.82,90.06,99778.552,1748962799999,8929740.01070,20031,52882.108,4733798.81410
1748962800000,90.06,90.20,89.69,89.84,84427.121,1748966399999,7589506.97873,15060,38819.275,3490659.02195
1748966400000,89.83,90.02,89.52,89.54,73784.225,1748969999999,6626423.31510,14522,36210.506,3252854.63469
1748970000000,89.54,90.09,89.46,89.97,54512.251,1748973599999,4897051.90865,11448,32581.946,2926730.48727
1748973600000,89.97,90.12,89.60,90.09,38962.926,1748977199999,3501253.88872,10587,18672.217,1678336.98596
1748977200000,90.09,90.52,90.00,90.29,58459.802,1748980799999,5279212.40951,10978,27814.107,2511923.17065
1748980800000,90.29,90.31,89.36,89.81,59839.716,1748984399999,5374811.65067,14300,27169.316,2440514.16956
1748984400000,89.82,89.89,88.61,88.96,70175.389,1748987999999,6265427.19337,15038,28953.849,2586397.50533
1748988000000,88.96,89.84,88.87,89.69,45272.537,1748991599999,4049388.67147,11901,26329.616,2355055.32857
1748991600000,89.69,89.86,89.36,89.45,33928.011,1748995199999,3039833.01682,9803,14826.797,1328397.22389
1748995200000,89.45,90.35,89.41,90.35,59823.217,1748998799999,5377821.98246,14961,30054.329,2702493.08786
1748998800000,90.35,90.68,90.02,90.31,98012.555,1749002399999,8857750.32636,17668,48014.095,4339376.91830
1749002400000,90.31,90.69,89.90,90.00,39571.673,1749005999999,3573874.43079,11474,13487.699,1218237.39468
1749006000000,89.99,90.58,89.93,90.37,60574.327,1749009599999,5474407.97036,13173,34980.316,3161665.77104
1749009600000,90.37,90.88,90.33,90.74,39454.597,1749013199999,3575303.58266,12081,19189.388,1739300.11484
1749013200000,90.74,90.78,90.17,90.20,45187.416,1749016799999,4084828.11968,11980,20261.722,1831752.38891
1749016800000,90.19,90.27,89.85,90.12,51288.359,1749020399999,4619185.78457,12631,23036.023,2074916.29470
1749020400000,90.12,90.35,90.00,90.27,39108.521,1749023999999,3527398.02564,8355,21869.314,1972723.95486
1749024000000,90.26,90.62,90.26,90.34,35741.823,1749027599999,3232983.02162,9744,15485.810,1400868.90635
1749027600000,90.33,90.79,90.05,90.79,59051.622,1749031199999,5339353.78295,13868,29727.093,2687742.00671
1749031200000,90.78,90.92,90.57,90.60,62610.207,1749034799999,5684232.56631,14345,24057.132,2184343.28812
1749034800000,90.59,90.73,90.07,90.10,54067.380,1749038399999,4888258.95374,12688,25772.991,2330155.14933
1749038400000,90.11,90.27,89.56,89.85,79178.055,1749041999999,7119159.23402,14978,41422.752,3725148.64172
1749042000000,89.85,90.52,89.73,89.85,98881.172,1749045599999,8905225.98778,16313,45341.503,4084714.10693
1749045600000,89.85,90.12,89.24,90.10,97442.431,1749049199999,8733778.71092,17564,45644.350,4091783.64474
1749049200000,90.10,90.30,89.88,90.01,58287.118,1749052799999,5250941.93660,12466,27674.191,2493218.37511
1749052800000,90.02,90.03,89.62,89.78,54070.063,1749056399999,4856525.38438,10617,24006.085,2156273.15684
1749056400000,89.78,89.80,88.76,88.99,80097.732,1749059999999,7139472.90038,15053,34268.926,3054084.19616
1749060000000,89.00,89.35,88.94,89.13,42761.872,1749063599999,3814205.04057,10005,18507.444,1650696.91542
1749063600000,89.13,89.34,88.86,88.86,49407.576,1749067199999,4402334.95231,9826,21134.715,1883665.15813
1749067200000,88.85,88.86,87.81,87.95,122550.762,1749070799999,10811189.48598,20300,54604.514,4816813.45840
1749070800000,87.95,88.57,87.28,88.34,107782.015,1749074399999,9453211.13474,17773,42642.115,3743611.56163
1749074400000,88.34,88.41,87.64,87.68,36209.465,1749077999999,3187923.34233,11309,16323.151,1437800.43160
1749078000000,87.68,88.14,87.60,87.91,40608.684,1749081599999,3569310.00911,10746,21856.907,1921660.19676
1749081600000,87.92,88.51,87.83,88.38,50631.444,1749085199999,4465203.90620,15213,20249.752,1785878.06291
1749085200000,88.38,88.67,88.26,88.43,32410.188,1749088799999,2866882.13318,10470,13923.720,1232005.16800
1749088800000,88.43,89.00,88.40,88.62,44619.421,1749092399999,3961718.85196,11548,23009.324,2043158.01803
1749092400000,88.61,88.64,88.21,88.31,29581.771,1749095999999,2614446.43490,8847,13149.689,1162269.91206
1749096000000,88.31,88.53,88.12,88.43,29571.812,1749099599999,2612398.20388,9315,14717.668,1300146.75121
1749099600000,88.42,88.45,87.56,87.76,40317.254,1749103199999,3543229.98502,12319,18651.700,1638850.14286
1749103200000,87.76,87.97,87.25,87.36,54927.595,1749106799999,4813639.05398,11357,25226.065,2211435.92777
1749106800000,87.35,87.87,87.19,87.45,69489.137,1749110399999,6080577.84770,14424,34462.046,3016173.16303
1749110400000,87.46,87.92,87.46,87.67,35588.547,1749113999999,3121246.70982,11045,17983.763,1577224.93148
1749114000000,87.68,88.05,87.68,87.87,36108.469,1749117599999,3173558.46610,9417,17214.155,1513095.55107
1749117600000,87.87,87.96,87.03,87.31,54215.631,1749121199999,4735958.07136,13057,20749.798,1813121.22964
1749121200000,87.32,87.84,87.06,87.78,48815.091,1749124799999,4268862.12238,10492,29888.847,2614760.97870
1749124800000,87.78,89.05,87.69,88.76,120460.113,1749128399999,10655199.54044,21793,58067.362,5135316.76912
1749128400000,88.77,89.08,87.46,87.58,130775.553,1749131999999,11553779.79023,24093,63449.269,5604397.52218
1749132000000,87.57,88.29,86.76,87.85,144525.903,1749135599999,12642698.04541,27469,69561.545,6087905.19051
1749135600000,87.85,88.20,87.49,87.49,50649.405,1749139199999,4449565.60503,11770,27283.424,2396877.81205
1749139200000,87.50,87.56,86.13,86.37,128183.497,1749142799999,11116456.67216,26397,55606.469,4822300.12608
1749142800000,86.37,86.93,86.16,86.83,78065.716,1749146399999,6756818.23240,16861,36944.080,3198565.66309
1749146400000,86.83,87.02,86.03,86.74,72321.395,1749149999999,6264644.08300,17236,32535.244,2818683.75642
1749150000000,86.73,86.83,84.74,85.72,218605.113,1749153599999,18687250.81926,36709,102350.853,8748853.14782
1749153600000,85.72,86.05,82.06,82.17,390146.314,1749157199999,32641972.64612,62408,182271.689,15258067.45717
1749157200000,82.16,83.59,81.91,83.51,216441.449,1749160799999,17889374.28628,41209,113891.263,9416645.40917
1749160800000,83.51,83.51,82.48,83.17,109612.178,1749164399999,9095648.71311,22475,49267.566,4087782.60394
1749164400000,83.18,83.78,83.15,83.53,68929.295,1749167999999,5758035.04075,17391,31122.469,2600296.33606
1749168000000,83.53,84.34,83.11,84.21,91745.277,1749171599999,7688186.84871,23227,45389.342,3805280.11595
1749171600000,84.21,84.31,83.81,84.00,58124.532,1749175199999,4883151.97170,13708,26481.440,2224926.26868
1749175200000,83.99,84.35,83.49,84.34,63757.786,1749178799999,5349685.90688,14962,32264.310,2708581.04279
1749178800000,84.33,84.40,83.80,84.35,86257.479,1749182399999,7258140.52964,16146,41984.863,3533213.15717
1749182400000,84.34,84.54,83.92,84.35,50360.004,1749185999999,4242624.53325,14159,27725.561,2335839.88550
1749186000000,84.35,84.37,83.60,83.89,83801.321,1749189599999,7035695.32092,19478,36352.360,3052742.01674
1749189600000,83.89,84.40,83.73,84.04,56814.286,1749193199999,4773356.23754,16381,27055.894,2273806.43638
1749193200000,84.03,84.24,83.60,83.83,57122.867,1749196799999,4790066.93083,14491,22579.214,1893792.60914
1749196800000,83.84,84.20,83.79,83.99,35648.562,1749200399999,2996095.58981,11314,18908.851,1589183.48971
1749200400000,84.00,84.36,83.88,83.90,43970.722,1749203999999,3697197.37148,11703,21846.516,1837141.81799
1749204000000,83.91,84.51,83.88,84.26,60170.739,1749207599999,5068770.98508,12975,27665.948,2331068.88869
1749207600000,84.27,84.66,84.22,84.54,48457.814,1749211199999,4092660.43375,12554,24527.009,2071320.89851
1749211200000,84.55,85.81,84.49,85.04,107553.293,1749214799999,9148255.51074,23682,48882.364,4158241.86326
1749214800000,85.04,86.24,85.04,85.89,91713.704,1749218399999,7861144.63521,18400,47893.041,4104753.77748
1749218400000,85.89,86.63,85.74,86.61,105116.904,1749221999999,9053135.43241,16764,58758.940,5059088.04609
1749222000000,86.60,86.89,86.05,86.53,84560.808,1749225599999,7314794.33360,18152,37246.266,3221311.86608
1749225600000,86.53,86.98,86.47,86.60,62246.772,1749229199999,5397533.42496,14870,28934.327,2509616.27210
1749229200000,86.60,86.86,86.15,86.81,65031.709,1749232799999,5619454.03319,14515,30658.319,2649826.91501
1749232800000,86.81,86.86,86.18,86.39,58508.996,1749236399999,5057881.11251,13463,28006.841,2421441.73061
1749236400000,86.38,86.90,86.36,86.74,52266.819,1749239999999,4529146.87961,13048,31894.842,2763943.44824
1749240000000,86.73,87.63,86.66,87.57,74160.371,1749243599999,6471237.05625,16622,37756.436,3294277.76714
1749243600000,87.57,87.62,87.16,87.23,34022.586,1749247199999,2972000.28601,9692,15966.270,1394566.19496
1749247200000,87.24,87.31,86.86,87.18,37438.879,1749250799999,3259619.17367,10650,16436.057,1431007.31834
1749250800000,87.18,87.22,86.91,87.22,28955.242,1749254399999,2521496.81799,7749,14879.630,1295932.32306
1749254400000,87.21,87.45,87.04,87.44,60360.633,1749257999999,5267463.66297,14260,30619.536,2672486.73813
1749258000000,87.44,87.47,86.64,86.75,44955.537,1749261599999,3908196.78260,12509,18893.013,1642240.29408
1749261600000,86.74,87.38,86.59,87.36,44661.222,1749265199999,3883416.59247,11903,28484.157,2477644.81037
1749265200000,87.35,88.01,87.30,87.60,56815.455,1749268799999,4984973.11115,13625,30373.812,2665135.93598
1749268800000,87.60,87.75,87.43,87.55,27434.502,1749272399999,2402080.08132,9618,11377.348,996105.75105
1749272400000,87.55,87.95,87.37,87.94,24261.156,1749275999999,2126022.05421,9188,12390.035,1085912.11359
1749276000000,87.94,88.11,87.69,88.09,39914.168,1749279599999,3507568.33163,10326,20744.701,1823174.01063
1749279600000,88.10,88.29,87.84,88.29,41827.254,1749283199999,3685106.01478,11678,20665.468,1820963.09685
1749283200000,88.29,88.43,87.85,87.97,46688.938,1749286799999,4114383.99587,11808,22270.918,1962505.65994
1749286800000,87.96,88.13,87.72,87.89,25527.744,1749290399999,2244319.31814,7979,11968.117,1052424.24488
1749290400000,87.89,88.45,87.85,88.40,31955.318,1749293999999,2817106.45605,10070,18916.716,1667920.78906
1749294000000,88.39,88.63,88.29,88.45,38912.738,1749297599999,3443092.70362,10261,17815.405,1576350.60131
1749297600000,88.45,88.54,88.21,88.29,31509.925,1749301199999,2785476.92238,9852,16491.827,1458021.30973
1749301200000,88.29,88.74,88.21,88.60,38558.907,1749304799999,3412515.04806,8869,22138.111,1959075.55625
1749304800000,88.59,88.80,88.44,88.77,44044.082,1749308399999,3903562.49464,9362,21670.224,1920733.92715
1749308400000,88.76,88.96,88.58,88.94,59459.712,1749311999999,5275741.83900,11261,23677.051,2101475.79958
1749312000000,88.94,89.27,88.70,88.71,77138.370,1749315599999,6868810.23180,16299,37030.604,3298824.86066
1749315600000,88.71,88.87,88.28,88.31,49898.252,1749319199999,4420480.52791,11820,19396.359,1718747.67760
1749319200000,88.31,88.56,87.92,88.03,53159.076,1749322799999,4691769.64347,14375,26646.414,2353160.01243
1749322800000,88.03,88.30,88.02,88.08,27655.117,1749326399999,2438607.20448,8627,16400.881,1446237.08584
1749326400000,88.09,88.46,88.09,88.26,25534.513,1749329999999,2255005.30599,8026,14784.537,1305548.55721
1749330000000,88.25,88.54,88.14,88.50,21116.228,1749333599999,1865637.57098,5858,11514.132,1017349.37909
1749333600000,88.50,88.89,88.41,88.53,37295.335,1749337199999,3306690.36512,10134,19206.006,1703046.42338
1749337200000,88.52,88.53,88.22,88.28,24959.461,1749340799999,2205366.69435,6438,8628.929,762419.85688
1749340800000,88.28,88.30,88.02,88.25,29498.318,1749344399999,2599705.65218,8777,12307.813,1084827.82332
1749344400000,88.24,88.60,88.19,88.52,33408.762,1749347999999,2953377.56897,8415,21309.485,1883877.27463
1749348000000,88.52,88.53,88.15,88.19,31206.185,1749351599999,2756791.15369,8215,13127.378,1159620.62919
1749351600000,88.20,88.50,88.08,88.36,37437.468,1749355199999,3305838.04004,7511,22663.389,2001649.96214
1749355200000,88.37,88.38,88.11,88.26,18444.403,1749358799999,1627817.33077,6534,8283.542,731075.18690
1749358800000,88.26,88.26,87.88,88.02,28881.321,1749362399999,2543690.63070,8015,11656.606,1026640.70715
1749362400000,88.03,88.50,87.70,87.77,96671.979,1749365999999,8508191.03752,17675,49207.186,4331114.02449
1749366000000,87.78,87.96,86.92,87.16,89385.184,1749369599999,7808697.49991,17835,42578.316,3720161.37615
1749369600000,87.17,87.37,87.11,87.19,41202.523,1749373199999,3594702.38774,11688,23142.424,2019078.68934
1749373200000,87.19,87.28,86.50,86.82,81370.204,1749376799999,7070990.07336,17784,28900.807,2511870.85182
1749376800000,86.83,86.95,86.62,86.89,65181.531,1749380399999,5656316.98874,12506,40713.608,3533142.15971
1749380400000,86.89,87.22,86.84,87.13,64887.220,1749383999999,5648146.88398,12135,42577.240,3705983.97191
1749384000000,87.14,87.32,87.00,87.31,43128.353,1749387599999,3759348.54245,10382,23678.906,2064166.40533
1749387600000,87.32,88.11,87.00,87.43,80830.768,1749391199999,7079508.33811,16335,40204.527,3521852.13077
1749391200000,87.43,87.93,87.30,87.90,44659.893,1749394799999,3912289.91822,14308,21078.701,1846985.94740
1749394800000,87.90,88.15,87.83,88.00,44452.272,1749398399999,3911372.10513,10842,19697.335,1733102.85493
1749398400000,88.01,88.34,87.98,88.31,47899.733,1749401999999,4223310.94900,12726,23941.863,2111022.50969
1749402000000,88.31,88.41,87.97,87.99,40195.788,1749405599999,3546829.91154,9053,16141.894,1424404.21785
1749405600000,88.00,88.15,87.82,87.95,37806.910,1749409199999,3325746.09298,8386,18596.616,1636197.56135
1749409200000,87.95,88.16,87.79,87.95,22576.838,1749412799999,1986184.22548,6207,9229.208,812018.03401
1749412800000,87.95,88.00,87.68,87.78,24491.601,1749416399999,2152064.87730,6948,11689.597,1027381.10519
1749416400000,87.79,88.17,87.78,88.07,21416.262,1749419999999,1883163.92026,5873,11304.374,993894.76403
1749420000000,88.08,88.09,87.12,87.22,63267.306,1749423599999,5537391.48306,13055,21044.677,1842132.35647
1749423600000,87.22,87.33,87.01,87.15,42166.649,1749427199999,3674499.04814,9596,18083.403,1576071.97526
1749427200000,87.14,87.51,87.03,87.25,41419.975,1749430799999,3612393.56002,12272,21323.481,1859753.76732
1749430800000,87.24,87.45,86.84,87.12,58758.988,1749434399999,5119777.63230,11068,27596.282,2406498.88718
1749434400000,87.11,87.73,86.93,87.57,37171.615,1749437999999,3246849.94083,8783,20249.434,1769092.31370
1749438000000,87.57,87.85,87.32,87.82,33605.233,1749441599999,2942159.70278,9023,16263.193,1424157.33454
1749441600000,87.81,88.06,87.17,87.30,55022.533,1749445199999,4822220.54134,12031,24577.277,2154359.20554
1749445200000,87.30,87.52,87.08,87.12,39698.297,1749448799999,3464470.71670,9496,15327.047,1337951.44817
1749448800000,87.12,87.45,86.83,87.40,36115.585,1749452399999,3146319.07642,8503,18443.860,1607347.67742
1749452400000,87.40,87.41,86.67,86.95,48106.762,1749455999999,4180049.01356,9310,24699.996,2145431.39174
1749456000000,86.96,87.57,86.78,87.57,53475.680,1749459599999,4660907.30867,11738,28989.565,2526955.93324
1749459600000,87.56,88.26,87.34,87.97,71615.700,1749463199999,6294976.62918,14880,38973.987,3425661.69854
1749463200000,87.97,88.79,87.94,88.42,110775.689,1749466799999,9800042.59242,18810,61139.332,5410108.50581
1749466800000,88.43,89.23,88.24,89.19,101573.142,1749470399999,9021973.45284,16166,55542.250,4933688.22973
1749470400000,89.18,89.42,88.78,89.29,68883.931,1749473999999,6138245.71928,12325,35579.396,3171004.37636
1749474000000,89.29,89.49,88.30,88.41,112384.226,1749477599999,9983491.53710,18142,50925.315,4524389.99592
1749477600000,88.41,88.76,87.62,87.77,174755.529,1749481199999,15411592.07128,30063,81432.503,7182183.06694
1749481200000,87.78,88.30,87.63,88.07,86375.071,1749484799999,7599810.68648,17585,42522.236,3740901.42510
1749484800000,88.07,88.91,88.07,88.61,121426.393,1749488399999,10757702.90401,19674,57656.449,5106998.73209
1749488400000,88.61,89.30,88.54,88.89,63723.500,1749491999999,5670577.62868,14644,32130.502,2859540.86029
1749492000000,88.88,89.04,88.42,88.57,66762.650,1749495599999,5922758.65176,13507,31918.772,2832237.93906
1749495600000,88.57,88.76,88.24,88.43,34785.350,1749499199999,3078706.59305,10780,18302.638,1619878.79647
1749499200000,88.42,88.73,88.42,88.65,34876.597,1749502799999,3090314.76532,8328,20084.754,1779675.24910
1749502800000,88.65,89.96,88.65,89.85,117882.992,1749506399999,10553926.25472,21551,56832.760,5086599.27270
1749506400000,89.86,90.60,89.79,90.56,103106.167,1749509999999,9302048.86451,19209,58495.741,5277814.07104
1749510000000,90.57,90.80,90.01,90.68,86303.499,1749513599999,7798138.22697,18350,49141.517,4441106.26563
1749513600000,90.69,91.21,90.63,90.86,100929.836,1749517199999,9171283.27628,20164,54328.899,4937484.38019
1749517200000,90.85,91.42,90.73,91.40,60266.196,1749520799999,5488872.61479,14060,31989.813,2913864.61389
1749520800000,91.40,91.45,90.78,91.15,77823.589,1749524399999,7090457.53453,17136,35130.898,3201632.25968
1749524400000,91.16,91.20,90.51,90.51,59134.272,1749527999999,5366396.17751,12234,21997.504,1996255.86120
1749528000000,90.51,90.70,90.08,90.27,78694.854,1749531599999,7107409.51630,12583,34742.669,3137935.55853
1749531600000,90.26,90.56,89.69,89.87,101309.360,1749535199999,9123307.95888,14951,43309.142,3902065.11909
1749535200000,89.87,90.49,89.60,90.25,82515.713,1749538799999,7428353.03761,14341,42583.350,3836304.88800
1749538800000,90.25,90.67,90.00,90.12,57273.428,1749542399999,5171469.63704,11625,25824.507,2331738.01945
1749542400000,90.13,90.45,89.77,89.80,52469.901,1749545999999,4726759.30219,11758,27380.450,2467928.51796
1749546000000,89.80,90.25,89.72,89.97,55090.594,1749549599999,4957778.97465,11429,31414.688,2827547.80463
1749549600000,89.97,90.08,89.46,89.87,64561.002,1749553199999,5793708.55365,11709,32641.778,2930179.27168
1749553200000,89.87,91.59,89.49,91.57,230585.527,1749556799999,20944180.08268,32742,122629.310,11134653.42218
1749556800000,91.56,93.10,91.25,92.39,331480.168,1749560399999,30591381.76641,45959,193253.089,17839801.20229
1749560400000,92.39,92.54,90.73,91.47,186446.421,1749563999999,17073448.28451,29464,96667.946,8854950.38888
1749564000000,91.47,91.53,90.60,90.69,97287.675,1749567599999,8850033.74238,20688,45477.506,4138271.39062
1749567600000,90.68,91.32,90.09,90.92,95803.143,1749571199999,8686821.90543,21206,48355.393,4384501.73712
1749571200000,90.92,91.16,90.58,90.60,54531.641,1749574799999,4955355.48035,12977,28806.190,2618077.87575
1749574800000,90.60,91.29,90.58,90.78,54193.385,1749578399999,4926036.88158,11585,30035.945,2730534.32501
1749578400000,90.79,91.66,90.61,91.56,64888.076,1749581999999,5923597.34271,12655,25662.968,2340996.39002
1749582000000,91.56,92.40,91.38,91.85,191721.684,1749585599999,17605127.49763,25493,108188.435,9932291.01789
1749585600000,91.86,92.34,91.22,92.32,86228.793,1749589199999,7900353.29530,17920,39097.820,3584401.94734
1749589200000,92.32,92.61,91.57,92.31,65983.257,1749592799999,6081371.99153,17253,30848.575,2844419.39473
1749592800000,92.32,93.36,92.31,92.89,103192.333,1749596399999,9582651.85156,20041,50148.149,4657594.78959
1749596400000,92.90,93.45,92.90,93.27,96971.243,1749599999999,9039505.71795,17389,58133.792,5418514.82276
1749600000000,93.27,93.61,91.95,92.02,129967.128,1749603599999,12059435.34663,25785,60137.898,5585186.96539
1749603600000,92.02,92.21,91.64,91.74,76944.343,1749607199999,7074640.57585,17872,33648.750,3094528.21661
1749607200000,91.75,92.17,91.42,91.58,51262.966,1749610799999,4701993.75399,11902,25972.578,2383107.90295
1749610800000,91.59,92.16,91.46,91.82,59638.136,1749614399999,5479280.51822,12945,33682.807,3094241.00447
1749614400000,91.83,92.04,91.48,91.97,86509.415,1749617999999,7939358.95706,12507,43115.654,3957752.92111
1749618000000,91.98,92.15,91.64,91.80,53011.108,1749621599999,4871003.58351,11242,26039.578,2393075.72329
1749621600000,91.80,92.03,91.58,91.86,60118.946,1749625199999,5515120.56895,12649,25447.803,2335415.36153
1749625200000,91.86,92.05,91.51,91.65,62393.506,1749628799999,5727484.55894,14134,37161.358,3410968.80724
1749628800000,91.66,92.42,91.65,91.87,95033.202,1749632399999,8746694.11264,17670,47230.047,4347303.46963
1749632400000,91.87,91.98,91.02,91.15,86848.411,1749635999999,7948383.40782,16136,34143.479,3124526.06536
1749636000000,91.15,91.53,90.92,91.43,71121.557,1749639599999,6487983.92040,15178,36041.072,3288013.62809
1749639600000,91.42,91.46,90.86,91.09,46392.780,1749643199999,4227905.99188,11447,20047.375,1827322.75157
1749643200000,91.09,92.32,90.80,91.90,180224.948,1749646799999,16518179.68471,30896,92088.806,8440921.16237
1749646800000,91.90,92.34,91.63,91.80,89675.052,1749650399999,8244443.77711,18242,47478.220,4365132.54690
1749650400000,91.81,93.11,91.66,92.67,155941.139,1749653999999,14419156.53322,22405,92800.030,8577098.14098
1749654000000,92.67,93.40,92.37,93.33,134506.621,1749657599999,12504073.48363,21448,75130.878,6986970.48225
1749657600000,93.33,93.90,92.89,93.57,137341.104,1749661199999,12826821.40430,23417,64658.771,6041435.12895
1749661200000,93.58,94.16,92.86,92.92,164251.766,1749664799999,15341185.29801,21680,66329.912,6199023.03632
1749664800000,92.92,92.92,91.76,92.30,156355.168,1749668399999,14443566.44272,25463,82522.286,7625792.74235
1749668400000,92.29,92.41,91.71,91.84,71424.415,1749671999999,6575715.31534,16652,37762.742,3476762.87214
1749672000000,91.82,92.36,91.31,92.06,86229.412,1749675599999,7922331.20652,16644,42419.426,3896309.75198
1749675600000,92.06,92.54,90.66,90.87,109218.831,1749679199999,9993568.25776,19898,54041.585,4947454.38450
1749679200000,90.86,91.40,90.34,90.88,113880.732,1749682799999,10338038.66918,27216,57810.297,5247353.71712
1749682800000,90.87,91.62,90.79,91.51,52492.500,1749686399999,4795656.84675,12372,28984.128,2648026.91957
1749686400000,91.52,91.85,90.78,91.43,65001.294,1749689999999,5941016.35808,17162,31011.562,2834471.20400
1749690000000,91.42,91.59,90.81,91.52,43885.270,1749693599999,4002900.71455,14190,21687.928,1978481.35352
1749693600000,91.52,91.79,91.00,91.15,42082.479,1749697199999,3842841.42666,12216,18136.282,1656850.26438
1749697200000,91.15,91.20,90.27,90.29,87695.129,1749700799999,7946852.80211,16799,30481.413,2762351.88512
1749700800000,90.29,90.37,89.50,90.03,150518.614,1749704399999,13530240.84671,22182,61188.427,5503261.56586
1749704400000,90.03,90.40,89.54,89.86,73499.574,1749707999999,6611236.72614,13327,34416.209,3096213.36970
1749708000000,89.85,90.16,89.43,89.90,69100.302,1749711599999,6205172.61970,13916,29399.928,2640339.26492
1749711600000,89.90,90.01,89.13,89.49,84095.186,1749715199999,7531549.74871,16730,31711.627,2841384.84707
1749715200000,89.48,90.04,89.07,89.74,97151.315,1749718799999,8694660.13932,20055,52376.132,4687592.97854
1749718800000,89.75,89.99,89.41,89.49,56844.201,1749722399999,5100405.93633,13670,25092.579,2252053.70784
1749722400000,89.50,89.54,88.66,88.92,119502.595,1749725999999,10636278.45833,20475,51060.691,4545403.40166
1749726000000,88.92,89.03,88.00,88.12,114360.837,1749729599999,10103242.87906,19475,48326.303,4271169.56250
1749729600000,88.12,88.89,88.04,88.56,95128.220,1749733199999,8417780.40312,19130,54361.310,4808403.54820
1749733200000,88.56,89.02,88.44,88.90,79169.498,1749736799999,7026636.90371,16836,40289.598,3576537.63866
1749736800000,88.91,89.35,88.90,89.06,75546.167,1749740399999,6733802.69092,16243,40001.423,3566014.25876
1749740400000,89.07,89.33,87.74,87.88,151894.548,1749743999999,13417715.30807,23666,60738.172,5366803.03950
1749744000000,87.88,89.06,87.79,88.87,86587.266,1749747599999,7670615.67347,20379,45595.077,4038590.32213
1749747600000,88.88,89.79,88.78,89.56,90688.853,1749751199999,8114504.52050,15748,36262.293,3243652.52866
1749751200000,89.57,89.59,88.12,88.48,75097.634,1749754799999,6667090.79442,16243,32964.648,2925638.53631
1749754800000,88.48,88.82,87.27,87.40,126288.146,1749758399999,11106122.83570,22267,49080.616,4315112.49684
1749758400000,87.40,87.72,85.95,86.42,236620.530,1749761999999,20545037.53948,35311,101609.603,8828574.37278
1749762000000,86.42,87.13,86.15,86.44,108482.593,1749765599999,9394459.19847,21243,60568.876,5244795.74290
1749765600000,86.44,86.76,85.99,86.21,95930.156,1749769199999,8284711.92349,17730,43410.441,3750945.36516
1749769200000,86.20,86.74,86.08,86.08,56033.847,1749772799999,4844982.86869,13353,27142.316,2347642.11622
1749772800000,86.09,86.09,82.33,82.78,505025.436,1749776399999,42353749.41967,83825,219124.449,18374311.99305
1749776400000,82.78,82.78,81.39,82.42,311898.035,1749779999999,25605074.84258,60726,147841.689,12138700.98693
1749780000000,82.42,82.48,81.21,82.10,166131.488,1749783599999,13599525.35998,33267,77168.482,6318975.50976
1749783600000,82.10,83.43,81.89,83.23,142147.592,1749787199999,11751490.94949,28914,73236.997,6053313.70678
1749787200000,83.23,83.23,82.42,82.95,91937.285,1749790799999,7613766.35739,20266,38224.530,3165534.38774
1749790800000,82.94,83.17,82.79,82.82,74044.914,1749794399999,6145173.97518,17052,32992.691,2738330.04461
1749794400000,82.82,83.92,82.38,83.91,96734.471,1749797999999,8026093.74925,20677,43757.627,3632624.18181
1749798000000,83.91,83.98,83.30,83.76,107810.982,1749801599999,9018566.66467,20570,56457.987,4723096.01917
1749801600000,83.77,84.38,83.41,83.69,90892.411,1749805199999,7628207.78860,20687,39055.105,3277906.78582
1749805200000,83.69,83.81,83.25,83.55,75440.414,1749808799999,6299948.02615,18252,32365.846,2703084.92757
1749808800000,83.56,83.83,83.16,83.81,57236.132,1749812399999,4777170.85015,16826,30349.489,2533783.96419
1749812400000,83.80,84.18,83.56,84.17,58061.085,1749815999999,4868363.55803,15351,29535.879,2476747.48450
1749816000000,84.17,84.44,83.67,83.76,85100.266,1749819599999,7158822.47615,16932,38503.155,3239167.26399
1749819600000,83.76,84.28,83.56,83.77,79060.027,1749823199999,6630604.25115,18472,37846.986,3174130.84926
1749823200000,83.78,84.06,82.78,83.63,127745.200,1749826799999,10643845.89553,24695,58411.213,4868513.60732
1749826800000,83.62,84.53,83.42,84.13,102970.288,1749830399999,8658917.90169,22048,51430.960,4324786.44047
1749830400000,84.13,85.03,83.88,85.01,100819.105,1749833999999,8523089.20120,20012,53419.529,4518713.73200
1749834000000,85.00,85.00,84.12,84.82,83682.347,1749837599999,7081230.52631,18719,34233.592,2897622.22895
1749837600000,84.81,84.97,83.72,84.31,71724.340,1749841199999,6040715.39764,18456,30217.402,2545008.56923
1749841200000,84.31,84.85,84.10,84.70,76300.232,1749844799999,6452667.76682,15949,42577.701,3601718.60369
1749844800000,84.70,85.74,84.65,85.66,77517.150,1749848399999,6600130.13761,17850,41458.304,3530527.33084
1749848400000,85.66,85.75,85.14,85.57,44553.552,1749851999999,3809846.42349,12853,19762.834,1689726.42622
1749852000000,85.58,85.92,85.52,85.88,50467.753,1749855599999,4327150.29329,11761,21767.554,1866239.56060
1749855600000,85.88,86.64,85.88,86.47,69130.898,1749859199999,5965786.22299,16204,36346.324,3136675.14168
1749859200000,86.47,86.48,85.73,85.86,92673.691,1749862799999,7976331.41414,17355,36828.384,3169914.11473
1749862800000,85.86,86.04,85.57,85.94,55638.394,1749866399999,4771490.68521,11216,24937.010,2139177.46303
1749866400000,85.95,86.21,85.81,85.99,30961.606,1749869999999,2661962.10096,8477,13447.980,1156365.23750
1749870000000,85.99,86.44,85.95,86.12,37068.743,1749873599999,3194558.19464,9449,18430.704,1588767.46874
1749873600000,86.12,86.45,86.05,86.29,44993.003,1749877199999,3882993.20091,11411,25594.279,2208599.44375
1749877200000,86.29,86.42,86.03,86.24,26396.916,1749880799999,2276474.57287,9189,12395.868,1069037.01168
1749880800000,86.23,86.37,85.92,85.96,41438.278,1749884399999,3567457.51983,10005,17879.493,1539698.36178
1749884400000,85.96,86.43,85.75,86.38,56555.630,1749887999999,4866101.07270,11476,26631.997,2291796.77619
1749888000000,86.37,86.87,86.17,86.78,56635.663,1749891599999,4901931.35483,12494,29684.008,2569638.72505
1749891600000,86.79,86.80,85.97,86.05,55325.350,1749895199999,4775958.10526,12527,23307.738,2012891.36931
1749895200000,86.06,86.43,85.87,86.30,41432.842,1749898799999,3568289.52611,10577,21025.843,1811041.19943
1749898800000,86.30,86.36,85.90,85.98,29599.075,1749902399999,2549257.56885,9319,14935.332,1286310.58341
1749902400000,85.98,86.17,85.73,86.16,42523.843,1749905999999,3654108.88660,11886,20291.809,1743910.07398
1749906000000,86.16,86.53,86.08,86.23,42135.074,1749909599999,3636942.93268,11052,22666.015,1956366.21015
1749909600000,86.23,86.24,85.68,85.72,53598.945,1749913199999,4605110.79448,11684,22224.163,1910174.67096
1749913200000,85.72,85.94,85.02,85.28,100716.877,1749916799999,8595564.39143,18724,41201.090,3516407.75762
1749916800000,85.28,85.43,84.14,84.29,113374.476,1749920399999,9606089.82141,20178,51124.908,4331803.12587
1749920400000,84.29,85.07,84.22,84.96,52769.171,1749923999999,4472216.16749,13887,30457.971,2581106.65551
1749924000000,84.97,85.30,84.20,84.67,59079.250,1749927599999,5000675.29417,13464,32845.756,2780121.28661
1749927600000,84.67,85.17,84.56,84.67,40057.774,1749931199999,3399267.64539,11570,20819.768,1767060.89694
1749931200000,84.68,84.97,84.19,84.82,56771.623,1749934799999,4799630.86521,12988,30815.398,2605936.63073
1749934800000,84.83,85.39,84.68,85.25,49335.164,1749938399999,4194805.20309,11186,25295.648,2151412.15911
1749938400000,85.26,85.36,84.93,85.10,34822.042,1749941999999,2966185.67519,8819,15927.894,1356951.87986
1749942000000,85.10,85.30,84.98,85.13,21906.115,1749945599999,1864798.56746,7588,10991.834,935821.95635
1749945600000,85.12,85.62,84.97,85.56,49895.823,1749949199999,4257751.95585,10376,30614.222,2613675.48983
1749949200000,85.56,85.65,85.16,85.36,39912.947,1749952799999,3407766.07967,9934,19154.581,1635781.28858
1749952800000,85.37,85.77,85.34,85.54,34747.971,1749956399999,2975014.87881,9030,16482.790,1411168.04367
1749956400000,85.54,85.87,85.50,85.77,19718.222,1749959999999,1689768.77751,7132,11652.560,998618.78672
1749960000000,85.77,86.14,85.72,86.11,48145.009,1749963599999,4138080.36010,8797,22778.665,1958085.43473
1749963600000,86.10,86.22,85.79,86.13,27071.096,1749967199999,2328301.99513,7425,13894.527,1195229.53519
1749967200000,86.13,86.22,85.60,85.60,32495.886,1749970799999,2789285.86103,8162,11044.342,948141.35754
1749970800000,85.60,85.60,85.29,85.46,34583.189,1749974399999,2954756.72532,8429,14820.845,1266381.18833
1749974400000,85.46,85.49,85.13,85.25,33550.337,1749977999999,2860017.97002,8903,15106.705,1287821.51209
1749978000000,85.24,85.45,84.95,85.02,44468.445,1749981599999,3787541.76914,10871,16937.831,1442572.91504
1749981600000,85.02,85.50,85.01,85.38,34261.929,1749985199999,2922432.95664,8780,17627.533,1503448.78716
1749985200000,85.37,85.50,85.06,85.30,31394.826,1749988799999,2677545.11013,7364,15515.548,1323294.11525
1749988800000,85.30,85.88,85.23,85.86,28892.403,1749992399999,2471089.92049,7377,17134.559,1465775.13082
1749992400000,85.86,86.42,85.75,86.27,54972.464,1749995999999,4732666.50777,11488,29482.448,2538764.48969
1749996000000,86.26,86.55,85.82,86.41,56714.896,1749999599999,4887996.76515,12838,30962.194,2669431.06029
1749999600000,86.42,86.44,86.07,86.10,41808.421,1750003199999,3605927.36426,10388,17130.584,1477849.03781
1750003200000,86.11,86.29,85.83,86.08,38089.570,1750006799999,3277391.07127,9455,16864.867,1451441.90290
1750006800000,86.08,86.21,85.72,86.03,32042.396,1750010399999,2753260.71311,8430,14311.640,1229861.88066
1750010400000,86.03,86.05,85.56,85.87,33760.731,1750013999999,2895995.64293,8331,18101.170,1552666.99590
1750014000000,85.87,86.30,85.73,86.02,43207.288,1750017599999,3716004.83078,10133,24019.574,2065850.50019
1750017600000,86.03,86.10,85.04,85.24,53783.606,1750021199999,4595456.06435,12888,22837.934,1951490.41349
1750021200000,85.24,85.43,84.87,85.43,35947.417,1750024799999,3061267.62755,8729,18699.285,1592615.70423
1750024800000,85.42,86.20,85.36,86.08,52864.403,1750028399999,4541312.26406,13216,27429.251,2355709.92394
1750028400000,86.09,86.32,85.98,86.24,36567.998,1750031999999,3151230.17970,8858,18761.657,1616890.42888
1750032000000,86.25,86.50,85.85,86.08,67215.810,1750035599999,5792352.01414,13888,34438.720,2968461.07895
1750035600000,86.09,86.74,85.29,86.64,83197.650,1750039199999,7145536.07408,16428,39530.461,3400423.54995
1750039200000,86.63,86.99,86.43,86.76,69551.724,1750042799999,6034513.60896,15684,36973.422,3207782.79592
1750042800000,86.77,86.79,86.37,86.49,37078.714,1750046399999,3208834.87227,10198,16846.847,1457852.44715
1750046400000,86.49,87.05,86.46,86.89,58527.414,1750049999999,5080361.33374,13917,30661.910,2661412.33840
1750050000000,86.88,87.55,86.55,87.21,90162.806,1750053599999,7856390.48698,15578,45474.048,3965597.23067
1750053600000,87.22,87.46,87.08,87.20,62758.479,1750057199999,5477711.61433,13279,29871.147,2607482.51457
1750057200000,87.20,87.69,87.17,87.49,65721.634,1750060799999,5746793.25495,13276,35528.902,3106836.87267
1750060800000,87.50,87.67,87.26,87.56,49260.310,1750064399999,4307852.46425,11229,24975.538,2184624.47057
1750064400000,87.57,87.59,87.05,87.16,43818.195,1750067999999,3823438.67305,10100,17309.268,1510433.31525
1750068000000,87.16,87.37,86.79,86.99,39073.159,1750071599999,3402273.69816,10229,19306.828,1681082.72550
1750071600000,86.99,87.32,86.56,87.07,82247.851,1750075199999,7150387.27264,13668,45512.580,3956868.51300
1750075200000,87.08,87.52,86.92,87.29,60910.691,1750078799999,5310026.41717,13260,33457.016,2917052.19995
1750078800000,87.29,87.96,87.29,87.93,64705.069,1750082399999,5669115.14733,15824,35856.922,3141998.26610
1750082400000,87.92,88.76,87.78,88.35,135970.972,1750085999999,12012110.57275,25715,68179.555,6023072.40669
1750086000000,88.35,88.53,87.86,87.93,96872.944,1750089599999,8547252.45548,18044,49179.297,4339060.19763
1750089600000,87.93,88.60,87.86,88.07,61448.669,1750093199999,5421027.00484,13457,32996.367,2910128.32469
1750093200000,88.07,88.34,87.87,88.02,39521.447,1750096799999,3482305.87885,10368,21071.681,1857100.25237
1750096800000,88.02,88.51,87.90,88.50,41020.693,1750100399999,3618762.23948,10359,24079.154,2124553.69958
1750100400000,88.50,88.88,88.50,88.80,56140.108,1750103999999,4979119.97056,13060,30238.346,2682064.28005
1750104000000,88.78,88.86,88.33,88.67,52514.900,1750107599999,4652382.21651,11037,26699.104,2365281.79000
1750107600000,88.67,88.75,88.34,88.68,28627.242,1750111199999,2535616.68115,8017,12149.764,1076090.18041
1750111200000,88.68,88.90,86.76,87.23,180323.738,1750114799999,15804174.93852,29778,87565.085,7672955.40683
1750114800000,87.22,87.93,86.43,86.64,130190.881,1750118399999,11360279.65908,27354,58413.655,5099442.77362
1750118400000,86.64,87.67,85.26,87.62,215815.597,1750121999999,18608459.35488,44262,107364.378,9264356.78083
1750122000000,87.63,87.74,86.85,86.94,76194.685,1750125599999,6647638.10559,19075,34070.375,2974013.75950
1750125600000,86.95,87.26,86.34,87.19,67589.505,1750129199999,5863373.51326,18038,33394.260,2898247.76536
1750129200000,87.19,87.34,86.84,87.12,56521.727,1750132799999,4922832.08184,13334,30911.770,2692786.62218
1750132800000,87.12,87.14,86.61,86.76,61406.905,1750136399999,5333813.93270,12484,27552.705,2392953.19697
1750136400000,86.75,86.80,86.02,86.24,59639.480,1750139999999,5151359.50134,12216,25502.208,2202869.98805
1750140000000,86.23,86.65,86.08,86.18,56916.864,1750143599999,4914365.92222,14109,25460.019,2198305.11237
1750143600000,86.18,86.46,85.96,86.35,45920.327,1750147199999,3959058.42604,12402,22132.148,1908640.08622
1750147200000,86.35,86.42,85.82,85.92,65941.451,1750150799999,5674394.50397,13991,25973.332,2235480.32167
1750150800000,85.92,86.22,85.81,86.00,49028.755,1750154399999,4216125.29894,14373,23255.265,1999747.24983
1750154400000,86.00,86.02,85.06,85.44,103958.547,1750157999999,8876731.58089,17691,53089.176,4533131.08257
1750158000000,85.43,85.45,84.78,85.08,69954.891,1750161599999,5948352.61522,14574,32779.997,2787356.54776
1750161600000,85.08,85.45,84.85,84.98,59430.513,1750165199999,5062931.67188,12762,32076.433,2732745.96769
1750165200000,84.98,85.66,84.81,85.37,75091.853,1750168799999,6406140.68012,15618,30222.547,2578249.42756
1750168800000,85.37,85.85,84.75,84.82,93570.189,1750172399999,7985189.21363,17300,44468.552,3796757.49664
1750172400000,84.82,84.88,83.69,84.04,178210.162,1750175999999,15008515.06259,31050,92244.792,7766338.57328
1750176000000,84.04,84.08,82.56,82.59,202294.518,1750179599999,16846691.62288,34962,81208.490,6767934.24575
1750179600000,82.58,83.56,82.43,83.09,123728.838,1750183199999,10267881.98534,26482,64620.363,5363559.60350
1750183200000,83.09,83.98,82.96,83.97,66616.234,1750186799999,5554529.07207,15709,35913.586,2994719.35328
1750186800000,83.97,85.16,83.96,84.77,105312.323,1750190399999,8912287.70555,20277,52238.409,4421406.15940
1750190400000,84.77,84.95,84.18,84.21,59299.200,1750193999999,5014360.14168,13342,27172.172,2298733.80950
1750194000000,84.21,84.58,83.94,84.39,65805.127,1750197599999,5548005.41886,15004,27096.586,2284090.30416
1750197600000,84.39,84.51,83.65,83.67,77639.530,1750201199999,6536109.75929,15769,38912.479,3277374.10391
1750201200000,83.68,84.54,83.67,84.17,43147.140,1750204799999,3635932.43438,10217,24986.233,2105896.55588
1750204800000,84.18,84.84,84.07,84.83,57156.946,1750208399999,4829273.48657,13045,27794.213,2348838.34179
1750208400000,84.83,85.63,84.81,84.94,78519.962,1750211999999,6691077.23768,15416,39508.234,3366412.48713
1750212000000,84.95,85.14,84.60,84.90,39690.776,1750215599999,3371054.61694,10667,15754.222,1337923.33033
1750215600000,84.89,85.48,84.75,85.24,32601.209,1750219199999,2774838.78901,9900,16215.514,1380264.99075
1750219200000,85.24,85.55,85.02,85.39,37410.212,1750222799999,3190646.45532,10035,18713.816,1596112.37379
1750222800000,85.40,85.56,85.21,85.28,45761.367,1750226399999,3907796.09093,10756,26603.981,2271854.88900
1750226400000,85.27,85.30,84.75,84.90,42731.340,1750229999999,3633214.87359,10047,16350.521,1390536.83428
1750230000000,84.89,85.09,84.66,85.09,40264.030,1750233599999,3417820.38594,9706,18132.487,1539486.53961
1750233600000,85.09,85.34,84.51,84.79,58908.798,1750237199999,5004009.26764,12446,27726.802,2356816.84164
1750237200000,84.79,85.04,84.37,84.54,45909.055,1750240799999,3888128.39494,11265,18964.282,1606496.05604
1750240800000,84.54,84.55,83.36,83.50,106113.100,1750244399999,8906875.23556,19243,49086.571,4118733.45820
1750244400000,83.49,84.52,83.34,84.40,90526.354,1750247999999,7604598.46120,19295,51326.723,4310219.32189
1750248000000,84.41,84.67,83.93,84.00,79369.361,1750251599999,6688754.42430,18294,32881.611,2772398.97099
1750251600000,84.00,84.42,83.28,84.36,134872.694,1750255199999,11306306.23352,27112,71985.831,6035388.25510
1750255200000,84.36,85.28,84.17,84.60,156727.973,1750258799999,13289915.22807,28901,82285.816,6981159.11477
1750258800000,84.61,85.02,84.29,84.78,76985.894,1750262399999,6525094.56541,17266,35774.245,3032617.90165
1750262400000,84.78,84.96,84.23,84.53,58991.590,1750265999999,4987036.15344,14292,27745.687,2345784.46188
1750266000000,84.53,84.85,83.95,84.64,102581.607,1750269599999,8660532.76428,18987,48634.244,4107076.60000
1750269600000,84.64,85.16,83.75,83.81,140481.457,1750273199999,11866784.36068,30836,68253.463,5769318.48727
1750273200000,83.81,84.72,83.69,84.19,84869.241,1750276799999,7152016.67499,21105,45501.345,3834684.16053
1750276800000,84.19,85.44,84.01,85.31,72132.407,1750280399999,6116112.12076,16281,43329.407,3675221.89656
1750280400000,85.32,85.43,84.82,85.12,57285.759,1750283999999,4874237.27590,13775,27563.683,2345730.66394
1750284000000,85.11,85.28,84.92,85.13,34074.712,1750287599999,2898557.85056,8532,15250.496,1297551.09619
1750287600000,85.13,85.30,84.71,85.03,32352.875,1750291199999,2750132.45492,7557,14013.858,1190906.59969
1750291200000,85.04,85.56,84.66,85.14,67948.286,1750294799999,5790573.60343,14273,31281.869,2665274.13411
1750294800000,85.15,85.16,84.58,84.66,61785.326,1750298399999,5238868.14384,13455,25414.633,2155244.28284
1750298400000,84.66,85.17,84.40,84.88,44323.184,1750301999999,3756819.94741,11432,21199.080,1797155.17522
1750302000000,84.88,85.21,84.87,85.14,23914.040,1750305599999,2033323.70704,7306,12277.033,1043881.76696
1750305600000,85.14,85.27,84.80,85.25,39885.424,1750309199999,3393220.36159,8537,19183.213,1631961.52017
1750309200000,85.25,85.44,85.11,85.20,37594.764,1750312799999,3205649.84115,8401,15288.127,1303709.96098
1750312800000,85.19,85.40,84.83,84.92,29865.496,1750316399999,2538995.14639,7953,14963.944,1271917.52975
1750316400000,84.93,85.25,84.88,84.96,41683.458,1750319999999,3545842.22167,8256,24435.282,2078908.37718
1750320000000,84.96,85.14,84.64,84.66,42236.133,1750323599999,3586337.42234,9552,20209.537,1716302.83839
1750323600000,84.65,85.46,84.60,85.32,71820.779,1750327199999,6110003.41286,12493,31278.580,2660395.20670
1750327200000,85.32,85.91,85.11,85.72,106579.782,1750330799999,9125515.56219,17230,61759.657,5288596.26375
1750330800000,85.72,85.72,85.17,85.43,49092.521,1750334399999,4191420.66481,9734,25061.733,2139518.34694
1750334400000,85.44,85.71,85.31,85.44,42145.649,1750337999999,3604170.72066,10476,17962.542,1535980.10523
1750338000000,85.44,85.51,84.77,84.84,65854.408,1750341599999,5603760.63681,13190,30440.782,2590636.59672
1750341600000,84.85,85.20,84.32,84.36,83201.636,1750345199999,7046707.02353,15229,36102.703,3059000.85998
1750345200000,84.36,85.12,84.32,84.77,81627.736,1750348799999,6918035.64658,16242,44918.010,3806840.86220
1750348800000,84.78,85.35,84.45,84.54,79042.346,1750352399999,6716003.38587,15651,37420.120,3179703.85879
1750352400000,84.54,85.22,84.18,84.89,105221.501,1750355999999,8920667.07341,20004,53835.765,4563946.16315
1750356000000,84.88,85.32,84.65,85.03,63164.527,1750359599999,5367391.91150,14445,30633.480,2603684.60348
1750359600000,85.04,85.32,84.90,85.19,38433.210,1750363199999,3270819.05438,10764,21737.718,1849922.49702
1750363200000,85.19,85.39,84.70,84.97,43871.053,1750366799999,3730944.25832,11876,22787.839,1938259.39683
1750366800000,84.98,85.20,84.75,84.93,53165.304,1750370399999,4516841.55354,10905,27898.659,2369472.31297
1750370400000,84.94,85.30,84.94,84.99,55835.383,1750373999999,4755245.95002,11405,26208.919,2232144.53359
1750374000000,85.00,85.17,84.85,85.06,37259.841,1750377599999,3169210.25496,8110,17834.948,1516992.32570
1750377600000,85.07,85.17,84.75,84.95,47787.223,1750381199999,4061485.71852,9442,20905.300,1776955.48771
1750381200000,84.96,85.04,84.69,84.91,29404.980,1750384799999,2495286.36205,8056,16471.956,1397840.76713
1750384800000,84.92,85.01,84.53,84.66,74080.465,1750388399999,6281317.61927,12833,34807.433,2950710.10053
1750388400000,84.66,85.06,84.45,85.05,38676.688,1750391999999,3280396.12083,9481,18648.328,1581536.81339
1750392000000,85.05,85.13,84.21,84.31,56688.978,1750395599999,4797308.59949,10986,24780.388,2095464.24250
1750395600000,84.32,84.73,84.10,84.69,52629.675,1750399199999,4443090.32509,10732,25197.298,2127854.46229
1750399200000,84.70,84.87,84.34,84.50,37684.020,1750402799999,3186295.88581,8398,14781.199,1250082.39634
1750402800000,84.51,85.53,84.32,85.49,119030.276,1750406399999,10133702.03724,17929,62848.483,5350523.41567
1750406400000,85.48,85.88,85.22,85.50,119472.552,1750409999999,10231968.09682,21079,59103.009,5062964.45333
1750410000000,85.51,85.65,85.27,85.54,40766.094,1750413599999,3484247.36586,11315,20625.422,1762983.24030
1750413600000,85.54,85.90,85.35,85.67,51160.850,1750417199999,4384065.79927,10375,29406.271,2520408.49326
1750417200000,85.67,85.80,85.32,85.65,39513.495,1750420799999,3381159.89313,10028,19445.177,1663890.30262
1750420800000,85.64,85.95,85.64,85.75,40307.104,1750424399999,3458562.78189,11080,19880.336,1706022.96903
1750424400000,85.75,85.94,85.25,85.49,55728.105,1750427999999,4772880.39413,13396,26574.859,2275566.74320
1750428000000,85.49,85.68,83.79,83.84,146019.127,1750431599999,12368473.65034,24760,64522.032,5464606.23541
1750431600000,83.85,84.14,83.59,83.75,194192.848,1750435199999,16291572.60225,29884,102416.520,8593624.54930
1750435200000,83.75,83.83,82.80,82.98,177374.039,1750438799999,14756129.75521,30432,74613.223,6208514.58024
1750438800000,82.98,83.20,80.90,82.37,380117.601,1750442399999,31096277.39710,53912,180221.144,14743490.68468
1750442400000,82.37,83.04,82.28,82.85,117669.165,1750445999999,9733035.65377,20922,62325.579,5154981.74284
1750446000000,82.84,82.95,82.19,82.84,61493.272,1750449599999,5079169.41934,14949,24765.301,2045660.68762
1750449600000,82.84,83.62,82.81,83.27,79332.981,1750453199999,6604464.99547,15496,42721.599,3557318.49818
1750453200000,83.27,83.27,82.62,82.88,42695.814,1750456799999,3540409.15935,11240,17803.961,1476682.61854
1750456800000,82.88,82.92,82.29,82.52,57657.164,1750460399999,4761469.70023,13097,27001.961,2229973.89043
1750460400000,82.52,82.91,82.42,82.88,56197.465,1750463999999,4643932.43960,11230,26814.778,2216262.11525
1750464000000,82.88,83.25,82.68,83.02,40660.590,1750467599999,3373330.28629,9735,17941.353,1488646.55258
1750467600000,83.02,83.63,83.01,83.58,35776.359,1750471199999,2982482.31367,8874,18775.535,1565249.03317
1750471200000,83.58,83.64,83.26,83.41,29402.613,1750474799999,2452917.94127,9195,10883.759,907998.55485
1750474800000,83.40,83.68,83.40,83.53,23620.972,1750478399999,1973900.12318,7971,10792.903,901988.85154
1750478400000,83.53,83.56,83.37,83.45,22054.486,1750481999999,1840782.27925,6751,10399.925,867983.84801
1750482000000,83.45,83.75,83.35,83.75,21224.637,1750485599999,1773671.62165,6877,11787.903,985131.06448
1750485600000,83.75,84.08,83.75,84.02,44878.143,1750489199999,3765484.92459,8740,23443.397,1967077.69659
1750489200000,84.01,84.02,83.20,83.29,64138.305,1750492799999,5355377.36069,13020,24349.252,2032300.99420
1750492800000,83.29,83.57,83.17,83.54,39332.358,1750496399999,3277235.87810,9507,22125.694,1843782.05293
1750496400000,83.54,83.55,83.12,83.27,37540.491,1750499999999,3127035.30463,9221,18054.513,1503893.39230
1750500000000,83.27,83.46,82.96,83.18,54081.674,1750503599999,4500744.60351,10434,28321.171,2356747.38547
1750503600000,83.18,83.28,83.05,83.19,25030.886,1750507199999,2081669.94370,7036,11702.786,973175.35584
1750507200000,83.18,83.34,82.94,82.98,45091.228,1750510799999,3749255.98495,9629,18843.992,1567036.09110
1750510800000,82.98,83.15,82.44,82.67,57962.823,1750514399999,4798106.68936,13506,24643.059,2040398.80874
1750514400000,82.66,83.14,82.50,82.57,96966.682,1750517999999,8028506.32320,16358,52332.270,4333334.20598
1750518000000,82.56,82.78,82.20,82.76,60039.085,1750521599999,4954485.22158,12969,25482.173,2103179.45417
1750521600000,82.76,83.09,82.52,82.69,45097.387,1750525199999,3734796.22476,10693,20779.437,1720976.84839
1750525200000,82.68,82.92,81.97,82.10,73744.849,1750528799999,6076683.63151,15738,32897.841,2711037.34834
1750528800000,82.10,82.55,81.57,81.67,75444.129,1750532399999,6192271.64663,15789,34359.900,2821285.62204
1750532400000,81.67,81.87,80.61,80.96,161082.992,1750535999999,13076879.98311,25475,75335.309,6117684.65537
1750536000000,80.96,81.75,80.90,81.64,79295.337,1750539599999,6444040.21163,17888,48018.569,3903495.37186
1750539600000,81.64,81.70,78.33,79.27,271861.374,1750543199999,21688882.72461,51248,117212.552,9345681.59854
1750543200000,79.27,80.22,79.09,80.17,114281.913,1750546799999,9118468.72075,24554,63879.894,5096816.88822
1750546800000,80.17,80.27,78.81,80.20,195220.773,1750550399999,15545869.75408,34300,100129.051,7974823.26881
1750550400000,80.21,81.37,79.65,80.93,143721.100,1750553999999,11576703.40182,29888,75027.106,6043680.96073
1750554000000,80.92,81.27,79.97,80.02,63502.426,1750557599999,5118010.24870,15314,28216.913,2274374.99929
1750557600000,80.02,80.59,79.63,80.34,129167.999,1750561199999,10337472.78323,24982,63296.378,5065441.89596
1750561200000,80.33,80.71,80.05,80.45,68060.769,1750564799999,5467766.50931,16915,38023.514,3054560.44542
1750564800000,80.46,81.19,80.32,80.95,59446.800,1750568399999,4807930.73094,15409,34073.145,2755307.37789
1750568400000,80.95,81.48,80.95,81.45,53602.376,1750571999999,4354465.52039,13417,28099.351,2282725.22009
1750572000000,81.45,81.98,81.42,81.79,72808.563,1750575599999,5951491.60600,14896,38424.808,3140287.04016
1750575600000,81.79,81.83,81.05,81.29,63451.343,1750579199999,5161931.47805,14135,26607.721,2163968.39110
1750579200000,81.29,81.44,81.04,81.38,43464.243,1750582799999,3532068.23306,14110,23716.610,1927229.50928
1750582800000,81.39,81.61,80.21,80.29,96731.848,1750586399999,7818264.83108,19216,49613.405,4009466.89432
1750586400000,80.29,81.21,80.20,80.94,61693.576,1750589999999,4978859.21363,16052,32395.871,2615007.32927
1750590000000,80.94,81.36,80.67,80.99,42969.015,1750593599999,3482157.78459,12877,23129.064,1874378.70353
1750593600000,80.99,81.34,80.53,81.14,63905.757,1750597199999,5171184.66818,16503,29106.284,2354980.40509
1750597200000,81.15,81.48,78.24,79.17,558411.520,1750600799999,44310798.30883,71659,272490.525,21618877.82312
1750600800000,79.17,79.55,77.32,78.68,406729.677,1750604399999,31804415.32675,57687,192569.656,15062353.99297
1750604400000,78.67,78.87,77.43,77.60,164017.421,1750607999999,12830968.29940,25825,73746.336,5771727.96625
1750608000000,77.60,78.51,77.28,78.47,143380.593,1750611599999,11166808.37436,26601,70654.272,5504635.56749
1750611600000,78.46,79.28,78.26,78.95,116865.216,1750615199999,9201706.03365,22435,64972.999,5117299.04754
1750615200000,78.94,79.23,78.15,78.24,76825.671,1750618799999,6045718.63823,17655,33161.060,2610401.62000
1750618800000,78.23,78.64,77.94,78.14,57553.862,1750622399999,4503853.31390,15748,26165.344,2047680.34248
1750622400000,78.13,78.65,76.11,78.39,295293.167,1750625999999,22772456.15242,50015,144196.813,11119794.09590
1750626000000,78.40,78.86,77.87,78.10,82870.897,1750629599999,6491971.46730,17152,34063.753,2669654.23805
1750629600000,78.11,80.14,78.06,80.14,199777.276,1750633199999,15854223.85927,32603,109256.385,8669408.10719
1750633200000,80.14,80.27,79.60,80.15,106325.719,1750636799999,8503559.35986,19755,40360.083,3228992.73965
1750636800000,80.15,80.90,80.13,80.24,94035.746,1750640399999,7567698.89051,18876,49925.896,4018778.54848
1750640400000,80.25,80.91,80.12,80.88,48983.514,1750643999999,3940880.62335,11735,25006.569,2012491.98010
1750644000000,80.88,81.00,79.87,79.91,71366.005,1750647599999,5728149.89141,14623,36123.547,2900109.95177
1750647600000,79.91,79.99,79.67,79.93,65498.284,1750651199999,5229956.88150,11877,32878.627,2625501.29093
1750651200000,79.93,80.43,79.77,80.28,48130.228,1750654799999,3856442.34239,10598,25154.363,2015834.01929
1750654800000,80.28,80.85,80.25,80.66,46421.919,1750658399999,3738477.47185,10979,25012.411,2014359.64936
1750658400000,80.66,80.84,80.31,80.64,48857.509,1750661999999,3937095.96751,11424,23285.393,1876533.91009
1750662000000,80.64,81.10,80.64,80.99,57160.781,1750665599999,4624213.11592,13011,30847.303,2495647.10142
1750665600000,80.99,81.18,80.78,80.89,41108.614,1750669199999,3328125.26091,11505,17751.704,1437440.79198
1750669200000,80.89,81.00,80.48,80.92,63363.985,1750672799999,5115093.31375,13136,28090.105,2267796.30093
1750672800000,80.92,80.94,80.62,80.86,42488.335,1750676399999,3433453.71519,10746,17936.476,1449586.18980
1750676400000,80.87,81.00,80.47,80.76,47078.167,1750679999999,3800459.89698,10012,18288.136,1476235.43258
1750680000000,80.76,81.63,80.51,81.62,67364.825,1750683599999,5462985.61209,13724,41365.008,3354731.24781
1750683600000,81.62,82.17,80.55,81.87,180641.412,1750687199999,14709340.27916,30687,90556.159,7375889.73079
1750687200000,81.88,82.24,81.34,81.65,132448.791,1750690799999,10832461.93139,25861,66916.064,5473034.48455
1750690800000,81.65,82.08,80.97,81.07,82020.983,1750694399999,6687446.72938,16961,39770.596,3243601.91131
1750694400000,81.07,81.23,79.43,80.10,217008.171,1750697999999,17391299.65625,34845,110902.916,8883890.45674
1750698000000,80.11,82.03,79.90,81.94,185689.522,1750701599999,15089156.17745,33205,93707.233,7613297.09536
1750701600000,81.95,82.82,81.92,82.71,144312.359,1750705199999,11906390.93514,25889,71018.605,5858819.42869
1750705200000,82.70,83.14,82.60,83.00,88980.656,1750708799999,7371918.79272,17637,45334.636,3756774.05025
1750708800000,83.00,84.14,82.85,83.52,147375.854,1750712399999,12329209.48451,26525,79899.872,6684228.33499
1750712400000,83.52,83.85,83.22,83.32,60534.320,1750715999999,5056069.34954,12568,31441.158,2627031.29268
1750716000000,83.32,85.39,83.30,85.14,255279.392,1750719599999,21637171.16653,42228,143711.458,12176648.89027
1750719600000,85.15,85.27,84.81,84.86,70716.942,1750723199999,6014313.99886,16269,39608.101,3369099.36321
1750723200000,84.85,85.19,84.60,84.96,70225.224,1750726799999,5963174.37881,15234,30634.364,2601467.16218
1750726800000,84.95,85.33,84.76,84.98,54726.881,1750730399999,4650337.70297,13062,28837.821,2450742.28460
1750730400000,84.97,84.97,84.25,84.55,65152.179,1750733999999,5507714.99345,13910,27866.600,2355646.70849
1750734000000,84.54,84.73,84.37,84.46,46773.272,1750737599999,3954014.02163,9733,23809.940,2013317.72616
1750737600000,84.46,84.56,84.14,84.28,47960.138,1750741199999,4044011.30483,10196,24421.997,2059434.19051
1750741200000,84.28,85.15,84.16,85.10,84621.989,1750744799999,7164639.11146,15673,49319.803,4175563.81844
1750744800000,85.09,85.28,84.81,85.02,76896.320,1750748399999,6539842.59694,16078,40790.386,3469212.05855
1750748400000,85.02,85.13,84.30,84.33,89985.907,1750751999999,7621338.13949,17996,41702.264,3533083.88391
1750752000000,84.33,84.63,84.02,84.47,77580.450,1750755599999,6542146.20650,18747,37350.186,3149850.23432
1750755600000,84.48,85.08,84.30,84.56,68001.882,1750759199999,5758336.87390,14373,32940.005,2789340.69515
1750759200000,84.55,84.63,84.18,84.31,45197.547,1750762799999,3815312.80835,10345,24590.617,2075981.10883
1750762800000,84.31,84.52,83.77,84.25,89637.175,1750766399999,7543019.37886,15176,41378.753,3482203.78318
1750766400000,84.26,84.40,83.92,84.33,49879.248,1750769999999,4197304.68559,13094,25304.964,2129546.39355
1750770000000,84.32,84.49,83.76,84.05,81901.794,1750773599999,6891316.36349,18248,40530.626,3410716.70988
1750773600000,84.05,84.71,83.99,84.37,92790.625,1750777199999,7831673.63624,21395,48315.955,4077786.52769
1750777200000,84.37,84.69,83.93,84.32,80957.512,1750780799999,6818629.87355,16198,43964.107,3703508.91694
1750780800000,84.32,85.04,84.16,85.03,92118.456,1750784399999,7795134.96427,17961,48663.003,4119765.11998
1750784400000,85.03,85.06,84.22,84.65,84087.829,1750787999999,7116615.87366,18455,41003.292,3470142.58773
1750788000000,84.65,84.73,84.26,84.48,50398.360,1750791599999,4259167.66861,12272,22757.338,1923110.58140
1750791600000,84.48,84.78,84.12,84.43,44408.212,1750795199999,3751483.60898,11200,22687.404,1916772.69612
1750795200000,84.44,85.13,84.34,85.10,49410.057,1750798799999,4190941.03305,12406,31244.775,2650052.37828
1750798800000,85.10,85.13,84.76,85.05,32379.124,1750802399999,2750737.87863,8722,16268.881,1382359.31055
1750802400000,85.05,85.06,84.67,84.81,31836.936,1750805999999,2701416.71152,9706,14050.233,1192323.08068
1750806000000,84.81,84.84,84.51,84.80,37113.426,1750809599999,3142280.63960,11416,18500.513,1566493.79720
1750809600000,84.80,85.04,84.40,85.00,45379.831,1750813199999,3844444.30493,11669,20702.357,1754061.44571
1750813200000,85.00,85.34,84.79,84.95,70165.690,1750816799999,5970112.12823,14630,37590.408,3199241.83042
1750816800000,84.95,85.21,84.71,84.81,48579.253,1750820399999,4129361.91624,12241,21606.357,1836678.56089
1750820400000,84.81,85.08,84.69,84.86,39030.540,1750823999999,3315254.81232,9495,14021.623,1191159.41957
1750824000000,84.85,85.10,84.61,85.10,44200.690,1750827599999,3747346.65508,9530,19490.689,1653009.50411
1750827600000,85.11,85.22,84.51,84.85,53718.428,1750831199999,4559753.13525,11118,20022.267,1699872.57150
1750831200000,84.85,85.07,84.67,84.97,44432.033,1750834799999,3773580.21428,9517,19472.624,1653905.41079
1750834800000,84.97,85.44,84.86,85.12,65853.574,1750838399999,5609805.81587,11500,35823.421,3052107.40090
1750838400000,85.13,85.23,84.63,84.97,53956.612,1750841999999,4578915.86148,11838,23212.885,1969844.90545
1750842000000,84.97,85.05,84.26,84.54,74660.912,1750845599999,6322878.69407,14994,30094.263,2549170.06338
1750845600000,84.53,84.85,84.30,84.46,59282.500,1750849199999,5013630.55332,12070,31040.301,2625878.76257
1750849200000,84.45,84.49,83.90,84.38,75470.849,1750852799999,6354775.73606,12735,34236.286,2883572.38387
1750852800000,84.39,84.91,84.09,84.59,79803.130,1750856399999,6742526.23237,15241,43597.963,3686386.96435
1750856400000,84.58,85.31,84.53,85.10,160188.945,1750859999999,13619131.00977,23726,86969.727,7395536.76756
1750860000000,85.10,85.22,84.02,84.75,154705.710,1750863599999,13092162.11121,26303,65946.998,5581198.23793
1750863600000,84.74,84.74,83.90,84.10,119603.950,1750867199999,10078252.62324,20466,52020.755,4384341.13648
1750867200000,84.10,84.46,83.94,84.09,65686.433,1750870799999,5531364.07880,14701,33679.812,2836463.98480
1750870800000,84.08,84.81,83.93,84.48,60101.748,1750874399999,5074894.95247,14158,30174.864,2547998.77709
1750874400000,84.48,84.59,84.25,84.48,25808.175,1750877999999,2179117.33597,9649,12431.166,1049605.36738
1750878000000,84.48,84.92,84.45,84.79,55640.530,1750881599999,4712310.88959,11714,24938.110,2112426.22317
1750881600000,84.78,84.89,84.61,84.85,38348.601,1750885199999,3251054.75896,9385,18126.350,1536656.48723
1750885200000,84.84,85.14,84.31,84.42,48068.779,1750888799999,4072475.74411,10744,24730.822,2096684.53792
1750888800000,84.43,84.60,84.13,84.26,37107.394,1750892399999,3129955.44763,9228,17488.640,1475341.31936
1750892400000,84.26,84.65,84.00,84.62,39002.001,1750895999999,3291555.04038,8906,18932.023,1598236.01824
1750896000000,84.62,85.05,84.45,84.90,44837.652,1750899599999,3802893.05104,11272,23255.207,1972383.36605
1750899600000,84.89,85.52,84.60,84.96,99789.279,1750903199999,8491732.32395,18200,49629.749,4225402.22342
1750903200000,84.97,85.27,84.76,85.20,55771.658,1750906799999,4742403.71438,12136,25675.935,2183910.32763
1750906800000,85.19,85.68,84.92,85.12,73954.326,1750910399999,6305507.17217,14789,38126.408,3252232.00085
1750910400000,85.13,85.24,84.63,84.93,47744.528,1750913999999,4054589.88231,10196,22009.116,1869723.18858
1750914000000,84.93,85.05,84.63,85.04,34919.202,1750917599999,2961936.20754,8211,19240.786,1632345.87958
1750917600000,85.04,85.48,84.94,85.31,58299.367,1750921199999,4970810.34895,10864,26382.894,2249796.24504
1750921200000,85.32,85.72,85.31,85.46,55440.197,1750924799999,4741782.03110,11097,27531.931,2355189.96665
1750924800000,85.45,85.91,85.39,85.40,67923.112,1750928399999,5815272.20509,13690,30230.965,2589358.87769
1750928400000,85.39,85.61,84.97,85.15,120197.626,1750931999999,10256339.75997,18153,55242.021,4716191.00173
1750932000000,85.15,85.44,85.01,85.33,74148.892,1750935599999,6319066.15889,12248,37256.425,3174953.94977
1750935600000,85.33,85.38,84.84,84.89,48791.208,1750939199999,4151183.20985,11391,20881.383,1776518.14836
1750939200000,84.88,85.00,84.33,84.44,74671.766,1750942799999,6326414.29096,14848,33973.828,2878610.85317
1750942800000,84.44,84.61,84.01,84.17,105884.449,1750946399999,8927172.80192,19278,54304.707,4579313.34755
1750946400000,84.16,85.11,83.72,85.09,127138.271,1750949999999,10739986.93136,20772,65206.049,5510709.49442
1750950000000,85.10,85.34,83.94,84.71,128387.965,1750953599999,10876478.75039,23065,62577.054,5302614.90136
1750953600000,84.72,84.83,84.01,84.16,59752.726,1750957199999,5043958.57449,13108,30512.436,2576779.23561
1750957200000,84.16,84.62,84.12,84.19,38701.346,1750960799999,3266623.23681,10851,17744.827,1497897.21292
1750960800000,84.20,84.66,83.99,84.33,50051.159,1750964399999,4218708.35113,11976,23837.407,2009282.22498
1750964400000,84.33,85.17,84.24,84.94,68369.941,1750967999999,5795805.58482,12379,37720.385,3198656.80926
1750968000000,84.94,85.50,84.83,85.21,106097.859,1750971599999,9039740.45392,16105,55889.791,4762392.09351
1750971600000,85.21,85.29,84.24,84.56,94490.773,1750975199999,8008152.80743,16423,41196.915,3489846.48494
1750975200000,84.55,84.78,84.23,84.28,39806.044,1750978799999,3363695.46636,10165,22242.014,1879982.55189
1750978800000,84.28,84.38,84.03,84.21,54165.133,1750982399999,4561355.93711,10457,24415.173,2056472.65041
1750982400000,84.21,84.54,83.75,83.84,74171.590,1750985999999,6241010.22814,13651,29909.181,2517742.29664
1750986000000,83.84,85.09,83.45,84.99,103433.104,1750989599999,8726957.97535,17570,51981.996,4389711.14999
1750989600000,85.00,85.62,84.93,85.01,88451.304,1750993199999,7543291.65294,16125,46928.841,4002264.67071
1750993200000,85.01,85.52,84.83,85.33,86608.913,1750996799999,7383453.23609,12688,43095.397,3675218.19921
1750996800000,85.33,85.52,85.07,85.38,41579.711,1751000399999,3546349.42800,8989,20320.997,1733615.10925
1751000400000,85.38,85.42,84.67,84.74,49412.456,1751003999999,4200367.07727,11179,19020.895,1616954.60631
1751004000000,84.73,85.17,84.62,85.04,39751.283,1751007599999,3374396.88214,9037,22589.591,1918222.32339
1751007600000,85.04,85.23,84.51,84.61,47602.579,1751011199999,4039396.34308,10153,20959.330,1778999.38975
1751011200000,84.61,84.82,84.26,84.51,68208.456,1751014799999,5771854.35098,13931,37878.797,3205463.94548
1751014800000,84.51,84.59,84.15,84.53,60680.676,1751018399999,5118027.03634,12127,32876.540,2772929.54661
1751018400000,84.53,84.64,84.32,84.44,54779.194,1751021999999,4627920.28930,10529,26261.758,2218808.96128
1751022000000,84.44,84.61,84.18,84.35,35420.756,1751025599999,2988738.34925,9616,17293.964,1459365.90637
1751025600000,84.35,84.64,83.87,83.98,68962.757,1751029199999,5810683.88481,14360,33944.880,2861689.23137
1751029200000,83.97,84.16,83.40,83.83,120099.584,1751032799999,10062991.85645,19913,53111.500,4450866.02823
1751032800000,83.83,84.17,83.25,83.44,121757.579,1751036399999,10181492.26370,25263,60114.997,5028258.15908
1751036400000,83.43,84.38,83.33,84.24,100997.130,1751039999999,8467256.55652,19596,48363.678,4054664.62353
1751040000000,84.24,84.93,83.98,84.48,82407.926,1751043599999,6964463.35552,16831,47009.064,3973614.30710
1751043600000,84.48,84.55,83.21,83.48,108277.697,1751047199999,9070079.96990,17467,45791.274,3835353.64373
1751047200000,83.47,83.65,83.11,83.42,66051.933,1751050799999,5504618.13954,16444,32595.711,2717264.58106
1751050800000,83.41,84.19,83.32,84.06,66623.294,1751054399999,5584718.26813,13548,38710.741,3244954.90346
1751054400000,84.06,84.68,83.94,84.68,68785.101,1751057999999,5805572.62100,12420,34635.578,2924373.15578
1751058000000,84.68,85.10,84.47,84.95,65664.367,1751061599999,5568391.13508,13751,26723.999,2265921.23032
1751061600000,84.95,85.26,84.91,84.93,56557.551,1751065199999,4809819.84067,12309,31457.144,2674695.66152
1751065200000,84.93,84.98,84.66,84.79,29003.177,1751068799999,2459403.44868,8085,13661.365,1158391.12653
1751068800000,84.78,85.03,84.68,84.86,29644.232,1751072399999,2515880.16090,8205,14312.178,1214915.02132
1751072400000,84.86,85.08,84.49,84.99,38346.670,1751075999999,3249519.87573,8856,17370.996,1472461.19332
1751076000000,85.00,85.22,84.96,85.04,30055.349,1751079599999,2557516.30568,7393,16704.869,1421612.48111
1751079600000,85.04,85.18,84.95,85.09,22288.278,1751083199999,1896648.45804,5692,10012.109,852009.93326
1751083200000,85.09,85.30,84.99,85.07,36861.557,1751086799999,3139051.40835,8294,17920.514,1526387.43392
1751086800000,85.06,85.33,85.00,85.08,31328.902,1751090399999,2666867.31758,7245,11883.625,1011897.65204
1751090400000,85.08,85.59,85.08,85.47,46264.417,1751093999999,3950776.25699,8471,32010.894,2733753.41504
1751094000000,85.48,85.51,85.26,85.31,38126.041,1751097599999,3255548.73779,7964,16480.201,1407300.94252
1751097600000,85.31,85.38,85.07,85.19,27250.684,1751101199999,2321631.84298,7916,11470.830,977228.82042
1751101200000,85.20,85.51,85.00,85.45,40233.037,1751104799999,3430362.53306,7469,21656.753,1847132.60440
1751104800000,85.45,85.78,85.45,85.62,44624.941,1751108399999,3821033.63006,8932,23896.177,2045946.84254
1751108400000,85.62,85.73,85.30,85.37,30118.136,1751111999999,2574407.40599,6949,12270.196,1048831.90255
1751112000000,85.36,85.55,85.18,85.43,38418.931,1751115599999,3279731.85626,8275,21221.559,1811846.61194
1751115600000,85.43,85.63,85.20,85.50,54361.518,1751119199999,4644808.47383,9473,28641.140,2448413.55721
1751119200000,85.50,85.80,85.50,85.70,43926.990,1751122799999,3763935.83086,9781,24862.285,2130430.90595
1751122800000,85.71,86.60,85.66,86.46,114481.319,1751126399999,9858523.96003,16780,65233.756,5618256.99627
1751126400000,86.46,87.18,86.40,86.70,148067.977,1751129999999,12844540.64194,23218,77064.499,6685564.51538
1751130000000,86.69,87.22,86.66,87.16,76724.296,1751133599999,6667925.42295,15952,39599.004,3441340.74229
1751133600000,87.16,87.33,86.74,86.84,71649.733,1751137199999,6235875.19370,14110,26503.833,2306998.38491
1751137200000,86.84,86.85,86.27,86.33,55106.726,1751140799999,4767743.48094,10020,24731.102,2139513.96233
1751140800000,86.33,86.36,85.84,85.87,57580.420,1751144399999,4957115.32758,11195,25149.475,2165291.10362
1751144400000,85.87,86.26,85.81,86.24,36744.784,1751147999999,3160370.19925,9650,20757.968,1785478.35661
1751148000000,86.23,86.40,86.09,86.20,37502.749,1751151599999,3234578.66241,10560,20274.346,1748579.10113
1751151600000,86.19,86.30,86.07,86.27,27736.251,1751155199999,2390789.73862,6062,13742.101,1184539.19557
1751155200000,86.26,86.50,86.18,86.38,31238.692,1751158799999,2697203.13110,7379,15801.766,1364473.32825
1751158800000,86.38,86.39,85.91,85.96,29314.712,1751162399999,2524479.09522,7433,9775.133,841997.60529
1751162400000,85.96,86.31,85.81,86.21,37619.895,1751165999999,3233515.53717,7368,20084.024,1726654.94443
1751166000000,86.21,86.72,86.18,86.39,50054.866,1751169599999,4329504.09028,8181,21092.556,1824075.21784
1751169600000,86.38,86.44,86.17,86.22,39089.616,1751173199999,3373845.20755,8505,21895.354,1889834.71321
1751173200000,86.23,86.48,86.13,86.42,20608.306,1751176799999,1777749.77732,5849,11788.335,1016982.65203
1751176800000,86.42,86.76,86.35,86.71,47070.148,1751180399999,4074776.83017,8382,25389.884,2198101.75333
1751180400000,86.72,86.80,86.40,86.68,43837.948,1751183999999,3796992.92723,8795,22091.980,1913607.20728
1751184000000,86.69,86.89,86.68,86.78,34444.129,1751187599999,2989244.82788,9564,18501.326,1605666.69525
1751187600000,86.78,86.89,86.57,86.70,57361.880,1751191199999,4976037.20166,11443,35990.187,3122475.26315
1751191200000,86.71,86.84,86.51,86.78,42274.375,1751194799999,3664080.51508,9916,20611.316,1786479.10122
1751194800000,86.77,86.85,86.52,86.73,36325.342,1751198399999,3148774.82375,9170,19893.513,1724416.36025
1751198400000,86.73,86.75,86.46,86.67,34297.823,1751201999999,2969981.60252,8270,17995.998,1558770.27731
1751202000000,86.67,86.94,86.49,86.71,50673.719,1751205599999,4394169.96660,10706,25050.817,2172431.38463
1751205600000,86.71,86.76,86.20,86.49,69435.274,1751209199999,6006426.59981,11855,25722.733,2225900.73473
1751209200000,86.50,86.95,86.35,86.58,60753.333,1751212799999,5263270.28502,12983,28575.544,2475610.97261
1751212800000,86.57,86.72,86.29,86.69,33869.078,1751216399999,2929377.11090,8894,14698.302,1271632.92931
1751216400000,86.69,86.84,86.48,86.61,26297.493,1751219999999,2279190.26789,6054,12065.656,1045756.41452
1751220000000,86.60,86.77,86.55,86.74,16117.536,1751223599999,1396496.66497,5658,10209.430,884602.10458
1751223600000,86.73,87.03,86.68,86.80,27761.441,1751227199999,2410979.10996,6959,14188.813,1232296.40788
1751227200000,86.80,86.81,86.54,86.62,20695.569,1751230799999,1792807.41468,6134,9665.860,837222.75522
1751230800000,86.62,86.83,86.23,86.79,34953.402,1751234399999,3026021.37075,7572,17698.267,1532491.70738
1751234400000,86.79,88.40,86.77,88.14,199166.151,1751237999999,17489685.77768,30548,113114.807,9929913.38133
1751238000000,88.15,88.46,87.81,87.92,69745.225,1751241599999,6142234.00874,13763,33047.776,2910945.70617
1751241600000,87.93,88.31,87.83,88.01,96513.383,1751245199999,8497324.96645,14169,48049.930,4229745.72811
1751245200000,88.01,88.16,87.66,87.93,56475.213,1751248799999,4963176.50355,11022,22631.154,1988889.35651
1751248800000,87.94,87.99,87.44,87.51,40138.713,1751252399999,3520994.43074,9154,16351.773,1435020.40971
1751252400000,87.51,87.69,87.26,87.33,48523.520,1751255999999,4242047.30833,9834,21321.398,1863734.37617
1751256000000,87.33,87.58,87.03,87.19,45073.926,1751259599999,3931482.56734,10573,19741.256,1722042.43274
1751259600000,87.19,87.26,86.87,87.03,38497.266,1751263199999,3350274.58246,8567,18667.055,1624698.08229
1751263200000,87.03,87.08,85.82,86.18,126905.586,1751266799999,10976834.58646,21943,49268.118,4260549.55382
1751266800000,86.18,86.54,86.03,86.42,66041.704,1751270399999,5704416.56825,14041,41085.377,3549037.73129
1751270400000,86.42,86.55,85.62,85.72,132583.466,1751273999999,11409375.85131,18109,56958.172,4902472.83311
1751274000000,85.73,86.04,85.53,85.57,52748.861,1751277599999,4526585.71947,11974,23920.272,2053213.01998
1751277600000,85.57,85.75,85.35,85.56,62372.108,1751281199999,5335289.33416,12874,25974.876,2222415.38225
1751281200000,85.56,85.77,85.40,85.46,45311.902,1751284799999,3878450.30329,10014,21573.814,1846803.32471
1751284800000,85.45,85.60,85.23,85.39,57857.098,1751288399999,4939403.06192,11255,24467.519,2089492.02655
1751288400000,85.38,86.00,85.26,85.30,94821.010,1751291999999,8117101.41061,16980,48577.316,4159753.85379
1751292000000,85.31,85.48,84.67,84.89,173567.617,1751295599999,14783359.40973,24680,78484.321,6685907.50324
1751295600000,84.89,86.21,84.69,85.90,172516.713,1751299199999,14748287.27598,27121,98706.389,8444684.81415
1751299200000,85.89,86.26,85.68,86.00,70513.241,1751302799999,6056318.63994,15452,37936.722,3258906.96615
1751302800000,85.99,86.27,85.89,85.97,67462.484,1751306399999,5804958.71315,13047,28760.003,2474784.16239
1751306400000,85.97,86.26,85.85,86.01,60512.066,1751309999999,5207544.33338,13277,25837.569,2223857.61977
1751310000000,86.01,87.11,85.97,87.04,103630.518,1751313599999,8971754.61557,18271,65378.833,5659464.60811
1751313600000,87.03,87.05,86.40,86.45,70830.706,1751317199999,6138772.57176,14032,30699.893,2661328.53099
1751317200000,86.45,87.08,86.34,86.84,125626.213,1751320799999,10903452.71091,17585,68350.555,5931490.42029
1751320800000,86.83,87.05,86.36,86.36,81370.293,1751324399999,7058076.58195,13809,34414.294,2986639.06477
1751324400000,86.37,86.45,85.84,85.96,71451.814,1751327999999,6155454.40885,13854,30998.259,2670626.17921
1751328000000,85.96,86.32,85.67,86.17,82048.168,1751331599999,7056370.59053,15297,38847.707,3341246.49102
1751331600000,86.17,86.79,86.13,86.38,59662.309,1751335199999,5163432.53056,14386,33427.018,2893768.28693
1751335200000,86.38,86.63,86.00,86.10,50766.231,1751338799999,4380871.82329,12744,26994.160,2329187.74121
1751338800000,86.09,86.61,86.07,86.61,35285.524,1751342399999,3047032.74072,9837,16138.464,1393987.56005
1751342400000,86.61,86.67,85.84,85.87,68231.468,1751345999999,5887916.42418,13249,29374.973,2535254.75437
1751346000000,85.87,86.06,85.52,85.87,68159.945,1751349599999,5846212.19666,13843,27864.974,2390879.37756
1751349600000,85.86,86.06,85.60,86.00,33970.663,1751353199999,2915498.68840,10094,15809.960,1357054.01890
1751353200000,85.99,86.65,85.54,86.62,91395.550,1751356799999,7876310.33847,17139,49439.487,4262813.73587
1751356800000,86.61,86.62,86.08,86.09,56669.242,1751360399999,4893856.12621,12824,25455.026,2198554.24966
1751360400000,86.10,86.41,85.74,85.77,59625.898,1751363999999,5127612.10927,12501,26117.341,2246138.85486
1751364000000,85.77,85.92,85.28,85.60,59680.293,1751367599999,5106256.14884,12083,24762.101,2118917.12572
1751367600000,85.60,85.68,85.23,85.65,49906.226,1751371199999,4264318.95514,10530,25538.871,2182858.70317
1751371200000,85.65,85.65,85.05,85.15,57157.074,1751374799999,4875252.33306,12035,23231.453,1981993.52747
1751374800000,85.15,85.58,84.80,85.53,81931.088,1751378399999,6981561.81244,18279,43043.388,3668920.42316
1751378400000,85.54,85.83,84.26,84.49,143074.369,1751381999999,12146175.68306,25883,64550.078,5480785.91834
1751382000000,84.48,84.56,84.07,84.31,90521.527,1751385599999,7631262.03397,18249,46140.637,3890163.65511
1751385600000,84.30,84.60,84.11,84.32,61789.591,1751389199999,5211238.70096,13444,31452.798,2652864.20504
1751389200000,84.32,84.56,84.04,84.31,44645.572,1751392799999,3764729.80469,12048,22179.788,1870115.13768
1751392800000,84.31,84.38,83.62,83.75,75132.601,1751396399999,6313270.63471,13542,28008.764,2354484.90412
1751396400000,83.74,84.21,83.62,83.82,68114.082,1751399999999,5713986.13194,14578,30689.128,2575056.40653
1751400000000,83.82,83.87,83.17,83.33,137203.586,1751403599999,11450223.94314,20042,64751.099,5404623.72443
1751403600000,83.32,83.60,82.54,82.82,133977.503,1751407199999,11119577.24738,20266,58396.178,4847863.43959
1751407200000,82.81,82.95,82.32,82.73,114766.371,1751410799999,9477750.97173,17367,57210.038,4724901.93421
1751410800000,82.73,83.22,82.55,83.16,62647.548,1751414399999,5192548.48519,12916,30679.470,2543388.74422
1751414400000,83.17,83.41,83.03,83.28,66399.040,1751417999999,5525763.34259,14043,33099.975,2754744.16564
1751418000000,83.28,83.89,82.89,83.76,67321.172,1751421599999,5620620.16361,16607,34091.958,2847934.50226
1751421600000,83.77,83.81,83.30,83.52,48047.250,1751425199999,4013550.39544,11492,19054.241,1591904.45687
1751425200000,83.52,83.84,83.45,83.75,42723.495,1751428799999,3575605.84678,11213,22465.790,1880272.43584
1751428800000,83.75,84.15,83.62,84.09,46907.105,1751432399999,3933631.58798,11046,24905.576,2088526.46761
1751432400000,84.08,84.27,83.98,84.16,50356.441,1751435999999,4237079.62226,11182,26907.866,2264280.95429
1751436000000,84.16,84.31,83.96,84.27,44339.811,1751439599999,3732367.13712,11103,23323.689,1963456.08052
1751439600000,84.26,84.27,83.86,84.04,60065.450,1751443199999,5049330.52783,11108,34486.577,2899460.72871
1751443200000,84.04,84.33,84.00,84.23,52421.194,1751446799999,4412549.54771,11271,28979.986,2439544.95098
1751446800000,84.23,84.27,83.91,83.99,47610.016,1751450399999,4004032.29072,10138,21612.333,1817551.34405
1751450400000,83.99,84.25,83.89,84.23,34012.939,1751453999999,2860060.03096,8276,18705.694,1573063.65993
1751454000000,84.24,84.48,84.05,84.19,73074.351,1751457599999,6155432.69519,11217,32679.659,2753421.94816
1751457600000,84.18,84.32,83.87,84.22,50773.310,1751461199999,4271014.16301,11181,20679.427,1739703.57023
1751461200000,84.23,85.01,84.10,84.83,80335.862,1751464799999,6795941.00517,14982,37896.794,3204597.85246
1751464800000,84.83,85.74,84.80,85.55,175340.511,1751468399999,14970527.99507,25827,112451.322,9598897.42040
1751468400000,85.55,86.19,85.50,86.12,112325.901,1751471999999,9654022.33101,23749,67052.602,5762678.37508
1751472000000,86.12,87.94,86.07,87.67,335237.128,1751475599999,29242596.26147,49689,164342.478,14329646.99658
1751475600000,87.67,87.96,86.77,87.27,170559.411,1751479199999,14904612.13181,29626,83797.605,7325685.44242
1751479200000,87.28,87.69,87.28,87.49,65194.855,1751482799999,5700989.46767,16658,39572.501,3460408.21914
1751482800000,87.50,87.94,87.18,87.92,98790.525,1751486399999,8643728.51189,17389,49264.894,4312466.82455
1751486400000,87.93,88.65,87.69,87.81,147472.132,1751489999999,12989729.32693,22390,85485.026,7529921.13490
1751490000000,87.80,88.17,87.66,87.98,64220.284,1751493599999,5644782.33381,13582,36671.239,3223452.70483
1751493600000,87.99,88.17,87.79,87.83,42906.645,1751497199999,3773405.29480,12213,21633.540,1902863.68850
1751497200000,87.83,87.87,87.21,87.30,64525.839,1751500799999,5644434.09679,13782,27547.455,2408977.14656
1751500800000,87.29,87.59,87.09,87.37,65595.459,1751504399999,5731333.60390,14627,32620.266,2850773.84257
1751504400000,87.37,87.56,87.08,87.42,35625.606,1751507999999,3111798.95036,10980,15859.851,1385288.79037
1751508000000,87.43,87.73,86.87,87.72,93310.134,1751511599999,8137938.23857,16671,45127.877,3938006.20877
1751511600000,87.72,88.51,87.52,87.97,156851.027,1751515199999,13803778.56151,28751,81992.270,7216895.28490
1751515200000,87.98,88.73,87.91,88.45,139143.044,1751518799999,12312216.77301,25209,68389.115,6051536.48955
1751518800000,88.44,89.77,88.37,89.73,195525.256,1751522399999,17421766.11208,28106,129560.297,11543827.64064
1751522400000,89.73,90.38,89.50,90.08,145346.052,1751525999999,13068077.03271,24056,85090.383,7651931.40272
1751526000000,90.09,91.04,89.88,91.03,190027.792,1751529599999,17188187.30453,28581,109167.342,9880868.06373
1751529600000,91.03,92.09,90.70,90.78,299516.409,1751533199999,27400376.37055,47164,176860.826,16185531.65064
1751533200000,90.77,92.27,90.63,92.01,305994.172,1751536799999,28019120.81188,43311,170793.865,15636292.63092
1751536800000,92.00,92.27,91.02,91.43,200423.091,1751540399999,18329911.21042,32829,104605.462,9565084.23925
1751540400000,91.42,91.42,90.86,91.31,102133.074,1751543999999,9303746.91240,20413,51806.334,4719362.29566
1751544000000,91.30,91.86,90.06,91.09,292110.086,1751547599999,26544152.72970,44280,134081.763,12182848.85141
1751547600000,91.08,91.62,90.67,91.23,232662.841,1751551199999,21218264.53626,35307,129861.817,11845403.18789
1751551200000,91.22,91.37,90.25,90.54,210249.693,1751554799999,19078566.78823,33141,101713.278,9232850.22812
1751554800000,90.53,90.68,88.85,88.94,269203.879,1751558399999,24122894.27671,37184,130994.241,11737395.46711
1751558400000,88.94,89.53,88.66,89.42,181572.855,1751561999999,16175397.27130,27138,89687.094,7991020.61906
1751562000000,89.43,89.94,89.25,89.77,113015.379,1751565599999,10125221.63412,17232,64137.034,5746702.24292
1751565600000,89.77,90.11,89.55,89.72,65721.698,1751569199999,5904062.55999,14765,34550.823,3104385.90928
1751569200000,89.73,89.94,89.45,89.61,55682.348,1751572799999,4996289.18635,13074,28003.744,2512748.91702
1751572800000,89.62,89.87,89.48,89.60,61774.570,1751576399999,5539564.26418,12968,35190.491,3155988.05741
1751576400000,89.60,89.68,89.22,89.35,51357.823,1751579999999,4591328.57747,11495,26379.593,2358473.03463
1751580000000,89.34,89.39,89.02,89.04,44151.987,1751583599999,3936600.64126,9570,20518.718,1829507.39875
1751583600000,89.04,89.16,88.74,89.05,46381.279,1751587199999,4125022.41095,10478,22017.444,1958187.20246
1751587200000,89.04,89.30,88.02,88.28,191052.891,1751590799999,16919196.22159,26776,74353.813,6587427.44941
1751590800000,88.27,88.95,88.14,88.58,136376.422,1751594399999,12066471.22238,19825,58223.949,5152695.35487
1751594400000,88.58,88.59,88.08,88.27,84250.875,1751597999999,7440903.18465,15836,31546.164,2785884.17120
1751598000000,88.28,88.81,88.14,88.71,57594.798,1751601599999,5100366.57125,11741,33251.971,2944607.86610
1751601600000,88.71,88.72,88.17,88.31,56007.215,1751605199999,4951991.73271,12271,23432.599,2071640.90014
1751605200000,88.31,89.17,88.30,88.80,77592.593,1751608799999,6893371.59577,15834,40236.695,3574401.67545
1751608800000,88.80,88.86,87.43,87.53,227051.089,1751612399999,19996122.31469,29959,82603.883,7274354.31612
1751612400000,87.53,87.87,87.05,87.22,174078.266,1751615999999,15215661.86889,25204,90079.121,7875914.48192
1751616000000,87.24,87.78,86.96,87.65,113862.050,1751619599999,9947818.56447,21000,57947.105,5063206.15527
1751619600000,87.64,87.96,87.57,87.77,77014.108,1751623199999,6758723.51283,14207,40265.488,3533920.87724
1751623200000,87.77,88.06,87.71,88.01,54883.991,1751626799999,4823762.11656,11596,24231.382,2129871.87832
1751626800000,88.01,88.61,87.94,88.10,89635.853,1751630399999,7913089.99310,15595,41647.741,3676835.45543
1751630400000,88.10,88.28,87.72,87.96,101454.866,1751633999999,8927020.27780,14890,35531.941,3126290.80852
1751634000000,87.96,88.60,87.28,87.29,145476.984,1751637599999,12787741.83000,23153,69683.233,6132404.21801
1751637600000,87.29,87.55,86.70,87.13,168734.110,1751641199999,14709546.43908,29946,83124.254,7250189.06087
1751641200000,87.13,87.28,86.22,86.58,172337.363,1751644799999,14924733.17940,28100,76066.091,6589670.77609
1751644800000,86.57,86.72,85.61,86.65,227879.083,1751648399999,19648437.49230,34117,129784.518,11197437.54165
1751648400000,86.65,87.30,86.58,87.21,106697.481,1751651999999,9264454.21365,19882,58595.985,5088184.29751
1751652000000,87.21,87.21,86.39,86.46,70650.673,1751655599999,6135293.32876,15651,27423.925,2382286.62803
1751655600000,86.46,86.77,85.98,86.33,111371.690,1751659199999,9611821.25903,21074,45353.016,3913954.51432
1751659200000,86.32,86.71,86.23,86.49,45613.412,1751662799999,3944420.02159,10947,22615.055,1955702.04731
1751662800000,86.50,86.61,86.20,86.51,31772.299,1751666399999,2743925.62078,8915,17525.703,1513590.36423
1751666400000,86.50,87.06,86.32,86.98,50167.400,1751669999999,4353728.31619,12488,31420.491,2726794.18664
1751670000000,86.99,86.99,86.55,86.78,36738.269,1751673599999,3189022.57646,9458,16735.701,1452811.15857
1751673600000,86.78,87.05,86.56,86.75,48892.362,1751677199999,4244413.96474,13016,27338.118,2372831.50455
1751677200000,86.76,86.76,86.14,86.38,51357.404,1751680799999,4436190.55209,11577,18843.616,1627391.49656
1751680800000,86.39,86.55,85.91,86.51,50328.192,1751684399999,4340955.12578,11538,24408.743,2106116.17827
1751684400000,86.52,86.80,86.52,86.70,46390.047,1751687999999,4019828.69692,11076,23340.484,2022389.05163
1751688000000,86.71,86.80,86.24,86.31,48717.660,1751691599999,4211215.12602,11071,17048.141,1474244.78505
1751691600000,86.31,86.64,86.25,86.57,37501.405,1751695199999,3240628.46519,9515,19324.974,1670039.71108
1751695200000,86.58,87.01,86.50,86.85,47322.653,1751698799999,4108447.94134,10407,23984.131,2082261.31631
1751698800000,86.85,86.89,86.03,86.18,70371.886,1751702399999,6075999.29654,12688,30056.706,2595492.60669
1751702400000,86.18,86.27,85.84,86.21,59757.044,1751705999999,5145734.18689,13013,25984.568,2238594.87945
1751706000000,86.20,86.32,85.75,86.26,78922.413,1751709599999,6791865.91140,15063,40077.857,3450477.69633
1751709600000,86.25,86.41,86.09,86.28,41468.095,1751713199999,3578106.24184,10926,18531.389,1598851.57079
1751713200000,86.28,86.74,86.25,86.49,44932.695,1751716799999,3888616.29836,10722,19820.212,1715128.11973
1751716800000,86.49,86.58,86.17,86.56,37926.755,1751720399999,3276365.13664,12235,18252.994,1576816.07987
1751720400000,86.56,86.89,86.36,86.43,42230.852,1751723999999,3657471.56512,11517,17625.837,1526714.53700
1751724000000,86.43,86.86,86.39,86.82,38006.491,1751727599999,3291533.70760,11085,18590.885,1610052.39869
1751727600000,86.83,86.84,86.28,86.40,32364.312,1751731199999,2800603.14568,10261,14104.177,1220142.46686
1751731200000,86.41,86.56,85.92,86.34,45184.032,1751734799999,3895221.99466,13085,21966.707,1893622.60586
1751734800000,86.35,86.64,86.07,86.59,42353.507,1751738399999,3656016.66723,11244,22120.403,1909564.65145
1751738400000,86.60,86.71,86.21,86.29,40773.907,1751741999999,3525170.99910,10045,18025.297,1557911.81928
1751742000000,86.28,86.76,86.18,86.70,26853.386,1751745599999,2322146.99057,9087,10941.969,946290.29543
1751745600000,86.70,87.38,86.61,87.36,51961.658,1751749199999,4518965.17743,11528,30701.608,2671608.11489
1751749200000,87.35,87.52,87.20,87.28,63656.241,1751752799999,5560311.07150,11231,31589.400,2759485.80387
1751752800000,87.27,87.62,87.15,87.46,37054.688,1751756399999,3238787.26968,10212,19400.797,1695747.85002
1751756400000,87.46,87.79,87.33,87.49,32905.814,1751759999999,2880927.97034,8072,16245.958,1422696.22287
1751760000000,87.50,87.65,87.29,87.41,32321.672,1751763599999,2826545.69165,9309,15757.704,1378159.02949
1751763600000,87.40,87.41,87.07,87.20,22334.350,1751767199999,1947041.93938,6842,10003.068,871946.71253
1751767200000,87.19,87.37,86.87,86.88,26750.988,1751770799999,2328954.88849,7422,11525.041,1003516.41677
1751770800000,86.87,87.03,86.81,87.02,21037.761,1751774399999,1828230.41437,5571,12086.888,1050330.91728
1751774400000,87.01,87.14,86.71,86.90,27170.969,1751777999999,2361425.15406,7621,10959.811,952649.65470
1751778000000,86.90,86.93,86.74,86.89,12644.150,1751781599999,1098123.87570,4934,6035.300,524145.75277
1751781600000,86.90,87.17,86.81,86.99,27543.650,1751785199999,2396980.43636,7309,14130.541,1229668.91777
1751785200000,87.00,87.02,86.48,86.71,47913.437,1751788799999,4155092.36059,9144,23477.632,2036347.50519
1751788800000,86.71,86.85,86.46,86.56,34119.028,1751792399999,2955532.03956,8827,14635.723,1267918.71567
1751792400000,86.57,86.78,86.41,86.46,32403.783,1751795999999,2806475.06360,8408,11493.263,995610.34285
1751796000000,86.46,87.29,86.44,87.12,42026.131,1751799599999,3654097.43116,11467,25011.000,2174148.60013
1751799600000,87.12,87.55,86.96,87.46,55014.601,1751803199999,4802838.53130,10868,34438.193,3006537.53733
1751803200000,87.46,87.47,87.01,87.35,99057.740,1751806799999,8634947.41310,13748,28889.909,2518901.38147
1751806800000,87.35,88.36,87.27,87.97,116794.306,1751810399999,10264306.95551,22638,58998.568,5183569.30368
1751810400000,87.97,88.16,87.52,87.99,80187.134,1751813999999,7046537.29352,18303,37951.619,3335484.37111
1751814000000,87.99,88.06,87.54,87.93,51376.781,1751817599999,4509805.58738,14048,22050.581,1936285.49089
1751817600000,87.94,88.04,87.64,87.98,46611.431,1751821199999,4095079.62082,12270,20256.594,1779963.04290
1751821200000,87.98,87.99,87.64,87.66,32734.430,1751824799999,2873838.45682,9776,15474.115,1358578.08550
1751824800000,87.66,87.80,87.08,87.40,77979.544,1751828399999,6816163.78812,13190,27170.724,2375324.70342
1751828400000,87.40,87.53,87.23,87.48,27333.960,1751831999999,2388131.40910,7288,15588.033,1361980.37746
1751832000000,87.49,87.63,87.45,87.52,36130.279,1751835599999,3163117.88428,8161,18178.832,1591533.48510
1751835600000,87.52,88.50,87.49,87.81,135053.555,1751839199999,11891512.86132,21452,70662.773,6222751.71691
1751839200000,87.82,88.30,87.59,87.62,99446.676,1751842799999,8746629.73078,15063,48591.857,4273751.29905
1751842800000,87.63,87.66,87.27,87.30,75911.661,1751846399999,6634198.79415,11260,34330.108,3000404.94100
1751846400000,87.31,87.54,87.13,87.35,71190.484,1751849999999,6216050.39855,12107,46098.759,4025698.76194
1751850000000,87.34,87.38,87.04,87.30,43198.213,1751853599999,3768220.79080,8709,22459.847,1959430.16365
1751853600000,87.30,88.17,87.30,87.69,106571.660,1751857199999,9356653.26683,14064,47689.669,4187903.45606
1751857200000,87.69,88.16,87.60,87.61,54662.157,1751860799999,4803829.56342,9240,32874.220,2890488.77427
1751860800000,87.62,87.83,87.39,87.79,71199.785,1751864399999,6237487.27661,10485,36402.143,3189691.72254
1751864400000,87.80,88.23,87.53,87.72,95791.111,1751867999999,8422142.23061,13594,42273.699,3717240.93011
1751868000000,87.72,87.85,87.44,87.51,38941.420,1751871599999,3411753.60078,7660,18557.135,1626138.79912
1751871600000,87.51,87.90,87.34,87.88,49958.077,1751875199999,4378428.07659,9134,27254.297,2389608.03670
1751875200000,87.88,87.99,87.65,87.83,43839.228,1751878799999,3850083.48963,10269,22809.095,2003448.05813
1751878800000,87.83,88.01,87.42,87.48,60095.889,1751882399999,5275751.16382,10057,26933.946,2364272.82276
1751882400000,87.47,87.47,87.08,87.10,52333.419,1751885999999,4566163.20784,11425,23784.167,2075421.32181
1751886000000,87.11,87.18,86.78,86.88,72564.593,1751889599999,6310950.71678,13460,34328.358,2986097.65740
1751889600000,86.87,86.90,86.44,86.57,70874.894,1751893199999,6139227.75562,14383,34438.411,2983156.19030
1751893200000,86.57,87.24,86.41,87.21,102255.975,1751896799999,8872520.62902,19565,52979.183,4597697.65912
1751896800000,87.20,87.31,86.11,86.38,127397.432,1751900399999,11039510.06360,20504,64171.797,5563865.48951
1751900400000,86.38,86.75,85.95,86.10,84644.504,1751903999999,7309116.64215,15698,34861.298,3011507.60092
1751904000000,86.10,86.28,85.37,85.53,204691.970,1751907599999,17561159.74484,28735,89977.646,7721525.60779
1751907600000,85.52,86.11,85.37,85.59,85453.735,1751911199999,7321088.36346,16300,42050.635,3602832.82810
1751911200000,85.59,85.69,85.10,85.61,83975.730,1751914799999,7167381.87417,14196,42077.334,3590387.85025
1751914800000,85.60,86.34,85.57,85.87,100422.069,1751918399999,8641533.51285,16958,52476.259,4515926.04896
1751918400000,85.86,85.96,85.28,85.80,64124.120,1751921999999,5493656.52167,13229,32107.329,2750547.66551
1751922000000,85.79,86.10,85.41,85.88,50541.744,1751925599999,4335293.79104,12062,20415.971,1751036.26238
1751925600000,85.88,85.98,85.64,85.87,43004.472,1751929199999,3689786.23733,8816,24977.413,2143175.28600
1751929200000,85.87,86.15,85.82,85.99,50343.963,1751932799999,4331623.41414,8652,18644.246,1604311.78023
1751932800000,86.00,86.16,85.77,85.98,69031.348,1751936399999,5933908.75749,12460,34188.926,2938530.69120
1751936400000,85.98,85.98,85.56,85.67,38338.379,1751939999999,3287985.86876,10662,17087.979,1465162.23651
1751940000000,85.67,85.96,85.48,85.73,52239.774,1751943599999,4478879.62802,10750,25718.903,2204958.14728
1751943600000,85.73,86.07,85.70,85.94,23539.746,1751947199999,2022581.76958,7609,14093.810,1211026.70888
1751947200000,85.95,86.06,85.78,85.95,27504.352,1751950799999,2363404.59045,8146,12631.693,1085445.32645
1751950800000,85.95,86.26,85.77,86.22,32514.105,1751954399999,2796805.72554,8536,19087.576,1642061.53742
1751954400000,86.22,86.58,86.09,86.55,59618.444,1751957999999,5145517.96643,12120,32280.603,2786525.32323
1751958000000,86.55,86.61,86.35,86.57,44550.849,1751961599999,3852222.48756,10011,21420.881,1852341.51718
1751961600000,86.58,86.68,86.19,86.20,34888.590,1751965199999,3017505.97987,8593,15610.720,1350691.33585
1751965200000,86.20,86.28,86.07,86.07,26308.195,1751968799999,2267041.18390,7598,12000.081,1034076.68521
1751968800000,86.08,86.56,86.03,86.54,47004.042,1751972399999,4055989.65151,8929,21716.259,1873878.34611
1751972400000,86.55,86.85,86.45,86.49,65999.544,1751975999999,5718886.41454,11673,31986.121,2772057.77088
1751976000000,86.50,87.03,86.49,87.02,65124.796,1751979599999,5650978.21357,11361,37335.397,3239813.79247
1751979600000,87.02,87.07,86.33,86.58,101767.952,1751983199999,8816127.31189,18188,41333.638,3582664.11351
1751983200000,86.57,86.62,86.06,86.20,74792.609,1751986799999,6456931.67142,15571,30714.336,2652465.21992
1751986800000,86.21,86.66,86.13,86.33,61313.889,1751990399999,5297146.44824,10985,32396.805,2799208.95384
1751990400000,86.33,86.72,86.19,86.57,44234.809,1751993999999,3824765.39710,10701,21282.296,1840720.48375
1751994000000,86.57,87.49,86.51,87.20,142991.844,1751997599999,12464300.64384,21221,71350.492,6218322.45502
1751997600000,87.20,87.53,87.14,87.52,47091.098,1752001199999,4112221.94635,11603,22647.249,1978046.73085
1752001200000,87.52,87.52,87.14,87.28,41800.736,1752004799999,3649144.80731,9855,18205.084,1589165.16159
1752004800000,87.28,87.45,86.98,86.99,32305.226,1752008399999,2818387.00900,8665,11685.364,1019698.52200
1752008400000,86.98,87.66,86.98,87.59,38371.793,1752011999999,3349231.36985,8479,18630.976,1627201.57832
1752012000000,87.58,87.77,87.42,87.74,47517.002,1752015599999,4163015.36070,10349,28999.053,2541131.86037
1752015600000,87.73,88.00,87.51,87.71,44139.722,1752019199999,3872396.13107,10891,25299.778,2219935.88382
1752019200000,87.72,87.79,87.24,87.56,45286.976,1752022799999,3961779.40769,10506,22276.931,1948709.80912
1752022800000,87.57,87.80,87.10,87.42,66171.840,1752026399999,5783580.34898,12250,26792.616,2341338.32912
1752026400000,87.43,87.75,87.32,87.65,37920.569,1752029999999,3320071.44112,9945,15770.462,1380808.80983
1752030000000,87.65,87.77,87.35,87.54,50708.249,1752033599999,4439455.82934,9011,26152.691,2289700.83571
1752033600000,87.54,87.84,87.49,87.83,23303.575,1752037199999,2041874.83877,6521,12710.490,1113848.50977
1752037200000,87.83,88.30,87.62,88.01,91293.118,1752040799999,8030381.42335,14869,49401.673,4344993.37239
1752040800000,88.02,88.07,87.74,88.02,44926.298,1752044399999,3949743.00085,8667,28415.887,2498588.19779
1752044400000,88.02,88.19,87.87,88.06,52186.407,1752047999999,4594967.22441,9805,22483.446,1979509.85892
1752048000000,88.06,88.30,87.53,87.68,100652.917,1752051599999,8847894.48422,15762,35586.330,3129807.35432
1752051600000,87.68,87.87,87.56,87.85,62024.567,1752055199999,5439544.92259,11209,33736.862,2958865.64084
1752055200000,87.85,88.02,87.69,88.00,37806.012,1752058799999,3321767.86418,9386,22727.240,1996945.53150
1752058800000,88.00,88.45,87.95,88.33,55431.295,1752062399999,4887285.74963,11034,31302.309,2760021.67306
1752062400000,88.34,88.84,88.33,88.72,112390.629,1752065999999,9962697.60743,17464,64140.306,5685086.05258
1752066000000,88.72,89.08,88.58,88.66,105184.780,1752069599999,9346035.46627,17675,57381.208,5099652.31172
1752069600000,88.66,88.92,87.89,88.43,129435.559,1752073199999,11434210.84356,20784,69647.408,6152720.62956
1752073200000,88.42,88.63,88.19,88.48,45950.954,1752076799999,4062708.21904,10582,27098.717,2396082.41268
1752076800000,88.48,88.79,88.40,88.64,47880.726,1752080399999,4243109.97749,10644,25131.949,2227261.56972
1752080400000,88.64,88.82,88.28,88.34,63731.635,1752083999999,5642902.76985,11747,29948.557,2651992.01321
1752084000000,88.33,89.14,88.27,88.45,153325.071,1752087599999,13598277.71649,19267,77265.028,6854617.93242
1752087600000,88.45,90.40,88.44,90.35,282532.154,1752091199999,25344993.50008,35003,167182.283,14993717.94294
1752091200000,90.36,90.73,89.74,90.57,208511.485,1752094799999,18814121.29178,33849,97944.496,8838707.04981
1752094800000,90.56,91.18,90.37,90.45,127317.001,1752098399999,11564021.98957,23969,63239.916,5744348.54867
1752098400000,90.45,91.26,90.44,91.21,87900.775,1752101999999,7989130.79351,15773,52379.738,4761387.06333
1752102000000,91.21,91.37,90.55,90.59,77514.295,1752105599999,7054981.61103,14434,40006.105,3641485.23462
1752105600000,90.60,90.89,90.11,90.19,83397.983,1752109199999,7547847.44437,15170,35314.715,3196388.09487
1752109200000,90.19,90.87,90.19,90.78,53125.326,1752112799999,4810135.92179,12743,30850.351,2793601.54170
1752112800000,90.78,91.45,90.71,91.23,94171.507,1752116399999,8591378.67947,16260,55058.929,5023064.20540
1752116400000,91.22,91.25,90.74,90.86,59106.612,1752119999999,5377315.72256,11079,21587.653,1964299.46145
1752120000000,90.86,90.86,90.28,90.72,55493.471,1752123599999,5025805.36358,11530,27239.212,2466975.24315
1752123600000,90.73,90.74,90.39,90.61,49633.427,1752127199999,4493708.97585,8842,18405.170,1666521.69176
1752127200000,90.61,90.93,90.36,90.85,40877.869,1752130799999,3703986.96521,9188,24319.732,2203708.06134
1752130800000,90.84,91.22,90.73,90.93,74533.560,1752134399999,6782056.32104,13209,41961.753,3818256.16972
1752134400000,90.93,91.37,90.86,91.11,45176.773,1752137999999,4117449.86951,10616,21768.440,1983868.21856
1752138000000,91.11,91.17,90.78,90.87,52977.417,1752141599999,4818808.97599,8810,24053.052,2188285.83020
1752141600000,90.86,91.09,90.59,90.98,44574.419,1752145199999,4046411.90519,9508,18772.350,1704318.76971
1752145200000,90.98,91.06,90.70,90.90,43204.420,1752148799999,3926459.04384,9747,20503.151,1863350.45435
1752148800000,90.90,90.91,90.55,90.83,79064.816,1752152399999,7170368.18162,12607,37768.179,3424674.36012
1752152400000,90.83,91.22,90.55,90.65,95729.603,1752155999999,8704414.90899,15280,50797.602,4619464.08523
1752156000000,90.65,90.96,90.23,90.93,92691.509,1752159599999,8391765.30505,16018,46994.000,4255129.27454
1752159600000,90.92,91.21,90.53,91.16,78552.015,1752163199999,7132602.94537,12549,39312.964,3570404.01450
1752163200000,91.16,92.12,91.12,91.77,263929.447,1752166799999,24195537.52580,29637,140377.739,12868573.08532
1752166800000,91.77,92.84,91.49,92.63,176597.154,1752170399999,16288050.58347,24193,94684.993,8735999.43085
1752170400000,92.62,93.11,92.14,92.57,141176.910,1752173999999,13074518.12012,21657,72290.083,6696289.38374
1752174000000,92.56,92.88,92.28,92.53,63590.808,1752177599999,5889424.22511,11518,30251.226,2800897.30695
1752177600000,92.52,93.24,92.44,93.07,139583.331,1752181199999,12978659.90744,16222,74659.438,6941175.25278
1752181200000,93.06,94.94,92.92,94.66,348320.782,1752184799999,32802377.03493,51739,186344.691,17549376.76554
1752184800000,94.66,95.29,94.37,94.91,184950.837,1752188399999,17524469.56499,26071,96018.288,9099033.31156
1752188400000,94.90,95.08,94.20,94.84,103462.983,1752191999999,9800670.79599,18734,43641.159,4134391.23977
1752192000000,94.84,94.91,93.55,94.09,144582.279,1752195599999,13611667.18366,23958,70155.791,6605704.44398
1752195600000,94.09,95.27,93.98,94.93,179838.077,1752199199999,17049340.03945,26067,87795.187,8321835.94157
1752199200000,94.94,95.88,94.80,95.62,160104.384,1752202799999,15291340.95387,24599,91712.778,8758002.87669
1752202800000,95.61,95.62,95.13,95.43,80694.784,1752206399999,7700004.53146,15095,41156.306,3927551.09988
1752206400000,95.43,95.70,94.84,95.68,109396.161,1752209999999,10418901.29310,18744,41238.963,3928968.79026
1752210000000,95.68,96.56,95.59,95.93,188283.187,1752213599999,18102469.11227,31742,103299.881,9932146.25420
1752213600000,95.93,96.31,94.61,94.86,195868.926,1752217199999,18701202.44724,31635,89901.835,8593245.02383
1752217200000,94.86,95.37,94.50,94.90,133634.892,1752220799999,12684761.60052,22133,73201.509,6949330.49848
1752220800000,94.91,95.52,94.86,95.34,84958.527,1752224399999,8080423.55559,14673,43082.725,4098131.29744
1752224400000,95.33,96.00,95.13,95.73,83803.076,1752227999999,8017556.39784,17481,46519.129,4450648.22568
1752228000000,95.73,96.02,95.47,95.83,63293.589,1752231599999,6060253.80070,15177,30972.170,2965718.02200
1752231600000,95.83,95.98,95.21,95.44,80755.988,1752235199999,7714889.60687,15267,39003.475,3725888.09627
1752235200000,95.44,95.90,95.07,95.90,68199.495,1752238799999,6510947.11799,13472,35937.158,3432059.54281
1752238800000,95.90,97.30,95.68,96.93,250204.732,1752242399999,24133480.99333,41181,139297.397,13435832.83730
1752242400000,96.93,97.47,96.20,96.85,204851.790,1752245999999,19855347.00793,36659,101922.993,9880467.54593
1752246000000,96.84,98.36,96.27,96.67,508855.438,1752249599999,49526338.99800,71492,262266.579,25534740.44935
1752249600000,96.69,97.51,95.55,96.65,364056.946,1752253199999,35121632.32810,55865,168663.751,16280237.99495
1752253200000,96.65,97.07,95.96,96.65,105545.249,1752256799999,10192622.99563,21229,50762.407,4902725.19375
1752256800000,96.64,97.82,96.62,97.68,91496.364,1752260399999,8899613.82632,20425,52213.436,5077444.75595
1752260400000,97.68,97.70,96.74,97.08,91329.646,1752263999999,8867919.17431,19016,46532.531,4518539.13424
1752264000000,97.07,97.20,95.80,95.85,109689.952,1752267599999,10585538.04433,21408,55614.464,5368434.24735
1752267600000,95.85,96.05,93.31,94.44,462951.324,1752271199999,43837411.64943,58047,210126.985,19904602.00416
1752271200000,94.43,94.61,92.66,93.73,285463.331,1752274799999,26681875.33941,46078,150783.058,14100294.58798
1752274800000,93.72,94.49,93.63,94.24,107121.162,1752278399999,10083640.11331,19901,60090.407,5656927.59484
1752278400000,94.24,94.59,93.06,94.16,116704.295,1752281999999,10938399.62613,22249,53332.692,4999823.52557
1752282000000,94.16,95.16,94.16,95.04,73502.126,1752285599999,6971740.11806,18833,46236.834,4385401.90504
1752285600000,95.03,95.44,94.70,94.79,88822.093,1752289199999,8454083.82417,17076,45500.603,4330829.16629
1752289200000,94.79,95.18,94.54,94.81,62694.923,1752292799999,5945848.23597,11766,23094.676,2191120.01997
1752292800000,94.80,94.85,92.80,92.97,294872.578,1752296399999,27572553.54900,33041,126568.939,11818730.77643
1752296400000,92.97,93.45,92.41,93.18,140481.143,1752299999999,13047438.19437,25996,66048.893,6137056.66007
1752300000000,93.17,93.30,92.85,93.13,84197.866,1752303599999,7841888.37153,16398,42577.319,3966091.44112
1752303600000,93.13,93.40,92.82,93.15,96335.673,1752307199999,8974517.79465,16851,55793.788,5198999.50267
1752307200000,93.15,93.42,92.51,92.97,92394.297,1752310799999,8597656.27218,16044,42478.946,3953650.22547
1752310800000,92.96,93.71,92.74,93.54,106720.596,1752314399999,9969691.37304,17878,57383.771,5359797.59484
1752314400000,93.54,93.81,93.20,93.74,61978.774,1752317999999,5795387.48552,15790,29180.650,2728819.73071
1752318000000,93.74,94.04,93.27,93.40,62160.696,1752321599999,5817067.60244,15304,24519.619,2295333.77641
1752321600000,93.40,93.59,91.36,92.59,225634.189,1752325199999,20847033.86440,35283,97227.151,8981291.67019
1752325200000,92.59,92.77,91.66,92.54,160623.097,1752328799999,14820847.90943,28491,82817.223,7645236.05243
1752328800000,92.54,93.00,91.52,91.73,128173.405,1752332399999,11830320.73635,21924,52729.734,4869042.16122
1752332400000,91.73,91.90,90.68,91.09,213339.016,1752335999999,19466699.42892,38039,87106.200,7948248.43822
1752336000000,91.10,91.97,90.91,91.53,115629.016,1752339599999,10582675.62530,20768,64809.673,5931126.47738
1752339600000,91.53,92.72,91.44,92.36,100048.707,1752343199999,9242117.17918,16689,54073.356,4994316.69210
1752343200000,92.36,92.69,92.15,92.65,44819.554,1752346799999,4142893.59342,12223,24247.003,2241372.37293
1752346800000,92.66,92.87,92.42,92.80,62366.732,1752350399999,5778823.96713,12968,30612.135,2837179.48831
1752350400000,92.80,92.81,91.87,91.89,40918.133,1752353999999,3780744.11578,12083,13945.894,1288670.34055
1752354000000,91.88,92.66,91.82,92.65,31055.379,1752357599999,2867479.19113,10790,16066.698,1483438.47721
1752357600000,92.66,92.76,92.18,92.64,35838.429,1752361199999,3316846.26926,10756,16187.590,1498472.01222
1752361200000,92.63,92.94,92.42,92.73,67788.529,1752364799999,6284166.46347,12938,34590.574,3205876.62142
1752364800000,92.74,93.14,92.45,92.79,56380.513,1752368399999,5234055.31919,16754,28252.603,2623553.16948
1752368400000,92.79,93.50,92.72,93.49,52923.459,1752371999999,4927521.75159,15073,29103.534,2710213.51302
1752372000000,93.48,93.61,92.73,93.41,72417.954,1752375599999,6745813.43299,14999,32292.521,3008998.01228
1752375600000,93.41,93.46,92.97,93.06,38105.532,1752379199999,3550436.11494,10254,20404.054,1901028.95383
1752379200000,93.06,93.63,92.93,93.60,40063.132,1752382799999,3734338.71722,11272,22167.548,2066419.61619
1752382800000,93.59,94.31,93.58,93.98,103179.835,1752386399999,9688681.31101,20592,53591.485,5031965.59505
1752386400000,93.99,94.56,93.93,94.12,107654.801,1752389999999,10148061.70915,19700,55005.883,5185844.15303
1752390000000,94.11,94.51,94.10,94.33,44152.112,1752393599999,4163482.68406,11502,21748.404,2050981.95861
1752393600000,94.34,94.69,94.19,94.57,59829.116,1752397199999,5647505.09107,13708,28119.026,2654951.21897
1752397200000,94.58,94.77,93.91,94.23,58312.085,1752400799999,5498540.79650,12732,23152.124,2184745.02541
1752400800000,94.23,94.61,93.93,94.06,66827.313,1752404399999,6303814.18417,12401,29765.521,2808309.58505
1752404400000,94.07,94.91,94.05,94.79,65077.625,1752407999999,6157562.05704,12938,36088.998,3415111.82445
1752408000000,94.79,95.22,94.66,95.10,87597.176,1752411599999,8314110.95432,17252,45641.967,4332540.49378
1752411600000,95.09,95.47,94.64,95.27,95368.374,1752415199999,9068008.79893,17586,50011.422,4755022.52851
1752415200000,95.27,96.31,95.08,95.66,188686.292,1752418799999,18081639.31950,32740,94415.496,9046425.13934
1752418800000,95.68,96.59,95.31,96.09,114816.572,1752422399999,11017416.83106,22508,47235.129,4532890.07475
1752422400000,96.10,96.57,95.41,95.48,114876.623,1752425999999,11032318.48277,21894,42741.453,4107351.81499
1752426000000,95.49,96.17,95.23,96.10,76023.086,1752429599999,7285457.31801,17742,38447.638,3685095.37588
1752429600000,96.11,96.65,95.87,96.39,77121.967,1752433199999,7426143.47972,16017,37855.698,3644412.26267
1752433200000,96.39,96.84,96.10,96.27,56245.847,1752436799999,5424857.66610,21594,26759.880,2581111.35066
1752436800000,96.27,96.53,96.01,96.07,38393.483,1752440399999,3695217.82991,12762,17421.830,1676756.84476
1752440400000,96.07,96.14,94.40,94.72,137223.108,1752443999999,13059433.15008,27738,52559.517,5002275.47402
1752444000000,94.71,94.77,93.84,94.25,140536.412,1752447599999,13257105.36994,28114,64900.110,6124097.71444
1752447600000,94.24,94.75,94.04,94.59,68088.016,1752451199999,6426356.32791,16969,35775.913,3377040.90857
1752451200000,94.59,95.24,94.37,94.78,74985.963,1752454799999,7108486.32349,19801,38080.442,3611049.51515
1752454800000,94.77,95.22,94.54,95.05,78318.043,1752458399999,7434261.20246,21067,40610.382,3854660.11770
1752458400000,95.05,96.10,94.85,95.58,107653.067,1752461999999,10289567.10975,23393,53806.779,5142926.47137
1752462000000,95.58,97.15,95.44,96.77,154846.482,1752465599999,14927710.94302,28755,74019.585,7139642.69366
1752465600000,96.76,97.59,96.50,97.55,131177.064,1752469199999,12732697.19662,23951,64290.467,6240259.36427
1752469200000,97.55,97.84,96.02,96.93,227664.028,1752472799999,22114461.00226,35051,100131.228,9726624.85412
1752472800000,96.94,96.98,96.10,96.32,98400.467,1752476399999,9502825.07369,21649,47571.332,4594409.10181
1752476400000,96.31,97.39,96.27,97.13,96986.934,1752479999999,9408553.98072,19657,53495.332,5188446.13606
1752480000000,97.14,97.18,95.93,96.30,110302.417,1752483599999,10630207.10540,21648,52480.773,5058996.84675
1752483600000,96.30,97.76,96.04,96.97,168865.267,1752487199999,16359930.93100,26060,83465.030,8082017.71606
1752487200000,96.98,97.97,96.22,97.91,162039.252,1752490799999,15752103.99590,25720,82734.593,8044909.82079
1752490800000,97.91,97.93,96.72,96.96,123288.770,1752494399999,11999641.02390,22221,55241.356,5378641.21115
1752494400000,96.95,97.24,96.40,96.84,84000.825,1752497999999,8131036.50287,18181,46592.716,4510873.35039
1752498000000,96.84,97.30,96.32,97.10,98428.364,1752501599999,9529206.82057,22004,52817.809,5114308.36360
1752501600000,97.10,97.56,95.73,96.54,211309.993,1752505199999,20376182.41543,35507,100807.072,9722400.70278
1752505200000,96.54,96.56,94.85,95.43,208965.936,1752508799999,19995567.15526,33702,94315.647,9023538.62717
1752508800000,95.43,96.44,95.01,96.34,165139.768,1752512399999,15814133.44811,28132,84481.387,8092548.84486
1752512400000,96.35,96.35,95.46,95.83,87924.283,1752515999999,8424673.18538,17658,46562.494,4461933.18519
1752516000000,95.82,95.87,94.65,94.81,99613.569,1752519599999,9489524.23147,18978,47850.706,4561393.54508
1752519600000,94.80,95.32,94.67,94.97,60526.673,1752523199999,5747464.56270,14069,30679.318,2913216.96976
1752523200000,94.97,95.41,94.09,95.13,101524.892,1752526799999,9614552.16294,20578,47741.697,4524368.93282
1752526800000,95.12,95.59,94.92,95.30,51634.156,1752530399999,4915273.10213,10733,27540.389,2621851.82981
1752530400000,95.30,95.73,95.00,95.53,39526.774,1752533999999,3770196.35072,9801,19083.108,1820071.78768
1752534000000,95.53,95.68,95.10,95.58,32787.880,1752537599999,3127232.34204,9537,16708.260,1593834.83719
1752537600000,95.58,96.07,92.74,93.77,403173.635,1752541199999,37966565.24546,51278,154747.667,14579121.47086
1752541200000,93.78,94.39,93.00,93.61,148471.985,1752544799999,13909149.43199,31539,70630.800,6618271.92023
1752544800000,93.60,93.92,92.45,92.66,186534.766,1752548399999,17345774.78890,37480,86346.452,8033103.56648
1752548400000,92.65,92.72,91.26,91.85,235688.043,1752551999999,21635531.15158,44605,113465.233,10413737.42536
1752552000000,91.85,92.73,91.16,92.68,104073.438,1752555599999,9582379.63609,21619,55057.743,5072122.06080
1752555600000,92.67,92.95,92.35,92.66,60554.322,1752559199999,5611741.90839,14275,28237.090,2617099.34614
1752559200000,92.65,93.08,92.40,92.71,100753.618,1752562799999,9345782.58474,18038,44749.256,4151183.35644
1752562800000,92.72,93.02,92.43,92.45,57277.171,1752566399999,5312345.57828,15179,27714.246,2570647.71010
1752566400000,92.45,92.83,91.88,92.69,93967.530,1752569999999,8682841.33954,17784,49835.381,4606028.50073
1752570000000,92.69,93.36,92.63,92.90,65610.548,1752573599999,6105992.06778,16313,31400.424,2922531.73084
1752573600000,92.90,93.31,92.80,92.89,52804.417,1752577199999,4912262.81410,14826,26603.353,2475325.85323
1752577200000,92.89,93.13,92.22,92.62,71166.850,1752580799999,6585992.61413,17484,31872.953,2950875.42168
1752580800000,92.63,93.28,91.73,92.86,139966.281,1752584399999,12945269.66979,29542,67850.592,6277607.92853
1752584400000,92.87,93.91,92.78,93.61,149960.863,1752587999999,14002559.04080,28310,75644.891,7063706.83881
1752588000000,93.62,93.92,91.63,91.96,204500.702,1752591599999,18940128.61437,34574,103071.494,9541014.61782
1752591600000,91.97,93.56,91.83,93.40,178767.100,1752595199999,16570702.61664,29433,92467.304,8568871.16185
1752595200000,93.39,94.52,93.30,94.28,124674.747,1752598799999,11713293.99277,22796,63442.183,5961675.29270
1752598800000,94.29,95.55,94.25,95.54,151136.911,1752602399999,14338599.95206,27478,73784.080,7001320.92803
1752602400000,95.53,96.34,94.02,95.30,344573.434,1752605999999,32787027.74977,52344,168603.819,16039949.42426
1752606000000,95.29,96.04,94.60,95.16,142517.889,1752609599999,13579786.72600,27711,66670.089,6353478.65978
1752609600000,95.14,95.70,94.72,95.18,95727.008,1752613199999,9116153.27153,23140,48722.971,4640383.01814
1752613200000,95.17,96.62,95.12,96.25,74894.561,1752616799999,7189518.95197,18212,37949.381,3642981.10976
1752616800000,96.24,96.30,95.59,96.01,61039.325,1752620399999,5854054.09554,14257,26572.797,2549232.75752
1752620400000,96.01,96.74,95.99,96.36,89816.132,1752623999999,8657239.63825,18261,44172.487,4256276.09145
1752624000000,96.36,97.26,95.78,96.98,136589.116,1752627599999,13197202.85385,24054,76726.600,7417096.22052
1752627600000,96.99,97.06,96.26,96.46,81206.295,1752631199999,7848867.96356,17426,33663.965,3253289.82211
1752631200000,96.46,96.46,95.17,95.52,130305.988,1752634799999,12465336.52694,21012,56775.755,5426775.52659
1752634800000,95.52,95.88,95.37,95.47,40890.736,1752638399999,3910804.10105,12614,20701.237,1979929.99061
1752638400000,95.47,95.85,95.09,95.76,46475.955,1752641999999,4438735.56341,13020,20565.590,1965075.66122
1752642000000,95.77,96.10,95.71,95.85,37800.803,1752645599999,3625553.12331,11757,20214.993,1939041.19167
1752645600000,95.84,96.30,95.60,96.21,44570.565,1752649199999,4276971.55900,11909,23064.204,2213640.61970
1752649200000,96.20,96.62,96.01,96.36,53655.996,1752652799999,5168477.57886,11647,26029.213,2507427.76536
1752652800000,96.37,96.57,96.09,96.50,78532.958,1752656399999,7563617.93746,14430,44300.910,4266569.57134
1752656400000,96.50,97.72,96.49,97.60,163794.864,1752659999999,15913527.86325,27289,84042.702,8163338.99898
1752660000000,97.60,97.66,96.83,96.89,62843.717,1752663599999,6102790.40645,14833,24615.623,2391041.23723
1752663600000,96.90,97.44,96.89,96.96,61149.538,1752667199999,5941500.44847,14301,29758.697,2891324.58816
1752667200000,96.97,97.83,96.88,97.33,119771.233,1752670799999,11665471.06029,20931,62789.453,6113853.87749
1752670800000,97.33,97.51,96.64,97.04,134738.343,1752674399999,13078712.71867,23188,66685.927,6473221.53906
1752674400000,97.03,98.05,96.36,97.68,200023.068,1752677999999,19456286.72613,32592,101243.341,9850433.18820
1752678000000,97.69,97.90,95.82,96.85,236407.739,1752681599999,22910789.70574,37350,110150.081,10670773.24830
1752681600000,96.84,98.02,96.52,97.95,159577.295,1752685199999,15540026.81167,29278,82945.450,8072913.11652
1752685200000,97.95,99.33,97.87,99.28,261497.269,1752688799999,25792606.46718,40731,128341.136,12661714.93772
1752688800000,99.29,99.81,98.72,98.80,154668.861,1752692399999,15362808.58819,29221,74451.905,7398299.21896
1752692400000,98.81,98.91,98.11,98.55,167725.656,1752695999999,16527431.16671,23826,90243.990,8895249.34433
1752696000000,98.55,99.46,98.52,98.70,146434.000,1752699599999,14504094.26590,23895,73362.996,7269114.51958
1752699600000,98.69,99.99,98.56,99.07,132593.099,1752703199999,13158677.56623,22871,74953.620,7434982.92148
1752703200000,99.07,99.37,97.53,97.89,175888.925,1752706799999,17296122.96799,26511,82114.371,8075903.73619
1752706800000,97.89,97.98,97.06,97.46,134845.902,1752710399999,13138370.27687,24903,60201.716,5865072.36433
1752710400000,97.46,98.84,97.35,97.80,141337.241,1752713999999,13867327.51381,24187,61907.906,6076232.02777
1752714000000,97.79,98.23,95.56,96.48,270837.746,1752717599999,26243337.71431,41126,120576.761,11690264.21397
1752717600000,96.48,96.94,96.24,96.75,67000.449,1752721199999,6476469.00067,18135,37759.178,3650672.35146
1752721200000,96.75,96.76,95.33,96.11,132954.639,1752724799999,12744899.64323,26285,60029.520,5754640.28044
1752724800000,96.10,96.67,95.88,96.59,62372.174,1752728399999,6011668.83834,16512,31943.905,3079367.28998
1752728400000,96.58,97.79,96.21,97.78,110414.851,1752731999999,10737531.02827,22038,61579.717,5988426.66402
1752732000000,97.78,98.64,97.46,98.36,208403.558,1752735599999,20461276.27107,30494,98153.571,9636947.97925
1752735600000,98.35,98.45,97.44,98.20,128313.680,1752739199999,12572215.33377,21703,59514.934,5831836.03610
1752739200000,98.20,98.91,98.00,98.87,124349.810,1752742799999,12248985.13882,22211,66043.680,6506724.86377
1752742800000,98.87,101.42,98.68,100.74,401603.469,1752746399999,40272540.80348,52745,212707.865,21333029.15122
1752746400000,100.74,100.90,99.49,100.09,286482.697,1752749999999,28686713.61324,37958,138941.494,13912136.04752
1752750000000,100.10,100.17,99.21,99.66,150770.226,1752753599999,15030874.53215,24056,76785.291,7656128.54596
1752753600000,99.66,100.97,98.88,100.70,285378.492,1752757199999,28509989.84098,40013,134118.849,13403049.91986
1752757200000,100.70,100.95,98.17,99.78,409565.689,1752760799999,40832021.08918,49671,197739.709,19706988.63645
1752760800000,99.77,101.50,99.76,100.79,254033.645,1752764399999,25597757.48866,37319,124468.032,12546158.18327
1752764400000,100.79,101.76,99.91,101.28,284670.842,1752767999999,28765405.58033,40148,143598.022,14521992.22547
1752768000000,101.29,101.62,100.20,101.58,412626.228,1752771599999,41668154.59210,52405,212743.236,21479353.78400
1752771600000,101.58,101.99,99.98,101.46,324032.567,1752775199999,32747711.37080,44831,163543.126,16533910.72012
1752775200000,101.46,101.72,100.71,101.60,214929.947,1752778799999,21781411.49292,31385,119451.618,12106222.74422
1752778800000,101.60,102.40,100.86,100.97,224753.283,1752782399999,22877786.59683,35314,111917.195,11389591.90790
1752782400000,100.96,101.59,99.79,101.13,228979.352,1752785999999,23038596.57694,37966,104947.606,10564526.97272
1752786000000,101.13,102.70,100.05,101.64,266876.299,1752789599999,27152616.56473,47980,133227.066,13555592.10863
1752789600000,101.64,103.63,101.27,102.22,209977.391,1752793199999,21542625.60253,41183,108473.045,11125523.01988
1752793200000,102.22,103.12,101.38,101.60,145616.493,1752796799999,14891522.90558,32717,65577.112,6708273.39730
1752796800000,101.60,103.52,101.07,103.31,253133.400,1752800399999,25934190.50173,45125,146364.502,14993416.49404
1752800400000,103.32,104.72,103.01,104.27,301719.759,1752803999999,31351953.74340,53931,150085.804,15600949.09006
1752804000000,104.28,104.90,103.33,104.47,219132.574,1752807599999,22841239.29311,38045,98506.804,10271818.78574
1752807600000,104.48,107.87,103.90,107.82,668427.611,1752811199999,70983168.70143,95977,361765.153,38433247.20738
1752811200000,107.82,107.88,106.19,107.33,293991.559,1752814799999,31483328.50288,56491,124564.497,13336890.83176
1752814800000,107.33,109.53,106.98,108.97,388844.496,1752818399999,42218268.84359,71416,211076.723,22916718.28785
1752818400000,108.96,110.27,107.86,108.86,417385.304,1752821999999,45454417.76215,68093,194380.875,21171744.27652
1752822000000,108.87,109.79,107.55,107.74,367277.578,1752825599999,39910658.48248,66780,164680.480,17902605.81589
1752825600000,107.74,109.87,107.72,108.75,380211.330,1752829199999,41379372.87084,73310,194345.267,21162938.78933
1752829200000,108.75,112.34,107.91,111.43,480561.917,1752832799999,52939367.31802,100693,268463.157,29606169.95165
1752832800000,111.43,111.46,108.75,109.97,333503.613,1752836399999,36638493.34526,68973,162068.049,17797552.37466
1752836400000,109.98,110.16,108.10,108.56,224045.946,1752839999999,24382614.28596,43303,99702.715,10851883.55095
1752840000000,108.56,110.48,108.06,110.44,347074.801,1752843599999,37936585.87868,51325,176354.117,19275066.40488
1752843600000,110.43,110.44,105.42,106.49,815757.176,1752847199999,87271306.91722,119388,333288.695,35615903.91120
1752847200000,106.50,106.81,104.13,105.07,533453.206,1752850799999,56139799.40356,87417,256195.442,26977312.47337
1752850800000,105.06,105.20,103.12,103.91,371051.923,1752854399999,38576904.67052,64581,163016.447,16952612.68306
1752854400000,103.90,105.79,103.90,105.31,277964.940,1752857999999,29145366.71834,50914,141760.313,14860009.08705
1752858000000,105.31,105.37,104.19,104.48,150305.752,1752861599999,15739510.82088,31982,71859.830,7523580.07082
1752861600000,104.48,104.57,102.87,102.98,194990.560,1752865199999,20201979.41618,33950,89321.224,9257348.61518
1752865200000,102.98,103.38,101.95,102.30,255249.361,1752868799999,26184421.78108,42158,125027.969,12834060.80370
1752868800000,102.29,102.51,100.11,101.54,364594.817,1752872399999,36893405.71144,58987,160773.915,16270447.16878
1752872400000,101.54,102.59,101.42,101.59,114657.435,1752875999999,11701371.06628,26813,57521.685,5872189.90881
1752876000000,101.58,102.28,100.59,100.86,173822.525,1752879599999,17640015.66280,31204,91157.830,9260546.70720
1752879600000,100.87,101.73,100.02,101.72,152001.785,1752883199999,15339921.25137,28375,78802.073,7960165.17774
1752883200000,101.72,102.31,100.64,100.68,146541.085,1752886799999,14902443.94220,29258,72344.064,7360335.83956
1752886800000,100.69,101.44,100.06,101.19,129100.950,1752890399999,13004874.37953,27340,68730.604,6922567.84198
1752890400000,101.19,101.97,100.40,101.76,99678.861,1752893999999,10088273.97278,22344,50632.971,5126428.32899
1752894000000,101.77,102.86,101.62,102.52,277718.173,1752897599999,28454246.95824,35878,159522.797,16344766.94853
1752897600000,102.53,104.41,102.42,103.03,396850.846,1752901199999,40998643.40063,48990,223926.841,23133241.77282
1752901200000,103.03,103.26,102.32,102.81,152341.495,1752904799999,15666596.30168,27004,71566.293,7360973.18440
1752904800000,102.80,102.86,101.73,102.47,123741.490,1752908399999,12654082.48021,23343,55435.861,5670394.13525
1752908400000,102.47,103.23,102.35,102.73,108248.879,1752911999999,11130382.20696,22799,46724.100,4803963.83434
1752912000000,102.73,103.00,101.61,102.03,111578.833,1752915599999,11397759.48165,24490,49594.349,5067518.62466
1752915600000,102.03,102.31,101.50,101.99,90687.051,1752919199999,9249637.94498,20855,51324.792,5236960.94308
1752919200000,102.00,102.27,101.40,101.60,82460.365,1752922799999,8387198.33363,17853,38481.296,3915132.15494
1752922800000,101.60,102.01,100.90,101.28,106019.146,1752926399999,10755566.46444,23664,44728.775,4539141.13642
1752926400000,101.29,101.56,100.62,101.44,110935.631,1752929999999,11219482.27191,23006,49895.106,5046584.99274
1752930000000,101.44,101.44,100.44,100.87,128988.043,1752933599999,13016192.58117,25181,59348.696,5989142.06840
1752933600000,100.87,100.96,99.60,99.86,216668.861,1752937199999,21699126.34175,34872,90718.589,9088136.53859
1752937200000,99.86,101.45,99.76,101.18,144692.584,1752940799999,14594419.18395,25937,81166.235,8184477.21532
1752940800000,101.18,102.08,101.05,101.88,113376.736,1752944399999,11523129.68929,24483,55253.773,5616185.37913
1752944400000,101.89,101.92,101.20,101.81,53688.357,1752947999999,5453468.47097,14750,25424.920,2582987.18026
1752948000000,101.80,104.15,101.67,103.72,240357.646,1752951599999,24855274.92372,42696,121459.711,12555976.61902
1752951600000,103.72,113.65,103.51,112.70,1867166.049,1752955199999,204742347.27196,299782,996884.276,109105007.58196
1752955200000,112.69,113.91,111.28,111.41,532302.535,1752958799999,59929118.45578,145232,257180.548,28970113.54301
1752958800000,111.40,112.65,109.02,112.57,534744.165,1752962399999,59137213.21135,113797,255381.224,28261587.95264
1752962400000,112.57,114.30,111.49,113.56,471040.709,1752965999999,53184453.37781,86452,246447.272,27848229.48850
1752966000000,113.56,113.88,112.58,113.19,251240.327,1752969599999,28436386.94599,52511,111838.907,12663294.30793
1752969600000,113.19,113.48,111.85,112.67,251446.145,1752973199999,28319393.94584,53605,114767.440,12927364.77656
1752973200000,112.68,113.28,111.22,111.27,252273.056,1752976799999,28301008.63986,48321,112633.155,12640333.09822
1752976800000,111.27,112.00,110.60,111.83,200919.488,1752980399999,22343671.55082,43232,101404.909,11281163.21733
1752980400000,111.82,112.96,111.55,112.54,203929.890,1752983999999,22875532.90696,44863,111317.868,12490895.87104
1752984000000,112.54,115.40,112.36,113.83,420135.499,1752987599999,47892963.71510,78679,228595.995,26059929.01681
1752987600000,113.83,117.57,112.76,116.51,644903.000,1752991199999,74320212.68793,119384,359675.858,41485382.52766
1752991200000,116.51,117.02,115.14,116.36,419481.482,1752994799999,48689320.80075,88257,203322.285,23604758.95226
1752994800000,116.35,118.73,115.73,117.58,529634.620,1752998399999,62088203.95358,118619,288975.619,33884356.03063
1752998400000,117.58,119.94,117.07,119.15,593011.854,1753001999999,70429917.72122,120753,295624.114,35131541.95983
1753002000000,119.15,120.20,117.85,117.97,519656.595,1753005599999,61804039.37703,99745,238005.940,28316457.28236
1753005600000,117.96,118.30,117.34,118.10,230071.380,1753009199999,27129041.04874,55654,108592.828,12809151.32768
1753009200000,118.11,118.29,115.71,116.23,477039.466,1753012799999,55803871.51922,76398,192073.065,22467086.93460
1753012800000,116.23,116.96,115.79,116.81,239398.095,1753016399999,27863451.97238,51713,123658.614,14395774.99222
1753016400000,116.80,117.72,116.15,117.49,324947.727,1753019999999,38009069.45706,55835,168756.403,19745170.44310
1753020000000,117.49,118.48,116.51,118.00,393225.918,1753023599999,46200124.16099,63292,195702.846,23002253.15760
1753023600000,118.00,118.48,116.61,117.18,246553.569,1753027199999,28990956.97672,52943,111256.076,13083358.98375
1753027200000,117.20,118.12,116.86,117.60,219277.334,1753030799999,25750846.38104,50431,96260.738,11308877.21536
1753030800000,117.60,121.53,116.70,118.34,814852.145,1753034399999,97052590.86661,159534,401280.873,47807831.16822
1753034400000,118.34,118.86,116.56,118.06,258670.403,1753037999999,30438627.68589,64786,124070.878,14604510.25598
1753038000000,118.05,118.12,117.16,117.48,98864.625,1753041599999,11632559.68069,32023,45098.056,5307727.95897
1753041600000,117.48,117.67,116.73,117.10,139724.370,1753045199999,16368834.39005,36391,64498.801,7556266.45686
1753045200000,117.11,117.36,115.68,117.00,175452.416,1753048799999,20443863.05001,38345,92141.399,10739398.63398
1753048800000,117.00,117.37,113.91,117.02,400607.279,1753052399999,46311803.76719,83572,177248.821,20509919.62773
1753052400000,117.02,117.49,116.52,116.63,118419.834,1753055999999,13855310.38813,37810,63467.623,7427210.01399
1753056000000,116.63,118.29,115.52,118.28,310489.709,1753059599999,36250748.69146,70125,150919.675,17632383.79255
1753059600000,118.27,118.31,115.87,117.31,243518.996,1753063199999,28485952.95997,59561,94343.313,11040891.24153
1753063200000,117.32,117.99,116.39,117.26,174635.023,1753066799999,20461030.76537,41225,86432.241,10131737.46817
1753066800000,117.25,117.79,116.79,117.36,141713.394,1753070399999,16632830.00038,37343,69406.757,8147643.77939
1753070400000,117.36,118.86,117.18,117.69,221639.370,1753073999999,26175146.98522,48149,122473.985,14471110.14914
1753074000000,117.68,119.45,117.52,119.11,174120.684,1753077599999,20669097.13403,40822,89859.563,10669326.03705
1753077600000,119.11,121.25,119.02,120.71,293661.695,1753081199999,35257680.36370,65552,155998.060,18732068.17031
1753081200000,120.70,122.00,119.85,120.71,542381.369,1753084799999,65493482.73227,77058,361013.910,43584325.38367
1753084800000,120.71,121.24,119.80,120.34,226514.876,1753088399999,27279317.43349,42522,102771.898,12377271.49647
1753088400000,120.34,120.68,118.68,119.22,161309.735,1753091999999,19282481.53788,38599,69287.854,8281259.46075
1753092000000,119.22,119.35,117.81,118.46,175009.730,1753095599999,20738374.14675,36315,87668.801,10391470.31806
1753095600000,118.45,119.17,117.86,117.91,135163.844,1753099199999,16014598.02245,32376,66495.623,7879040.30950
1753099200000,117.90,118.00,116.64,116.76,234522.800,1753102799999,27499745.34498,53006,102621.104,12038584.16523
1753102800000,116.77,118.18,116.37,118.00,227355.617,1753106399999,26675367.59248,43946,122028.870,14321277.80882
1753106400000,118.00,119.41,117.15,118.33,319257.216,1753109999999,37842085.03149,60228,149902.979,17772830.86684
1753110000000,118.32,119.38,117.91,118.34,297117.888,1753113599999,35233804.34256,54456,131007.547,15534456.16070
1753113600000,118.34,118.46,115.47,116.69,480962.942,1753117199999,56164047.95704,79576,201706.283,23566692.92822
1753117200000,116.69,117.25,116.34,116.94,159938.244,1753120799999,18686891.53092,43401,75815.838,8860161.28540
1753120800000,116.93,117.78,115.25,115.40,189190.121,1753124399999,22020694.07069,41460,72397.808,8433033.32294
1753124400000,115.39,116.21,114.62,115.26,203512.007,1753127999999,23477453.76782,46607,94705.313,10931912.78976
1753128000000,115.26,116.49,115.17,115.34,135570.429,1753131599999,15731738.93449,32182,69823.435,8104784.48121
1753131600000,115.33,115.91,114.82,115.24,118626.303,1753135199999,13671384.41465,25623,57319.959,6607756.35398
1753135200000,115.23,116.20,115.09,116.07,77900.996,1753138799999,9022335.88984,19527,41776.707,4839581.31890
1753138800000,116.07,116.19,115.42,115.51,67947.532,1753142399999,7876160.36629,19027,32740.659,3795991.31978
1753142400000,115.51,116.59,114.46,114.68,154078.376,1753145999999,17806338.52673,33979,74987.694,8672967.22299
1753146000000,114.67,117.12,112.80,116.93,518726.094,1753149599999,59540528.72338,81132,271312.290,31195305.93458
1753149600000,116.94,117.20,115.33,115.69,220827.163,1753153199999,25730620.40380,43917,100531.873,11720898.45428
1753153200000,115.69,116.21,114.33,115.78,255163.802,1753156799999,29428717.10407,57611,108312.154,12499747.42097
1753156800000,115.78,116.54,114.10,114.24,319999.093,1753160399999,36943915.72428,67706,157756.217,18214629.84464
1753160400000,114.24,116.73,114.13,115.41,313937.247,1753163999999,36324057.32607,55800,149973.751,17349870.68554
1753164000000,115.42,116.44,114.84,115.43,188927.141,1753167599999,21833602.62792,35890,91879.473,10622117.73099
1753167600000,115.44,116.52,114.99,115.30,160509.558,1753171199999,18614913.88872,30833,82869.625,9615279.25977
1753171200000,115.30,115.30,112.62,114.08,433156.652,1753174799999,49293648.38761,65167,210651.407,23973186.35504
1753174800000,114.08,114.40,112.92,113.86,166711.026,1753178399999,18970039.74971,37196,83397.938,9488845.88121
1753178400000,113.86,114.61,113.73,114.59,178251.927,1753181999999,20355320.94153,31640,100447.394,11471836.81088
1753182000000,114.59,115.73,114.31,115.64,173048.166,1753185599999,19904634.60217,32920,93933.234,10807818.92554
1753185600000,115.65,116.23,115.13,115.77,140061.514,1753189199999,16211780.82388,28348,67380.438,7800217.69918
1753189200000,115.77,116.13,113.10,113.23,283470.817,1753192799999,32463162.06851,49721,145636.713,16676934.17724
1753192800000,113.23,115.79,112.77,115.72,302550.851,1753196399999,34557572.70442,53906,165039.672,18850969.25953
1753196400000,115.72,116.43,115.26,115.87,208227.259,1753199999999,24127315.00346,36585,104108.505,12063462.31730
1753200000000,115.86,117.19,115.68,116.10,179149.273,1753203599999,20862963.77018,35123,89412.954,10414153.78145
1753203600000,116.09,118.97,116.03,118.92,368975.618,1753207199999,43479024.37266,61180,183520.760,21622298.17036
1753207200000,118.92,119.90,118.40,118.55,355585.773,1753210799999,42383061.38342,65641,174952.043,20855778.28105
1753210800000,118.55,119.34,116.76,116.94,223854.047,1753214399999,26419781.74506,41805,98499.434,11634987.85880
1753214400000,116.94,117.19,116.09,117.01,173288.607,1753217999999,20219196.73423,34210,93890.740,10957387.56223
1753218000000,117.01,118.59,116.73,118.57,209183.776,1753221599999,24603175.94229,41633,121093.285,14250505.98873
1753221600000,118.58,118.59,117.93,118.10,85766.709,1753225199999,10146131.37024,22739,44813.475,5301714.72144
1753225200000,118.10,119.87,117.93,119.69,138889.774,1753228799999,16537912.43717,28827,76560.404,9116344.80306
1753228800000,119.68,120.36,118.06,118.08,226674.247,1753232399999,27046820.31019,42918,108089.728,12906243.74450
1753232400000,118.08,121.96,117.54,121.15,395786.430,1753235999999,47569424.90935,79715,211667.789,25448321.25166
1753236000000,121.15,122.37,119.62,120.82,339253.197,1753239599999,41053614.01061,71025,169372.515,20506676.52865
1753239600000,120.82,121.58,119.79,120.03,224777.470,1753243199999,27066299.84871,47779,102015.574,12284853.10198
1753243200000,120.02,120.34,119.38,120.08,160692.328,1753246799999,19247249.46131,30941,77100.372,9237357.46836
1753246800000,120.09,120.18,118.80,119.01,118818.382,1753250399999,14178120.98293,24342,50793.344,6063032.49084
1753250400000,119.02,119.19,117.51,118.06,227708.669,1753253999999,26901531.79566,36542,101524.472,11999331.07178
1753254000000,118.06,119.17,116.86,117.64,319358.214,1753257599999,37663598.55445,44409,151279.975,17841799.30344
1753257600000,117.64,118.08,117.10,117.93,172089.216,1753261199999,20232429.91207,30597,70245.554,8262137.22153
1753261200000,117.93,118.19,116.72,117.08,193267.195,1753264799999,22683739.05875,35392,80761.169,9479484.40949
1753264800000,117.08,117.98,116.25,117.68,215119.764,1753268399999,25207965.95576,36870,100835.149,11822095.80104
1753268400000,117.68,117.75,116.61,116.95,132057.243,1753271999999,15463061.75239,25176,63489.682,7434423.14032
1753272000000,116.95,117.30,114.73,115.28,280784.598,1753275599999,32551472.20337,45607,112064.834,13000523.21525
1753275600000,115.28,115.76,110.00,112.25,893410.678,1753279199999,101051524.51909,139570,406945.503,46070910.81244
1753279200000,112.27,114.19,111.67,114.19,446786.474,1753282799999,50556683.34903,71837,210093.327,23779071.87389
1753282800000,114.19,114.77,112.70,114.61,235659.012,1753286399999,26838012.23659,48434,116347.312,13255065.28009
1753286400000,114.61,114.91,112.29,112.33,349445.674,1753289999999,39744447.06205,59177,154625.313,17578910.27582
1753290000000,112.33,113.46,110.81,112.93,380621.800,1753293599999,42691752.57659,78507,199021.443,22334143.81628
1753293600000,112.94,113.68,112.42,113.63,142460.413,1753297199999,16120157.88725,39759,76783.138,8687497.17879
1753297200000,113.63,113.71,112.02,112.12,117525.400,1753300799999,13263781.81477,34298,55573.804,6273858.11011
1753300800000,112.12,112.67,109.00,110.84,514602.169,1753304399999,56946329.00847,92917,242606.028,26866304.48579
1753304400000,110.86,111.73,108.80,111.49,245030.781,1753307999999,27059924.72822,59349,123525.445,13643998.98998
1753308000000,111.49,112.75,110.90,112.04,132922.789,1753311599999,14884413.77152,35996,67671.344,7578724.55321
1753311600000,112.03,112.70,111.90,112.06,68468.963,1753315199999,7690194.16290,21695,30108.006,3382871.80001
1753315200000,112.05,114.03,111.42,114.01,169801.627,1753318799999,19190536.53752,36601,94068.346,10634876.87688
1753318800000,114.00,114.33,113.09,114.30,171048.958,1753322399999,19458062.09002,32092,83420.896,9494771.07664
1753322400000,114.29,114.34,113.14,113.70,108515.633,1753325999999,12335133.45402,21008,53323.245,6062282.92810
1753326000000,113.70,114.24,112.88,112.98,88638.314,1753329599999,10065375.28345,22038,41858.292,4755464.34364
1753329600000,112.97,113.22,110.95,111.28,219424.204,1753333199999,24575796.51487,38942,95627.917,10709020.51167
1753333200000,111.28,111.43,108.31,108.61,400226.605,1753336799999,44015673.77300,67246,188558.881,20750708.56539
1753336800000,108.61,110.14,106.61,107.88,474259.846,1753340399999,51364698.05139,84591,215509.303,23362286.81681
1753340400000,107.88,111.01,106.52,110.96,418115.540,1753343999999,45509628.63869,67576,215398.062,23468058.66967
1753344000000,110.95,114.08,110.45,113.47,393152.289,1753347599999,44348609.08897,70474,188267.852,21222990.46708
1753347600000,113.48,113.96,112.78,113.82,196655.410,1753351199999,22302243.20391,39956,91555.082,10383583.89776
1753351200000,113.83,114.34,111.91,113.12,213732.341,1753354799999,24145777.27662,42490,101239.327,11438833.50958
1753354800000,113.12,114.09,112.84,113.68,163163.244,1753358399999,18526552.73611,33866,83396.440,9469831.77634
1753358400000,113.68,113.86,112.05,112.36,143240.589,1753361999999,16162945.31572,32995,66836.804,7541079.60773
1753362000000,112.36,113.42,111.52,111.66,157633.757,1753365599999,17742172.16597,38806,77414.585,8714786.79755
1753365600000,111.66,114.90,110.88,114.81,288449.626,1753369199999,32606334.95622,55666,160367.590,18127817.08880
1753369200000,114.82,115.41,113.14,113.48,316579.051,1753372799999,36205898.05645,57485,141654.854,16204923.39568
1753372800000,113.49,113.58,111.12,112.12,221928.476,1753376399999,24892885.49905,48369,99123.485,11118792.14275
1753376400000,112.12,113.86,111.83,113.51,141582.707,1753379999999,16023062.48921,30671,68694.022,7773448.99293
1753380000000,113.51,113.81,112.86,113.41,87071.430,1753383599999,9871056.16264,22800,37770.983,4283016.06206
1753383600000,113.41,114.07,112.98,113.16,67386.723,1753387199999,7649708.42489,21231,34392.336,3904594.53371
1753387200000,113.16,114.82,113.00,114.49,83563.055,1753390799999,9520220.10244,21392,44738.347,5098279.08585
1753390800000,114.49,114.57,112.56,112.98,85511.522,1753394399999,9694732.43172,23144,37590.218,4261432.58952
1753394400000,112.98,113.62,112.29,113.08,81772.333,1753397999999,9240621.84388,23980,39329.033,4444150.93181
1753398000000,113.06,113.06,111.83,112.24,94849.422,1753401599999,10650842.38102,30137,46713.248,5246586.80007
1753401600000,112.25,112.30,110.19,110.88,256410.698,1753405199999,28485438.30046,53543,118218.503,13137058.04588
1753405200000,110.87,111.78,109.73,111.45,171157.992,1753408799999,18939103.25416,43256,85471.464,9460481.59713
1753408800000,111.44,111.81,108.96,109.46,184348.137,1753412399999,20314084.05977,45966,81073.242,8938989.32480
1753412400000,109.46,110.26,108.15,109.31,234147.301,1753415999999,25572712.85622,56026,106393.002,11625039.58194
1753416000000,109.31,110.98,108.34,110.86,259206.975,1753419599999,28511816.55791,49947,141331.342,15552330.49682
1753419600000,110.86,110.93,109.91,110.14,185336.680,1753423199999,20452780.22797,30102,69696.069,7689290.85351
1753423200000,110.14,112.44,109.43,111.55,160602.748,1753426799999,17834827.70185,36092,77765.153,8637375.46387
1753426800000,111.54,112.74,110.13,111.14,202870.959,1753430399999,22636353.98068,46319,101872.359,11374689.07835
1753430400000,111.15,112.35,110.84,112.20,181945.925,1753433999999,20312037.39795,39563,95841.936,10702018.19652
1753434000000,112.20,114.86,111.96,114.52,314809.890,1753437599999,35797559.14256,63350,160344.767,18241119.26118
1753437600000,114.53,115.58,114.42,114.86,257857.291,1753441199999,29654191.74238,48015,123239.941,14172374.36352
1753441200000,114.86,116.13,114.83,115.66,174300.508,1753444799999,20125698.66155,36466,92757.937,10708425.98523
1753444800000,115.67,116.38,114.59,114.85,204967.202,1753448399999,23669620.26082,40856,95989.614,11087190.69093
1753448400000,114.86,115.66,113.87,115.25,207408.572,1753451999999,23796940.55267,41861,98660.144,11315370.09914
1753452000000,115.26,115.31,111.34,111.38,374157.332,1753455599999,42167121.23990,61294,165703.538,18663284.85307
1753455600000,111.38,112.14,109.39,110.54,316908.126,1753459199999,35126834.81560,61278,162130.802,17974771.53130
1753459200000,110.52,111.72,109.31,111.50,185950.955,1753462799999,20537181.83877,43927,96518.548,10658703.51355
1753462800000,111.49,112.16,110.88,111.28,114830.973,1753466399999,12803998.02795,31882,51512.076,5744805.13138
1753466400000,111.27,111.59,110.92,111.26,64114.083,1753469999999,7131944.40019,19045,27109.796,3015727.84604
1753470000000,111.25,111.96,110.91,111.13,56577.304,1753473599999,6306058.75393,19330,29468.532,3286038.39489
1753473600000,111.13,113.21,110.88,112.80,130323.577,1753477199999,14637962.12732,27208,71602.477,8040281.24180
1753477200000,112.79,113.89,112.79,113.49,114163.863,1753480799999,12924034.29221,25171,69871.730,7913014.02090
1753480800000,113.49,113.86,113.36,113.64,71485.932,1753484399999,8122501.67336,18403,30424.605,3457421.96998
1753484400000,113.64,113.85,113.26,113.76,56035.894,1753487999999,6362549.26260,14611,24524.654,2784998.49288
1753488000000,113.75,113.80,112.81,113.22,61740.523,1753491599999,6993654.95636,17332,27738.951,3142615.02747
1753491600000,113.22,113.27,112.10,112.15,85822.992,1753495199999,9673063.43852,18998,33962.921,3830813.37237
1753495200000,112.15,113.76,112.12,113.13,126044.668,1753498799999,14237910.10646,27156,71251.669,8047271.93059
1753498800000,113.13,113.34,112.50,113.21,63419.468,1753502399999,7160444.59286,17469,29778.106,3362057.60292
1753502400000,113.20,113.70,113.13,113.45,56719.308,1753505999999,6434153.04466,15019,28816.107,3268714.74895
1753506000000,113.46,113.86,112.83,113.44,63706.511,1753509599999,7217018.16554,14540,30540.632,3460461.06362
1753509600000,113.43,113.51,112.97,113.11,44663.734,1753513199999,5054868.13522,13359,20754.953,2348976.62066
1753513200000,113.11,113.49,112.95,113.16,39803.447,1753516799999,4506816.01116,14116,21314.679,2413658.00195
1753516800000,113.15,114.02,113.15,113.87,55688.346,1753520399999,6327352.63501,16086,27793.982,3158117.97276
1753520400000,113.87,114.22,113.60,113.98,93970.967,1753523999999,10705260.26427,20209,55043.513,6271731.42678
1753524000000,113.99,114.36,113.75,113.79,110427.692,1753527599999,12595317.23116,21475,52308.599,5966299.69351
1753527600000,113.80,114.26,113.42,113.61,89031.110,1753531199999,10133436.28300,19654,38706.578,4405073.75119
1753531200000,113.60,114.23,113.25,113.82,63586.578,1753534799999,7233823.80423,15513,33829.281,3849264.71598
1753534800000,113.83,114.58,113.61,114.23,71721.318,1753538399999,8188621.28525,16545,40468.883,4621247.82481
1753538400000,114.24,114.36,113.47,113.49,86436.155,1753541999999,9850713.28688,17320,32504.433,3704937.80008
1753542000000,113.49,114.05,113.02,113.80,98848.077,1753545599999,11218354.49462,22757,55070.389,6251729.15515
1753545600000,113.80,114.16,113.36,113.81,86688.726,1753549199999,9858994.11052,21166,42745.384,4862430.92899
1753549200000,113.81,114.32,113.25,114.20,52934.189,1753552799999,6021972.50995,14763,26296.313,2991458.93520
1753552800000,114.21,115.46,113.92,115.08,146518.905,1753556399999,16810791.17125,26419,71833.763,8240826.83816
1753556400000,115.08,115.18,114.57,114.86,59655.786,1753559999999,6852408.62712,16385,31145.671,3577644.55558
1753560000000,114.86,114.90,114.31,114.52,41076.588,1753563599999,4703154.58877,13549,18886.442,2162241.54221
1753563600000,114.51,114.68,113.98,114.64,44987.444,1753567199999,5141019.65105,13488,21432.058,2450106.85340
1753567200000,114.63,115.29,114.22,114.54,50967.843,1753570799999,5848744.56863,17933,25698.791,2949198.77862
1753570800000,114.54,114.63,113.81,113.91,34387.997,1753574399999,3926126.46481,11738,14760.173,1685441.59895
1753574400000,113.91,114.19,113.61,113.95,34259.769,1753577999999,3900987.38731,14379,15257.788,1737466.16319
1753578000000,113.94,114.98,113.71,114.64,47729.019,1753581599999,5466135.98644,16812,26371.312,3021009.17241
1753581600000,114.65,115.24,114.36,115.19,54259.541,1753585199999,6229480.06403,15824,29045.965,3336286.32516
1753585200000,115.19,115.24,114.45,114.57,48268.223,1753588799999,5538052.79938,14383,20786.230,2384141.14370
1753588800000,114.57,114.95,114.42,114.83,26508.865,1753592399999,3040527.40605,11549,14531.060,1666691.78926
1753592400000,114.82,115.45,114.71,114.90,67923.118,1753595999999,7815636.11157,17160,28122.899,3237214.23739
1753596000000,114.90,115.59,114.56,115.42,100186.740,1753599599999,11533507.79793,20132,51837.110,5968738.65376
1753599600000,115.41,115.41,114.03,114.23,94308.117,1753603199999,10815533.75663,19188,43501.051,4986849.48387
1753603200000,114.23,114.40,112.87,112.98,153951.845,1753606799999,17484158.98024,27525,51353.944,5834869.88622
1753606800000,112.99,113.14,112.40,112.65,137856.191,1753610399999,15556064.83692,27375,59818.548,6750617.06365
1753610400000,112.64,113.98,112.61,113.42,129597.370,1753613999999,14704834.72279,26212,58598.155,6646663.23028
1753614000000,113.42,113.89,112.84,113.15,95001.045,1753617599999,10768433.02353,21292,47229.782,5353847.61345
1753617600000,113.14,113.79,112.75,113.71,86060.378,1753621199999,9739570.37184,19427,39507.798,4472012.42221
1753621200000,113.70,114.10,113.29,113.35,68145.066,1753624799999,7745063.45336,19066,26286.360,2988232.40055
1753624800000,113.34,113.87,112.70,113.09,77980.912,1753628399999,8838411.26648,21742,33580.462,3806452.03931
1753628400000,113.08,113.52,112.61,113.49,79825.016,1753631999999,9027553.29180,19698,39932.816,4516829.32227
1753632000000,113.48,115.27,113.47,114.17,184634.158,1753635599999,21151836.50405,39104,88455.460,10134654.29931
1753635600000,114.17,114.50,113.30,114.45,127368.555,1753639199999,14498830.57384,28190,61458.602,6996546.34037
1753639200000,114.44,114.88,114.13,114.32,61533.353,1753642799999,7047689.14596,19840,28263.920,3237562.21402
1753642800000,114.31,114.51,113.77,113.84,52938.103,1753646399999,6038305.78168,13760,25306.398,2886765.90068
1753646400000,113.83,114.30,113.42,113.60,46799.237,1753649999999,5328716.67089,14701,25414.581,2893871.62618
1753650000000,113.60,114.02,113.16,114.02,52794.306,1753653599999,5995553.29810,16833,26472.825,3006837.44643
1753653600000,114.02,115.39,114.00,114.91,107884.434,1753657199999,12390538.38015,25356,52134.744,5988214.02429
1753657200000,114.90,114.92,113.98,114.77,99347.707,1753660799999,11370636.10205,20742,49437.472,5658993.99352
1753660800000,114.77,116.14,114.31,115.05,190594.713,1753664399999,21996612.30539,38046,113123.570,13063167.99974
1753664400000,115.05,115.29,113.58,114.08,164936.382,1753667999999,18868378.25218,33632,68344.274,7821036.69603
1753668000000,114.07,116.28,113.85,115.30,149045.131,1753671599999,17190653.25251,31419,78627.399,9067398.74295
1753671600000,115.30,115.54,114.76,115.26,78296.280,1753675199999,9017532.60677,18027,36321.686,4184220.24516
1753675200000,115.26,115.48,114.52,115.25,91600.248,1753678799999,10538910.33083,22723,47215.852,5431827.74901
1753678800000,115.25,116.40,115.22,116.10,129744.016,1753682399999,15052442.62689,27097,72242.698,8381934.93272
1753682400000,116.10,116.29,115.44,115.81,75524.615,1753685999999,8743428.35445,17371,35322.619,4089380.54810
1753686000000,115.81,115.82,114.41,114.83,129502.640,1753689599999,14876532.62882,23587,63293.142,7270728.05997
1753689600000,114.83,114.83,114.02,114.40,96459.499,1753693199999,11037440.84450,20581,46858.371,5362716.41084
1753693200000,114.39,115.15,113.81,114.70,105154.135,1753696799999,12027144.06057,21545,49389.175,5649431.20289
1753696800000,114.69,114.75,113.63,113.75,96965.517,1753700399999,11063675.04574,19163,42863.642,4892645.59167
1753700400000,113.76,113.82,112.91,113.44,117991.389,1753703999999,13367118.31591,22104,54335.544,6157488.99055
1753704000000,113.44,113.78,113.11,113.17,83893.261,1753707599999,9516036.48152,20839,41920.969,4755043.72385
1753707600000,113.18,113.20,111.29,111.44,290042.727,1753711199999,32520082.39789,48383,124190.138,13925448.81278
1753711200000,111.43,111.64,109.72,110.14,311059.822,1753714799999,34371130.69656,49540,143480.462,15855141.35852
1753714800000,110.14,111.06,109.89,110.31,152137.899,1753718399999,16809360.64788,29369,77256.856,8535745.85829
1753718400000,110.30,110.96,109.75,110.46,137965.566,1753721999999,15221463.75324,30388,71778.099,7919680.09550
1753722000000,110.45,110.73,109.78,109.92,124106.418,1753725599999,13685055.14309,26564,65489.145,7223959.60341
1753725600000,109.93,110.04,108.43,109.10,200726.737,1753729199999,21901546.36637,36773,79455.579,8670737.75431
1753729200000,109.09,109.87,108.64,109.45,102925.776,1753732799999,11258964.54443,24564,55191.306,6036511.43469
1753732800000,109.45,109.79,108.46,109.35,156852.071,1753736399999,17138050.98463,29622,92838.294,10148493.63744
1753736400000,109.34,110.08,108.89,109.55,65487.516,1753739999999,7174422.60194,20010,30734.040,3366702.65090
1753740000000,109.54,109.69,108.36,108.93,104408.866,1753743599999,11380232.64844,24920,45306.753,4941287.31179
1753743600000,108.93,109.24,108.22,108.96,66298.581,1753747199999,7212639.79099,20686,33525.265,3647832.46455
1753747200000,108.97,110.06,107.40,108.95,198880.271,1753750799999,21650078.23957,40902,96092.523,10469621.97524
1753750800000,108.96,109.45,108.31,108.34,80396.244,1753754399999,8759576.37840,21569,32605.042,3553336.76254
1753754400000,108.35,108.76,107.57,107.96,104184.071,1753757999999,11264414.86401,29268,48893.872,5288223.01194
1753758000000,107.96,109.43,107.95,109.22,86141.167,1753761599999,9372274.00175,22085,44948.652,4890366.93833
1753761600000,109.22,109.75,108.76,108.85,77758.925,1753765199999,8504270.23710,19792,43865.091,4799612.90688
1753765200000,108.86,109.68,108.66,109.66,50195.301,1753768799999,5485563.30935,14904,30570.647,3341389.57736
1753768800000,109.67,110.35,109.51,110.10,94447.822,1753772399999,10389119.41649,22962,51856.091,5704407.47719
1753772400000,110.10,110.73,109.80,110.56,111992.499,1753775999999,12352130.87446,24789,56841.779,6269239.14976
1753776000000,110.56,110.59,109.67,109.92,115186.834,1753779599999,12686207.80365,24044,39864.109,4389799.38727
1753779600000,109.92,110.50,109.66,110.13,72906.259,1753783199999,8025033.64288,21131,33124.615,3646411.58163
1753783200000,110.12,110.19,108.21,108.40,124316.030,1753786799999,13551621.08259,23714,54366.928,5929102.59614
1753786800000,108.39,109.14,108.29,109.13,75837.607,1753790399999,8249189.82423,19553,39553.281,4302663.45792
1753790400000,109.13,110.17,108.99,109.94,99793.871,1753793999999,10943785.60606,24214,52775.873,5786633.02599
1753794000000,109.94,110.48,108.91,109.22,99870.199,1753797599999,10968723.36795,24410,48623.962,5341326.69666
1753797600000,109.23,109.31,106.87,108.01,292296.271,1753801199999,31622806.51608,51871,133360.599,14437905.89485
1753801200000,108.00,108.44,107.15,108.02,175129.090,1753804799999,18876762.81730,39588,84571.216,9116517.74975
1753804800000,108.02,108.94,106.68,108.73,208580.351,1753808399999,22495093.08308,43068,98263.482,10602736.30836
1753808400000,108.73,109.88,108.56,109.17,108312.432,1753811999999,11845688.73399,29431,48630.580,5317869.42288
1753812000000,109.18,109.61,108.69,108.88,64114.784,1753815599999,6996353.51331,20620,27759.341,3029596.31686
1753815600000,108.89,109.51,107.90,108.05,135266.676,1753819199999,14679512.88402,27908,67143.342,7287738.52619
1753819200000,108.05,108.82,107.21,108.20,145755.860,1753822799999,15716464.59638,35093,86255.730,9299242.57434
1753822800000,108.21,108.78,107.35,108.47,55474.311,1753826399999,5985558.64586,22746,27851.799,3004681.88825
1753826400000,108.47,108.81,107.78,108.65,67781.528,1753829999999,7343559.62708,18385,35697.398,3867967.93217
1753830000000,108.66,108.85,108.11,108.46,47789.009,1753833599999,5188427.16103,16054,25301.641,2746797.18889
1753833600000,108.46,108.47,107.16,107.88,62955.894,1753837199999,6789012.70215,23127,33292.860,3591341.46306
1753837200000,107.87,109.23,107.18,108.92,92593.675,1753840799999,10043346.80193,28700,46530.861,5045511.52195
1753840800000,108.92,109.59,108.68,109.08,68399.240,1753844399999,7467191.81104,20158,36783.827,4016391.15985
1753844400000,109.08,109.26,108.77,108.86,45893.112,1753847999999,5001900.65735,15639,24468.624,2667117.13191
1753848000000,108.87,109.11,107.72,108.01,70210.025,1753851599999,7595826.64564,17976,27926.879,3020518.90135
1753851600000,108.01,108.82,107.40,108.72,78478.770,1753855199999,8481436.95283,19023,39789.168,4300112.42668
1753855200000,108.71,109.33,108.66,109.13,68301.850,1753858799999,7446310.72559,17389,28152.849,3069371.66553
1753858800000,109.13,109.53,108.71,109.23,79171.482,1753862399999,8640078.25465,23203,35411.836,3864935.03993
1753862400000,109.23,110.36,108.89,109.80,114958.529,1753865999999,12602406.11898,31380,58048.371,6366964.87383
1753866000000,109.80,110.02,108.26,108.41,130549.924,1753869599999,14214618.68338,34594,57330.833,6240686.86519
1753869600000,108.42,109.08,107.81,108.06,152859.794,1753873199999,16573236.53302,31916,77708.196,8422598.08157
1753873200000,108.06,108.52,106.76,107.38,188919.408,1753876799999,20295441.82339,41970,88268.065,9483500.56088
1753876800000,107.39,108.72,106.75,108.26,178082.736,1753880399999,19198260.37886,45789,82961.625,8942139.41408
1753880400000,108.26,108.60,107.07,108.06,122133.965,1753883999999,13171096.24247,39308,65262.982,7037659.29508
1753884000000,108.07,109.44,107.52,109.38,105830.077,1753887599999,11492526.65505,32802,55347.771,6011140.86335
1753887600000,109.38,109.82,108.75,109.33,113830.799,1753891199999,12442440.42383,36139,51660.950,5647459.65211
1753891200000,109.34,109.93,108.82,109.59,103110.140,1753894799999,11276737.39350,28357,44402.509,4856681.08643
1753894800000,109.60,110.15,109.18,110.13,63690.449,1753898399999,6991511.11357,21657,31140.485,3419132.57642
1753898400000,110.13,110.50,107.76,107.96,230502.742,1753901999999,25178722.88660,56138,101161.952,11051221.78106
1753902000000,107.96,109.05,105.03,108.87,570578.146,1753905599999,60969294.12546,111949,279258.118,29849318.70922
1753905600000,108.86,109.91,108.83,109.81,123005.579,1753909199999,13469769.50909,31353,61873.241,6774842.31131
1753909200000,109.81,110.40,108.34,109.45,103486.781,1753912799999,11320618.99550,25448,47567.716,5204435.23758
1753912800000,109.45,110.09,109.10,110.00,72385.140,1753916399999,7934142.92200,21556,35335.212,3874648.01878
1753916400000,109.99,111.32,109.92,110.45,123557.445,1753919999999,13671160.58653,26949,64610.952,7151300.61927
1753920000000,110.46,111.79,110.16,111.10,141206.929,1753923599999,15709005.23250,31942,70977.067,7897925.35294
1753923600000,111.11,111.27,110.23,110.38,101246.730,1753927199999,11212012.47825,23334,43557.810,4825088.97952
1753927200000,110.38,111.02,110.16,110.42,75285.262,1753930799999,8320222.81573,17040,39638.849,4380661.75185
1753930800000,110.42,110.93,110.37,110.58,54137.338,1753934399999,5990081.77080,14102,26727.029,2956888.89669
1753934400000,110.58,110.78,110.25,110.56,58273.593,1753937999999,6438301.71296,14590,29186.897,3225101.29173
1753938000000,110.56,110.91,110.31,110.64,50693.718,1753941599999,5607099.95591,12094,24539.238,2714541.40644
1753941600000,110.63,111.35,110.39,110.97,69465.754,1753945199999,7704549.14270,14797,36704.336,4072728.85438
1753945200000,110.97,111.04,110.46,110.62,65887.842,1753948799999,7290809.96096,14863,26544.338,2937287.94686
1753948800000,110.62,111.17,110.55,111.07,52768.614,1753952399999,5848621.56367,14611,25940.332,2875359.37370
1753952400000,111.09,111.37,110.72,110.97,63310.723,1753955999999,7030133.84435,14564,26713.363,2967397.64440
1753956000000,110.98,111.10,110.52,110.58,52370.191,1753959599999,5800845.62542,14612,23083.899,2556753.27886
1753959600000,110.57,110.75,109.47,109.95,117111.519,1753963199999,12886515.28575,21898,50150.317,5517625.84321
1753963200000,109.94,110.06,109.39,109.90,91193.077,1753966799999,10007226.02659,21821,44908.131,4929010.93534
1753966800000,109.89,109.94,108.74,109.55,178395.203,1753970399999,19524127.99385,35393,77620.923,8498007.29442
1753970400000,109.55,109.71,108.58,108.70,160388.144,1753973999999,17492205.38048,37967,73384.063,8005072.42256
1753974000000,108.69,109.46,108.43,109.19,94612.701,1753977599999,10318456.76167,28481,43527.820,4747560.72864
1753977600000,109.19,110.41,108.97,110.08,115489.481,1753981199999,12678572.94995,25594,59126.743,6489349.50920
1753981200000,110.09,110.11,108.16,108.70,154931.203,1753984799999,16878958.07702,31281,76613.839,8345001.71136
1753984800000,108.69,109.50,108.07,109.04,92461.815,1753988399999,10055664.27814,25374,42323.606,4601055.04969
1753988400000,109.05,109.18,107.86,108.18,105224.283,1753991999999,11400914.23063,29620,45764.192,4959185.99359
1753992000000,108.16,108.63,107.62,108.05,124753.677,1753995599999,13476775.97115,32014,57866.011,6251562.23390
1753995600000,108.05,108.56,107.17,107.82,99578.274,1753999199999,10755741.58381,23908,39703.635,4287987.24981
1753999200000,107.83,107.96,106.68,106.76,127263.539,1754002799999,13645923.39787,31206,57033.397,6116080.90234
1754002800000,106.76,107.44,105.66,106.01,161465.781,1754006399999,17168911.23102,32911,72108.051,7666300.62654
1754006400000,106.01,106.57,103.69,105.89,358792.632,1754009999999,37714848.25929,63054,172133.000,18108213.30403
1754010000000,105.89,106.46,104.74,105.97,251579.833,1754013599999,26562714.17277,57330,118219.537,12483797.47819
1754013600000,105.96,106.91,105.81,106.78,93424.221,1754017199999,9950089.87616,27012,45988.656,4898648.95879
1754017200000,106.77,106.98,106.18,106.42,67531.860,1754020799999,7193880.68168,18864,31992.212,3408795.48044
1754020800000,106.41,106.41,105.58,105.92,80179.163,1754024399999,8496036.42397,21207,33473.245,3546718.73878
1754024400000,105.92,106.38,104.93,105.22,99239.006,1754027999999,10485223.33328,27083,45343.002,4790163.59766
1754028000000,105.22,105.53,104.31,105.22,131753.854,1754031599999,13821707.09150,33128,59624.680,6255759.04185
1754031600000,105.22,105.58,104.52,105.00,120777.167,1754035199999,12681373.99140,30713,49445.251,5192100.20093
1754035200000,105.00,105.00,103.08,103.82,276858.812,1754038799999,28766886.10116,53168,114984.612,11949201.47201
1754038800000,103.81,104.86,103.72,103.90,147632.704,1754042399999,15408133.73464,39237,92568.166,9661577.16520
1754042400000,103.90,104.94,103.79,104.81,60566.597,1754045999999,6331986.18900,21381,29780.456,3112678.18299
1754046000000,104.82,105.55,104.39,105.45,100748.434,1754049599999,10572819.55954,22128,44371.631,4656752.81278
1754049600000,105.43,106.04,104.88,105.58,146906.669,1754053199999,15506738.10758,36710,68778.576,7262505.55489
1754053200000,105.59,106.09,103.83,104.61,188730.629,1754056799999,19787574.29471,41957,92554.365,9701551.92418
1754056800000,104.60,106.92,103.95,106.35,283147.851,1754060399999,29982215.33768,51964,157600.554,16683783.23082
1754060400000,106.36,106.42,105.06,106.30,184922.220,1754063999999,19555306.50668,38434,83052.037,8786662.87287
1754064000000,106.31,106.89,105.07,105.45,165691.080,1754067599999,17588198.20186,34166,58524.604,6209665.04509
1754067600000,105.44,105.92,104.61,105.03,111848.211,1754071199999,11755396.24512,31942,52922.298,5564162.55732
1754071200000,105.02,105.68,103.92,105.05,156465.277,1754074799999,16407982.69213,38977,71531.396,7500603.20389
1754074800000,105.04,106.38,104.83,106.24,153650.679,1754078399999,16229371.69186,36055,75238.145,7950144.92909
1754078400000,106.24,106.68,104.53,106.45,223959.683,1754081999999,23681117.15323,46136,110457.630,11679187.52978
1754082000000,106.45,108.35,106.21,107.55,246438.074,1754085599999,26459716.65096,43414,145627.383,15645568.53487
1754085600000,107.56,107.62,103.93,105.13,333991.465,1754089199999,35292269.91797,74579,148025.677,15637438.46109
1754089200000,105.13,106.78,104.73,106.55,117677.026,1754092799999,12468556.49054,29194,55029.188,5831949.52510
1754092800000,106.56,107.54,105.80,107.39,151987.211,1754096399999,16205444.70436,35508,81835.397,8734585.92758
1754096400000,107.39,107.74,106.66,107.50,86777.248,1754099999999,9306832.93487,22173,44469.459,4770743.19880
1754100000000,107.51,108.41,107.44,107.54,79070.617,1754103599999,8528440.14005,21660,41739.680,4502762.56184
1754103600000,107.54,107.88,107.34,107.58,43882.908,1754107199999,4720794.99143,14725,23073.060,2482249.22501
1754107200000,107.58,108.23,107.52,107.73,49190.685,1754110799999,5308055.41059,15415,22729.366,2452573.24760
1754110800000,107.73,107.97,107.51,107.84,45197.117,1754114399999,4870503.78304,15494,20170.573,2174001.63357
1754114400000,107.84,108.12,106.16,107.26,173275.270,1754117999999,18571803.75795,35436,90591.001,9711462.46615
1754118000000,107.24,108.47,106.45,108.30,138860.266,1754121599999,14951317.18397,31094,63924.860,6878700.51154
1754121600000,108.30,108.44,106.78,106.80,131616.455,1754125199999,14149977.57995,28111,57875.042,6222308.68414
1754125200000,106.80,107.65,106.57,107.53,105104.043,1754128799999,11246009.64970,25432,59657.743,6383796.04039
1754128800000,107.54,107.67,106.05,106.67,158498.676,1754132399999,16911134.06472,30146,83339.566,8889377.98079
1754132400000,106.67,107.54,106.28,106.98,80294.464,1754135999999,8589195.88935,22776,40360.845,4317089.79660
1754136000000,106.97,107.65,106.41,107.54,61075.867,1754139599999,6534288.22083,20436,28521.575,3052473.38172
1754139600000,107.54,109.16,107.44,108.84,181417.262,1754143199999,19660413.29697,37194,100996.582,10948452.94045
1754143200000,108.84,109.33,107.82,108.33,241852.812,1754146799999,26233245.00573,46314,102922.990,11166352.77545
1754146800000,108.32,110.10,107.90,108.05,331205.657,1754150399999,36127867.89850,57122,167054.721,18226086.82609
1754150400000,108.06,108.08,106.09,106.71,346960.514,1754153999999,37169118.00359,64048,162661.239,17434517.18528
1754154000000,106.70,107.20,104.00,104.64,316265.119,1754157599999,33351728.01624,58121,160717.066,16931960.34527
1754157600000,104.63,105.77,104.18,105.06,314925.241,1754161199999,33062081.86439,65781,146746.174,15406907.91600
1754161200000,105.06,106.46,104.68,104.74,188839.705,1754164799999,19921782.65594,40637,89966.008,9485214.42641
1754164800000,104.75,106.79,104.51,106.73,178579.124,1754168399999,18831874.60264,36009,91396.680,9632421.58072
1754168400000,106.73,107.13,105.44,105.58,182980.963,1754171999999,19493410.00471,37184,66820.800,7119668.39550
1754172000000,105.58,107.04,105.12,106.76,132109.542,1754175599999,13998231.90363,30238,80076.898,8483760.72274
1754175600000,106.76,107.04,105.70,106.05,143542.185,1754179199999,15253815.95839,34223,65340.481,6942729.45099
1754179200000,106.06,106.53,104.09,105.96,269914.473,1754182799999,28445274.46707,53893,130404.483,13731924.58695
1754182800000,105.95,108.30,105.71,107.47,192519.269,1754186399999,20652348.24212,43278,104795.521,11245501.51249
1754186400000,107.46,109.05,107.37,108.70,142377.441,1754189999999,15444803.18300,36184,86165.723,9345969.18848
1754190000000,108.70,108.72,107.06,107.54,197226.515,1754193599999,21266575.02727,39807,59290.981,6395942.23681
1754193600000,107.54,107.73,106.63,107.29,105964.629,1754197199999,11362006.47188,24219,37949.613,4071234.81847
1754197200000,107.29,107.63,107.01,107.42,52636.757,1754200799999,5652513.08232,14894,27441.053,2947603.29330
1754200800000,107.41,108.06,107.21,107.87,75944.250,1754204399999,8181618.00770,18158,41113.745,4431440.14217
1754204400000,107.87,108.49,107.61,108.10,78301.671,1754207999999,8464840.90474,18270,37835.953,4091358.50414
1754208000000,108.10,108.58,107.73,108.46,82628.966,1754211599999,8935637.97437,20948,48217.490,5214209.48371
1754211600000,108.46,109.89,108.30,109.58,134184.120,1754215199999,14654921.39509,26095,68991.629,7535004.03950
1754215200000,109.59,110.10,108.90,109.16,158677.543,1754218799999,17368861.63444,28932,74313.125,8136410.10630
1754218800000,109.17,109.77,108.75,109.11,122194.471,1754222399999,13344268.20176,25004,66041.532,7211995.29726
1754222400000,109.11,110.23,108.98,109.76,107392.812,1754225999999,11773434.83426,25308,53353.369,5850686.31731
1754226000000,109.75,110.14,109.07,109.18,84840.682,1754229599999,9293750.55240,20814,37615.048,4122490.89669
1754229600000,109.19,109.29,108.36,109.14,97456.860,1754233199999,10606973.97235,23352,49844.978,5426664.74277
1754233200000,109.14,109.93,108.80,109.85,76059.814,1754236799999,8310987.99668,18469,44637.024,4878939.77623
1754236800000,109.84,110.04,109.33,109.76,68610.373,1754240399999,7525252.99492,18425,28640.160,3142062.22887
1754240400000,109.75,109.89,108.98,109.01,74538.548,1754243999999,8153873.06870,19709,34742.036,3801088.16342
1754244000000,109.01,109.11,108.49,108.91,83000.307,1754247599999,9031729.80055,20791,44137.316,4803276.72382
1754247600000,108.92,109.19,108.65,108.90,51195.759,1754251199999,5578646.99414,16410,27921.693,3042791.17074
1754251200000,108.89,109.50,108.76,109.34,53806.782,1754254799999,5867677.34966,16442,26831.935,2926597.34728
1754254800000,109.34,109.57,109.07,109.21,43447.210,1754258399999,4750071.74706,13315,22463.081,2456040.12160
1754258400000,109.21,109.99,108.83,109.70,49171.952,1754261999999,5378030.09353,16963,25346.068,2772997.36136
1754262000000,109.71,111.40,109.64,110.34,186285.102,1754265599999,20612311.45543,36058,102881.529,11382009.33245
1754265600000,110.34,111.87,110.08,111.47,158235.460,1754269199999,17583409.17953,36798,83543.212,9287962.30251
1754269200000,111.49,111.64,110.59,110.84,104120.672,1754272799999,11560278.96936,26797,49858.693,5537655.54797
1754272800000,110.84,111.51,110.65,111.38,82779.559,1754276399999,9194731.28396,20846,38595.221,4287085.41977
1754276400000,111.38,111.54,110.78,111.46,60059.228,1754279999999,6674551.51791,16610,29979.882,3331458.79335
1754280000000,111.46,111.79,110.44,110.67,112703.679,1754283599999,12517979.00095,23100,41499.908,4607397.30464
1754283600000,110.67,111.16,110.35,111.11,88027.445,1754287199999,9746313.65839,19936,37207.596,4119587.87580
1754287200000,111.11,111.94,110.66,111.89,106229.082,1754290799999,11831024.23349,25308,57075.856,6358025.27306
1754290800000,111.89,112.47,111.37,111.44,143404.389,1754294399999,16048619.93313,28529,70307.798,7868660.02732
1754294400000,111.43,111.87,111.05,111.29,85405.907,1754297999999,9517905.48996,20130,43608.811,4860322.28521
1754298000000,111.29,113.39,111.02,112.90,289575.684,1754301599999,32593389.95302,53563,173201.963,19493469.88296
1754301600000,112.89,113.04,111.89,112.03,95143.155,1754305199999,10688569.46083,25440,43698.629,4909766.52513
1754305200000,112.03,114.26,111.68,114.13,244396.187,1754308799999,27632236.53232,50297,133919.962,15144699.76917
1754308800000,114.13,117.47,113.73,116.88,541351.821,1754312399999,62758534.01128,110388,268116.049,31088430.15596
1754312400000,116.88,118.69,115.98,118.44,439436.915,1754315999999,51624866.88026,90193,235424.784,27671939.87254
1754316000000,118.44,119.67,117.95,118.42,491894.346,1754319599999,58537690.84533,91559,232219.014,27641043.79217
1754319600000,118.43,119.51,117.67,117.80,277764.748,1754323199999,32957886.94015,66699,139774.751,16591894.98266
1754323200000,117.80,119.36,117.56,119.12,238028.402,1754326799999,28233919.03713,55220,129357.505,15344307.71259
1754326800000,119.13,119.63,118.65,119.15,200045.354,1754330399999,23833191.83277,45892,103850.977,12375893.88234
1754330400000,119.14,119.88,118.86,119.31,157032.155,1754333999999,18731351.14667,37957,81964.135,9779116.66793
1754334000000,119.30,119.89,118.99,119.79,143985.772,1754337599999,17198713.84841,38889,76361.562,9123321.97785
1754337600000,119.79,120.08,118.89,119.31,197107.157,1754341199999,23553689.65843,44974,111722.082,13353718.98137
1754341200000,119.31,121.00,119.29,119.78,250435.573,1754344799999,30111207.86972,52972,139944.192,16833242.57164
1754344800000,119.79,120.76,119.79,120.71,121204.626,1754348399999,14590174.08034,37466,63593.399,7656482.13178
1754348400000,120.71,121.45,120.47,121.20,169416.927,1754351999999,20494271.84901,38125,93800.205,11350854.75868
1754352000000,121.20,121.43,120.10,120.36,255911.548,1754355599999,30875679.57696,50582,109615.568,13228832.57999
1754355600000,120.36,121.72,120.04,121.36,224924.975,1754359199999,27231509.72544,46466,124626.802,15095148.04832
1754359200000,121.35,123.68,120.84,122.02,552473.240,1754362799999,67498241.88436,100878,302023.228,36912360.02516
1754362800000,122.02,122.39,121.23,121.75,234952.173,1754366399999,28637428.63367,58521,96000.696,11702690.76830
1754366400000,121.76,122.35,121.03,121.62,158212.426,1754369999999,19232492.91853,41478,72821.707,8851770.36530
1754370000000,121.61,124.11,121.55,124.02,368124.295,1754373599999,45251553.35936,63858,199321.206,24506112.27141
1754373600000,124.02,125.06,122.40,122.71,410074.125,1754377199999,50769323.43622,72939,190927.158,23652255.07722
1754377200000,122.70,123.40,120.60,120.87,652461.841,1754380799999,79339928.70645,87569,288929.912,35147560.20718
1754380800000,120.86,122.84,120.72,122.84,363828.538,1754384399999,44310365.50203,65855,199166.529,24260087.90351
1754384400000,122.85,127.65,122.77,127.27,821291.688,1754387999999,103415329.22453,129918,437922.378,55117523.12814
1754388000000,127.26,128.94,126.83,128.26,455800.591,1754391599999,58271440.25278,81497,242163.191,30965095.69240
1754391600000,128.26,129.21,127.26,127.60,307378.299,1754395199999,39335336.29581,55772,146607.439,18771356.15099
1754395200000,127.61,128.41,123.06,123.82,1403061.387,1754398799999,175413981.54680,166888,688830.294,86070383.05333
1754398800000,123.82,124.15,122.84,123.50,294790.230,1754402399999,36397380.10915,60857,159204.579,19662490.93029
1754402400000,123.49,123.79,121.00,123.10,719901.531,1754405999999,87970099.20671,117786,345477.786,42228793.61323
1754406000000,123.09,123.09,121.41,122.04,292115.177,1754409599999,35720717.43831,65570,143348.025,17535640.20197
1754409600000,122.02,123.91,121.31,121.36,433518.770,1754413199999,53184764.22152,70442,214651.044,26347014.14020
1754413200000,121.37,121.74,120.44,120.87,218167.638,1754416799999,26439266.27582,49713,113483.028,13758412.11296
1754416800000,120.86,121.29,119.50,119.99,258051.153,1754420399999,31033836.01049,54436,119704.932,14408279.83354
1754420400000,119.98,120.43,119.57,120.06,130308.640,1754423999999,15647509.88885,31041,73326.108,8806789.52545
1754424000000,120.06,120.88,119.60,119.75,174252.591,1754427599999,20948619.10977,35675,79392.652,9546156.96951
1754427600000,119.76,121.28,119.63,120.46,140742.184,1754431199999,16967943.97668,31300,73079.353,8808801.76137
1754431200000,120.46,121.35,119.76,121.05,144073.659,1754434799999,17352520.12441,37183,76251.808,9184108.30449
1754434800000,121.05,121.34,120.03,120.22,147138.129,1754438399999,17784150.19090,37557,72125.793,8719134.26579
1754438400000,120.22,120.48,118.08,118.91,273005.013,1754441999999,32472446.37537,52211,113105.412,13452693.64461
1754442000000,118.90,119.24,117.87,118.32,189164.805,1754445599999,22398602.23903,37054,78108.790,9250834.36850
1754445600000,118.32,119.15,118.15,118.40,93045.739,1754449199999,11031885.32873,27832,46541.403,5517708.30294
1754449200000,118.41,118.44,117.75,118.18,111557.085,1754452799999,13171961.83399,27220,48376.458,5713374.76576
1754452800000,118.18,118.67,117.54,117.89,169562.355,1754456399999,20016891.31639,30322,83934.719,9910263.99735
1754456400000,117.90,118.95,117.71,118.54,309864.290,1754459999999,36683849.54435,45696,172383.763,20407373.74473
1754460000000,118.54,118.57,117.24,117.64,172593.778,1754463599999,20330577.14754,35746,81746.533,9632755.18029
1754463600000,117.64,118.39,117.41,118.34,119069.762,1754467199999,14043881.78437,28228,61796.591,7289860.34273
1754467200000,118.34,118.64,116.40,117.18,264721.979,1754470799999,31069622.80314,40816,89219.045,10480936.09085
1754470800000,117.18,117.90,117.01,117.31,126388.551,1754474399999,14827811.89833,26258,68572.616,8046607.32322
1754474400000,117.31,117.40,116.22,116.49,153303.343,1754477999999,17873245.87975,31463,70412.862,8209922.55241
1754478000000,116.50,116.86,116.26,116.39,115462.817,1754481599999,13463696.63097,22602,47819.739,5576926.41933
1754481600000,116.39,116.49,115.41,115.47,195592.635,1754485199999,22674487.53285,31808,76871.476,8913896.84152
1754485200000,115.46,115.85,115.15,115.52,183918.801,1754488799999,21235805.33960,37578,93834.524,10837606.65132
1754488800000,115.52,117.33,115.51,117.27,309198.386,1754492399999,35966354.50950,54332,181124.470,21068860.56137
1754492400000,117.26,118.47,116.72,118.21,289892.189,1754495999999,34071304.87376,52403,161154.312,18951972.25322
1754496000000,118.21,118.51,116.90,117.59,258591.310,1754499599999,30441095.20850,41424,120237.603,14159626.07536
1754499600000,117.59,118.82,117.29,118.47,224958.868,1754503199999,26530916.59582,43319,121099.303,14282315.74161
1754503200000,118.48,119.32,118.43,119.30,142729.162,1754506799999,16950925.34511,30601,72641.068,8629076.05827
1754506800000,119.30,121.08,119.16,120.01,303703.107,1754510399999,36499920.76588,54166,146879.207,17648987.49807
1754510400000,120.00,120.26,118.80,119.24,138145.459,1754513999999,16493967.75619,33875,64810.417,7740455.59631
1754514000000,119.25,119.47,118.41,119.09,90090.532,1754517599999,10707142.23637,24443,48513.293,5765950.21285
1754517600000,119.09,119.34,118.63,119.18,65487.253,1754521199999,7788903.73710,17371,33956.004,4038569.92139
1754521200000,119.18,120.11,119.06,119.15,102432.085,1754524799999,12261239.39721,26901,47658.733,5704554.91739
1754524800000,119.15,119.23,117.78,118.09,146365.007,1754528399999,17310088.48309,31090,67765.207,8014713.43545
1754528400000,118.08,120.59,118.03,118.91,158817.653,1754531999999,18948723.66881,40076,78963.179,9416496.96075
1754532000000,118.91,121.08,118.78,120.25,246029.457,1754535599999,29577590.22144,54696,124843.071,15000043.54893
1754535600000,120.24,120.80,119.23,119.39,120578.785,1754539199999,14433536.95105,34024,57762.321,6914334.17587
1754539200000,119.39,121.88,119.31,121.14,251007.218,1754542799999,30356059.20826,76942,104924.292,12689851.76937
1754542800000,121.15,121.85,120.16,121.63,171465.579,1754546399999,20728090.09693,49486,72636.089,8786224.36741
1754546400000,121.62,122.27,120.31,120.52,176634.511,1754549999999,21415606.60086,38516,93851.915,11379199.95780
1754550000000,120.52,120.54,119.27,119.45,156702.578,1754553599999,18784537.71435,31518,82054.384,9836856.62784
1754553600000,119.45,119.69,117.34,117.40,297144.207,1754557199999,35220113.14164,44785,124411.509,14752026.24595
1754557200000,117.40,118.28,117.32,117.99,158786.597,1754560799999,18717781.35095,37642,91673.780,10807392.65922
1754560800000,117.99,119.91,117.84,119.70,307623.819,1754564399999,36606943.51584,54332,162914.442,19384222.33148
1754564400000,119.71,121.19,119.63,121.05,256254.779,1754567999999,30897034.84968,52523,128030.290,15433332.39787
1754568000000,121.06,121.21,119.40,120.29,270879.996,1754571599999,32549348.54752,46883,119201.100,14324386.57463
1754571600000,120.29,120.55,119.66,120.19,185720.540,1754575199999,22305375.10412,36490,90886.916,10916241.59046
1754575200000,120.19,120.96,120.01,120.47,159850.870,1754578799999,19264588.41293,36758,68206.673,8221309.88152
1754578800000,120.47,121.56,119.98,121.09,180746.952,1754582399999,21837377.67900,44136,89002.238,10756866.97029
1754582400000,121.08,122.38,119.78,121.31,358101.485,1754585999999,43355977.55566,70535,164548.387,19934806.30350
1754586000000,121.32,121.80,120.65,121.31,149457.816,1754589599999,18126435.39622,38330,58622.002,7110311.56826
1754589600000,121.30,121.41,120.29,120.99,99969.376,1754593199999,12082045.72080,26236,51715.507,6252245.13063
1754593200000,120.99,122.20,120.61,122.14,134371.254,1754596799999,16308121.45884,25730,71101.916,8629487.49348
1754596800000,122.14,122.33,121.55,121.92,134106.284,1754600399999,16351238.91639,24223,64745.175,7894087.52928
1754600400000,121.92,122.98,121.12,121.83,203528.323,1754603999999,24824735.80792,38655,106546.833,13004721.09425
1754604000000,121.83,122.50,121.44,122.06,135447.056,1754607599999,16526318.23768,35003,67546.474,8241748.76816
1754607600000,122.06,123.05,121.47,122.84,172254.300,1754611199999,21040103.74664,32499,95514.292,11671129.37140
1754611200000,122.84,124.34,121.18,122.35,432413.149,1754614799999,53058902.13113,117478,198377.965,24334711.26442
1754614800000,122.36,123.11,121.05,122.23,381410.552,1754618399999,46496136.68563,105686,178733.534,21794243.96623
1754618400000,122.22,122.37,121.07,121.59,138308.435,1754621999999,16824012.53096,34779,63036.243,7666591.83768
1754622000000,121.58,122.57,121.22,121.40,157435.051,1754625599999,19194838.02604,31974,80447.375,9807377.08327
1754625600000,121.41,121.72,120.64,120.84,120085.440,1754629199999,14543030.32768,24205,53051.665,6426390.78619
1754629200000,120.84,120.93,119.58,119.64,185159.067,1754632799999,22254226.42681,29407,61135.240,7346361.37983
1754632800000,119.65,120.61,119.22,120.57,133301.867,1754636399999,15982687.28089,27618,71002.706,8517332.84661
1754636400000,120.58,122.58,120.06,122.28,218059.244,1754639999999,26539142.68030,45008,104412.372,12701197.91167
1754640000000,122.27,123.95,122.05,122.30,324203.773,1754643599999,39935035.84695,64178,148295.813,18267383.22492
1754643600000,122.29,122.65,121.57,122.17,118722.616,1754647199999,14494046.64686,30160,63855.186,7797058.78530
1754647200000,122.17,122.17,120.44,120.59,186710.270,1754650799999,22613639.10861,30027,87240.115,10566866.88386
1754650800000,120.59,121.90,120.57,121.81,105265.729,1754654399999,12786862.65009,22745,59135.936,7181727.21839
1754654400000,121.80,122.55,121.38,121.70,111731.290,1754657999999,13620470.80859,24504,46776.403,5702071.96673
1754658000000,121.70,123.57,121.70,123.56,188757.600,1754661599999,23160756.58815,34197,99804.069,12249547.38844
1754661600000,123.55,124.15,121.77,122.28,279263.556,1754665199999,34292830.37586,59029,122059.923,14990082.91963
1754665200000,122.27,122.32,120.59,121.31,239016.588,1754668799999,28978756.61341,41292,110852.427,13439583.19086
1754668800000,121.31,122.58,121.22,122.57,138530.868,1754672399999,16876892.18093,27962,71207.577,8673938.38264
1754672400000,122.58,123.54,122.27,123.19,166686.473,1754675999999,20499735.64904,33804,89779.907,11045075.49405
1754676000000,123.19,124.87,123.19,124.77,254673.946,1754679599999,31624741.26899,48166,132669.066,16478183.96289
1754679600000,124.76,126.39,124.20,125.54,292798.262,1754683199999,36710440.53023,49907,143730.352,18022508.73253
1754683200000,125.55,125.76,124.35,124.77,114607.339,1754686799999,14311219.88420,26378,55783.616,6965678.96229
1754686800000,124.77,125.39,124.42,124.68,91658.084,1754690399999,11453012.16674,19419,43228.123,5399822.22123
1754690400000,124.68,124.93,123.84,124.08,87139.447,1754693999999,10835688.03923,23031,39422.688,4901281.12028
1754694000000,124.07,124.58,123.59,123.72,58278.747,1754697599999,7233085.35408,16011,25057.049,3112001.18517
1754697600000,123.73,123.96,123.51,123.85,57095.226,1754701199999,7066642.32183,17044,28040.181,3471180.33144
1754701200000,123.84,124.22,123.16,123.44,87649.062,1754704799999,10834309.02498,20194,41866.183,5175907.69050
1754704800000,123.43,123.55,122.85,123.10,69966.408,1754708399999,8622488.72649,16677,34070.918,4199267.21905
1754708400000,123.09,123.92,122.79,123.03,102325.105,1754711999999,12610529.64797,18921,51205.189,6311167.06559
1754712000000,123.02,124.74,122.75,124.55,153378.921,1754715599999,18986210.69465,27793,79401.665,9822569.82015
1754715600000,124.54,125.55,124.27,124.83,295984.472,1754719199999,36983611.18575,51363,141164.822,17641879.02807
1754719200000,124.83,125.84,124.18,124.33,177477.094,1754722799999,22185368.75963,35001,92098.167,11505689.53607
1754722800000,124.33,125.50,124.24,125.15,102451.978,1754726399999,12802773.86262,23471,54636.895,6826977.88813
1754726400000,125.16,125.29,124.36,124.78,126055.927,1754729999999,15731506.22388,26246,62458.358,7796127.87170
1754730000000,124.77,125.29,124.46,125.11,94619.303,1754733599999,11827651.43140,23949,52771.116,6597228.24668
1754733600000,125.12,125.60,124.81,124.93,112244.964,1754737199999,14051754.34303,28561,56335.689,7054077.24366
1754737200000,124.93,125.20,124.41,125.08,89483.185,1754740799999,11162007.34241,20049,38935.908,4857294.60320
1754740800000,125.08,126.30,124.78,124.86,181439.176,1754744399999,22762042.65087,30446,75721.139,9505565.07040
1754744400000,124.86,125.05,122.08,122.29,534864.001,1754747999999,65898210.57454,61540,222641.040,27427391.49113
1754748000000,122.29,122.58,121.00,122.18,245394.118,1754751599999,29930375.52848,38625,111733.535,13634729.31656
1754751600000,122.18,122.23,120.81,121.10,232582.664,1754755199999,28247353.57524,40111,100375.272,12193734.78733
1754755200000,121.10,122.27,121.09,121.39,143331.845,1754758799999,17448194.01090,31683,71548.123,8710911.06664
1754758800000,121.39,122.39,121.08,122.09,106518.155,1754762399999,12974065.21293,25156,56323.569,6860315.99912
1754762400000,122.09,122.23,121.71,122.04,86756.933,1754765999999,10582367.09385,20682,40987.460,5000330.87406
1754766000000,122.03,122.69,121.48,121.69,158243.017,1754769599999,19305049.48477,25074,58837.883,7183230.19811
1754769600000,121.69,122.53,121.33,122.26,149750.964,1754773199999,18265484.34792,31802,75565.205,9217951.02227
1754773200000,122.25,122.63,121.45,121.75,81884.040,1754776799999,9987314.20807,21727,39405.123,4807397.98557
1754776800000,121.74,121.75,120.29,120.76,207393.281,1754780399999,25077327.62323,41403,83365.672,10080193.29855
1754780400000,120.76,120.91,120.10,120.13,106473.361,1754783999999,12827168.48124,23530,40109.877,4833615.58802
1754784000000,120.13,121.43,120.09,121.24,96058.981,1754787599999,11597377.52528,21680,50900.606,6145514.68072
1754787600000,121.24,121.49,120.67,121.45,118187.975,1754791199999,14315881.54495,27610,60712.719,7355699.70802
1754791200000,121.46,121.77,121.08,121.54,106735.229,1754794799999,12962209.93077,27407,51067.516,6202437.65228
1754794800000,121.53,123.46,121.34,122.73,247332.142,1754798399999,30289594.47435,51306,120235.238,14728084.71164
1754798400000,122.73,123.82,122.24,123.63,176117.649,1754801999999,21649756.99111,35333,87035.181,10697312.42137
1754802000000,123.62,123.69,121.68,121.81,213839.858,1754805599999,26190991.41156,31203,80088.176,9810085.00603
1754805600000,121.80,121.93,120.44,120.92,214329.012,1754809199999,25956393.74913,31238,90293.795,10936430.29594
1754809200000,120.92,121.19,118.22,119.17,351841.277,1754812799999,42051456.70414,51926,138012.087,16492905.39320
1754812800000,119.16,120.53,118.23,120.52,203608.988,1754816399999,24304156.61963,38081,111141.902,13267211.02347
1754816400000,120.53,121.01,120.08,120.62,123695.298,1754819999999,14913924.52270,25951,59844.841,7218261.88602
1754820000000,120.61,121.09,119.67,121.06,126996.754,1754823599999,15288761.66619,28177,53160.357,6401169.86032
1754823600000,121.05,122.48,120.92,122.01,202296.192,1754827199999,24638271.51040,38048,103394.422,12594084.79582
1754827200000,122.01,122.09,121.15,121.83,125789.184,1754830799999,15285909.28947,26820,58303.536,7084474.00662
1754830800000,121.82,122.38,120.45,120.58,150412.252,1754834399999,18266632.46358,28995,56023.087,6805918.42024
1754834400000,120.58,124.95,120.37,124.36,558953.982,1754837999999,68946811.59142,85042,345244.939,42553615.23858
1754838000000,124.36,125.94,123.93,124.18,404946.394,1754841599999,50594087.64663,76027,212879.450,26600574.69253
1754841600000,124.21,125.20,123.13,123.55,216239.865,1754845199999,26863431.69515,45854,97345.149,12097548.14047
1754845200000,123.55,123.83,122.84,123.52,112820.959,1754848799999,13916255.80997,25401,57914.540,7144300.40622
1754848800000,123.53,123.99,123.24,123.90,59359.439,1754852399999,7336059.49608,18344,32574.764,4026053.10033
1754852400000,123.91,124.83,123.71,124.51,98865.155,1754855999999,12304780.97691,28487,53391.602,6645333.78130
1754856000000,124.50,125.03,124.06,124.17,108714.772,1754859599999,13554912.52488,30643,49511.783,6173492.82137
1754859600000,124.17,124.97,123.56,124.13,116738.538,1754863199999,14492366.54067,31100,47589.594,5909611.31175
1754863200000,124.14,124.24,123.30,124.04,85891.649,1754866799999,10627256.21863,22930,43057.172,5327871.37456
1754866800000,124.05,124.39,123.40,123.69,55335.488,1754870399999,6849345.60434,16643,27094.889,3354701.00237
1754870400000,123.69,123.73,122.26,122.26,157726.149,1754873999999,19394419.34006,31697,73571.629,9049079.69125
1754874000000,122.25,123.66,122.00,123.61,133339.983,1754877599999,16402281.05906,35424,74721.947,9193897.98947
1754877600000,123.62,125.80,123.52,124.75,301898.262,1754881199999,37695708.45476,57462,155050.633,19366745.33762
1754881200000,124.74,127.35,124.34,125.83,337977.220,1754884799999,42617550.98357,66485,177609.889,22395876.21167
1754884800000,125.84,126.43,124.86,124.89,147161.183,1754888399999,18498366.20439,36619,68387.218,8599600.30795
1754888400000,124.90,125.80,123.36,124.07,227915.619,1754891999999,28350184.52191,49614,110681.759,13771639.81109
1754892000000,124.07,125.01,123.50,124.57,128361.933,1754895599999,15935521.35993,39045,59262.156,7359052.23110
1754895600000,124.57,125.14,123.04,123.31,185257.983,1754899199999,22955131.89760,44245,69971.474,8675208.38208
1754899200000,123.32,125.33,122.80,125.07,220517.236,1754902799999,27394720.19117,46353,106686.121,13255885.47885
1754902800000,125.07,125.78,124.79,125.55,149074.300,1754906399999,18676701.48332,37371,70469.419,8830889.55048
1754906400000,125.55,125.84,124.45,125.50,224183.549,1754909999999,28090978.41254,46733,107023.024,13411748.22703
1754910000000,125.50,128.19,125.46,126.55,736507.418,1754913599999,93345579.49001,138710,377227.769,47813585.81219
1754913600000,126.55,127.70,124.41,126.37,459401.105,1754917199999,57815194.73149,109566,213063.267,26829113.39963
1754917200000,126.38,127.09,124.88,126.15,345721.979,1754920799999,43557888.24560,82891,172889.795,21776603.00800
1754920800000,126.16,126.67,123.48,123.57,338568.115,1754924399999,42357323.72575,69832,184168.933,23050759.36322
1754924400000,123.58,125.23,123.19,125.19,224542.279,1754927999999,27878101.34154,48897,109109.171,13545732.24065
1754928000000,125.20,125.83,123.97,125.53,229308.267,1754931599999,28708937.14129,53821,104597.142,13099023.36766
1754931600000,125.52,127.10,125.43,126.23,230771.914,1754935199999,29160965.78359,55395,111960.864,14146487.68560
1754935200000,126.23,126.26,124.13,124.40,218282.814,1754938799999,27332646.09075,46082,104145.424,13033941.58513
1754938800000,124.40,124.76,120.74,121.45,379491.409,1754942399999,46419953.12865,62456,160323.004,19604779.80228
1754942400000,121.45,121.68,120.64,121.01,170451.933,1754945999999,20661898.37635,39229,83520.010,10125537.26167
1754946000000,121.00,121.60,119.64,120.52,210501.378,1754949599999,25365563.20613,41294,92800.188,11182794.86047
1754949600000,120.52,120.79,119.50,120.54,168650.188,1754953199999,20242614.25036,36559,78197.089,9385350.59985
1754953200000,120.53,120.88,119.88,119.99,109722.327,1754956799999,13209515.29995,25408,48807.301,5876936.82721
1754956800000,119.99,120.57,119.67,120.23,142806.473,1754960399999,17149757.59564,29244,73536.941,8832191.13790
1754960400000,120.23,121.20,119.93,121.13,183788.832,1754963999999,22182327.78872,33989,87467.123,10556636.11811
1754964000000,121.13,121.48,120.16,120.20,121798.809,1754967599999,14719284.05323,24662,57245.185,6921246.14683
1754967600000,120.20,120.38,119.19,119.38,179817.594,1754971199999,21532893.84716,28513,80647.147,9663569.19089
1754971200000,119.37,120.26,119.28,119.80,123743.232,1754974799999,14839009.60186,22284,61061.539,7320888.25241
1754974800000,119.79,120.08,118.53,119.10,220522.200,1754978399999,26295176.62964,34733,89555.150,10676979.69720
1754978400000,119.10,120.05,118.60,118.92,131650.974,1754981999999,15714474.61530,25353,66211.430,7905909.33937
1754982000000,118.92,119.68,118.86,119.29,93460.607,1754985599999,11141067.96514,20943,48168.454,5742137.99472
1754985600000,119.29,120.13,118.66,119.59,108630.210,1754989199999,12967939.76453,27709,53577.167,6399236.29844
1754989200000,119.59,119.87,118.97,119.03,89898.288,1754992799999,10729986.53880,26918,43860.165,5235122.77646
1754992800000,119.02,119.59,118.72,118.88,95936.798,1754996399999,11427094.90747,26922,42415.810,5053175.91217
1754996400000,118.88,119.74,118.28,119.51,132561.165,1754999999999,15785094.82738,28680,58675.885,6990281.72983
1755000000000,119.52,121.49,119.00,121.24,372819.969,1755003599999,44993434.86912,64596,184431.068,22253951.07019
1755003600000,121.25,122.45,120.28,120.95,315515.864,1755007199999,38301489.83613,60211,151800.245,18429755.64040
1755007200000,120.96,122.68,120.67,122.43,188412.581,1755010799999,22926159.16588,38662,95413.514,11606313.22352
1755010800000,122.42,124.85,122.21,124.38,336540.022,1755014399999,41569924.19746,59706,185643.980,22928860.02526
1755014400000,124.39,125.08,123.73,125.04,223427.366,1755017999999,27800033.78996,56713,114519.307,14251988.11567
1755018000000,125.03,125.46,124.59,125.15,188121.259,1755021599999,23530237.36767,47946,98839.492,12364136.46327
1755021600000,125.15,126.77,124.75,126.57,283768.809,1755025199999,35716169.48532,55030,154303.803,19417731.61411
1755025200000,126.57,128.91,126.36,128.85,432122.092,1755028799999,55215236.96593,85420,213539.566,27291899.49506
1755028800000,128.86,131.06,128.38,129.80,525816.783,1755032399999,68179137.51785,94170,286582.320,37160800.42573
1755032400000,129.80,131.72,129.08,129.96,461013.012,1755035999999,60007089.94834,75436,232337.548,30232070.71841
1755036000000,129.95,131.98,129.77,130.88,309284.366,1755039599999,40507632.88084,67979,143198.631,18749178.65181
1755039600000,130.88,131.35,130.13,130.46,209455.113,1755043199999,27379227.31550,46921,109126.168,14264825.76619
1755043200000,130.46,131.54,130.28,130.90,183708.621,1755046799999,24049099.43492,49140,102119.104,13368775.71962
1755046800000,130.91,130.99,128.74,128.79,293509.134,1755050399999,38068826.97898,51205,120404.662,15607520.58969
1755050400000,128.80,131.38,128.60,131.08,213235.078,1755053999999,27731746.23862,45099,129310.293,16817788.29085
1755054000000,131.09,131.48,130.36,131.28,155686.554,1755057599999,20384773.85010,41965,81242.146,10638319.80069
1755057600000,131.29,133.68,131.17,133.61,292465.354,1755061199999,38804972.64908,70095,162913.542,21614837.66379
1755061200000,133.61,134.19,131.19,131.38,339270.377,1755064799999,45004582.61686,69091,158131.183,20985524.06210
1755064800000,131.39,131.61,130.52,130.72,218521.103,1755068399999,28610186.95610,48551,113421.776,14849389.94728
1755068400000,130.72,131.70,130.60,131.68,126413.728,1755071999999,16557147.88338,35039,65220.784,8545110.16016
1755072000000,131.66,132.95,131.06,131.34,238678.948,1755075599999,31515888.34527,49655,111632.237,14739765.42479
1755075600000,131.34,132.58,131.25,132.55,215620.695,1755079199999,28442174.81816,41614,122811.131,16197252.62497
1755079200000,132.54,134.15,132.48,132.66,296853.186,1755082799999,39554346.40181,55758,161059.156,21458252.81574
1755082800000,132.65,133.21,131.67,131.99,137931.327,1755086399999,18254655.03069,32117,70617.569,9347343.99487
1755086400000,131.99,132.04,130.69,131.10,200797.357,1755089999999,26368115.30942,37883,94364.913,12397071.62154
1755090000000,131.10,132.45,130.74,131.99,236089.351,1755093599999,31101559.61593,55625,126283.918,16639706.87973
1755093600000,131.98,132.29,130.22,130.42,266882.599,1755097199999,35011793.25839,64306,125208.882,16431041.10943
1755097200000,130.42,130.83,129.36,130.07,257819.879,1755100799999,33551564.05972,53110,127839.434,16640809.92235
1755100800000,130.07,131.20,129.70,130.22,154045.826,1755104399999,20085713.52699,36240,75775.016,9882431.27645
1755104400000,130.22,130.35,129.33,129.73,105658.304,1755107999999,13725615.54129,26495,50113.279,6511594.91969
1755108000000,129.73,130.29,128.88,129.10,126645.750,1755111599999,16398128.61661,31749,51360.079,6652866.75423
1755111600000,129.10,130.34,128.99,130.25,94222.674,1755115199999,12229105.59719,28450,49050.617,6366249.45801
1755115200000,130.25,130.28,129.37,129.49,89611.146,1755118799999,11634964.03288,24949,38251.018,4966672.28791
1755118800000,129.48,130.23,128.97,129.38,79277.277,1755122399999,10277754.66319,25574,34213.066,4436165.95840
1755122400000,129.38,131.27,129.18,130.66,158771.211,1755125999999,20725613.24232,36995,84290.997,11003346.08565
1755126000000,130.66,131.08,130.52,130.89,93656.246,1755129599999,12255644.03943,27784,48280.043,6318095.06372
1755129600000,130.89,132.38,130.77,131.63,220210.554,1755133199999,28986896.95377,45922,124100.395,16335803.00313
1755133200000,131.63,132.60,130.55,132.13,172720.959,1755136799999,22750295.08880,40709,82786.718,10904596.33896
1755136800000,132.13,133.30,131.93,133.09,187600.610,1755140399999,24891020.66422,39164,85329.433,11324412.68558
1755140400000,133.09,133.36,132.34,133.10,144847.571,1755143999999,19242613.47849,36064,71701.602,9526518.55634
1755144000000,133.10,133.90,132.55,132.67,156678.844,1755147599999,20872954.44307,42620,72278.328,9631768.62784
1755147600000,132.66,133.43,131.18,131.26,301590.019,1755151199999,39894301.06577,51143,124947.517,16524199.26854
1755151200000,131.25,131.98,129.43,131.31,362647.973,1755154799999,47350028.82441,64872,160981.093,21016864.30684
1755154800000,131.30,131.48,129.30,129.58,154436.025,1755158399999,20096263.19334,40083,73285.572,9540760.87915
1755158400000,129.58,129.60,127.82,128.06,274859.637,1755161999999,35328550.36016,55364,127602.357,16402853.50115
1755162000000,128.06,129.16,127.60,128.98,221262.953,1755165599999,28396626.97355,44107,108356.772,13907526.80297
1755165600000,128.99,129.11,126.85,127.81,246682.237,1755169199999,31557711.94757,47080,113655.492,14544574.56123
1755169200000,127.80,128.24,127.32,127.69,107192.565,1755172799999,13697014.13689,28266,53143.859,6790538.42471
1755172800000,127.69,128.23,120.46,122.67,951121.892,1755176399999,118270002.75665,146674,418144.050,52056029.56007
1755176400000,122.66,123.81,120.22,123.00,502133.972,1755179999999,61535882.51950,107586,249069.146,30547582.23357
1755180000000,123.01,124.24,122.24,123.91,271603.533,1755183599999,33532561.75499,57424,147196.070,18174480.44820
1755183600000,123.91,124.03,122.36,122.71,144443.652,1755187199999,17782048.71500,37723,66882.730,8233348.09541
1755187200000,122.71,122.74,120.53,120.94,259797.076,1755190799999,31521368.47195,48515,116910.939,14183094.58294
1755190800000,120.94,121.46,120.12,120.94,164202.083,1755194399999,19833968.41704,35005,69730.723,8427835.53095
1755194400000,120.94,121.57,119.40,121.29,191578.754,1755197999999,23101649.53200,37107,84052.294,10146404.62777
1755198000000,121.29,121.91,121.29,121.65,110907.785,1755201599999,13487068.95420,25371,51596.569,6274960.80664
1755201600000,121.65,121.98,120.83,121.58,94582.976,1755205199999,11492378.46472,28022,41292.978,5016838.78084
1755205200000,121.57,121.98,119.42,120.76,154888.257,1755208799999,18665236.33836,40190,69003.291,8319221.83179
1755208800000,120.75,121.54,120.09,121.37,71607.516,1755212399999,8656472.03973,22826,36646.434,4429033.42919
1755212400000,121.37,121.82,120.95,121.22,83772.531,1755215999999,10176376.52021,22500,37641.727,4573598.65250
1755216000000,121.22,121.97,120.65,121.38,103902.479,1755219599999,12615379.15074,27230,54285.041,6591547.29217
1755219600000,121.38,122.10,120.89,121.95,86873.195,1755223199999,10574566.27772,23046,41182.025,5014118.67212
1755223200000,121.94,122.30,121.73,121.89,104056.178,1755226799999,12693288.24087,24610,56904.778,6942199.57343
1755226800000,121.90,122.90,121.52,122.67,99752.981,1755230399999,12207203.74248,26772,52955.226,6481005.15567
1755230400000,122.67,122.87,121.69,121.73,103626.851,1755233999999,12675730.17576,24012,49232.603,6021240.15338
1755234000000,121.74,122.23,121.42,122.20,65482.734,1755237599999,7971451.52854,19282,29569.346,3600048.28185
1755237600000,122.19,123.21,122.02,122.31,138000.444,1755241199999,16929245.74091,31229,72295.377,8870564.97857
1755241200000,122.30,122.30,120.87,121.40,113375.076,1755244799999,13781884.16316,24300,52205.684,6346800.74522
1755244800000,121.40,121.78,120.91,121.13,91531.701,1755248399999,11111363.54450,22005,47154.977,5724565.84538
1755248400000,121.12,121.44,120.47,120.96,110696.234,1755251999999,13383990.40579,24026,54316.628,6568745.47811
1755252000000,120.96,121.39,120.63,120.78,85348.971,1755255599999,10328477.91491,19291,40087.071,4850905.81117
1755255600000,120.77,121.46,120.19,121.00,131739.911,1755259199999,15928648.35195,25360,71728.520,8673291.16144
1755259200000,121.01,121.75,120.00,120.88,257497.418,1755262799999,31162464.29505,46853,111245.104,13460399.41587
1755262800000,120.87,121.03,119.06,119.25,244436.115,1755266399999,29333975.26784,47060,103278.244,12397004.97307
1755266400000,119.26,120.05,118.40,118.67,255916.101,1755269999999,30479763.91052,50335,113009.850,13466934.67540
1755270000000,118.67,118.91,116.46,117.55,433216.385,1755273599999,50962321.86133,72701,187870.148,22105701.27435
1755273600000,117.54,118.23,116.51,117.96,254659.034,1755277199999,29872806.00216,45255,115384.418,13543869.62355
1755277200000,117.95,119.07,117.13,118.59,178591.560,1755280799999,21144548.09693,36696,96962.257,11484568.43668
1755280800000,118.58,118.77,117.03,117.45,114617.670,1755284399999,13516567.37421,23407,42759.146,5041318.99924
1755284400000,117.45,118.27,117.27,117.47,65922.564,1755287999999,7753943.11552,20137,30575.839,3596151.68853
1755288000000,117.46,118.52,117.16,118.47,90033.569,1755291599999,10626172.40851,21317,50537.184,5963809.81946
1755291600000,118.47,118.74,117.82,118.48,61850.525,1755295199999,7320567.21473,18261,29256.483,3463076.76668
1755295200000,118.49,119.71,118.26,119.68,69857.446,1755298799999,8315383.17032,21381,38034.459,4526189.15551
1755298800000,119.68,119.80,118.47,119.06,69245.413,1755302399999,8240000.99214,19985,28919.425,3440582.82834
1755302400000,119.06,120.77,118.90,120.62,172773.112,1755305999999,20742634.77950,31338,100742.182,12088507.79664
1755306000000,120.63,120.65,119.71,120.06,66159.123,1755309599999,7945404.34823,17705,27321.037,3281545.31001
1755309600000,120.05,120.20,119.64,119.80,39783.860,1755313199999,4770676.06835,13236,16187.374,1941247.43488
1755313200000,119.79,120.27,119.67,119.79,30741.334,1755316799999,3688406.99992,10848,14021.811,1682968.16148
1755316800000,119.79,120.32,119.58,120.22,35208.868,1755320399999,4225582.48533,12112,20795.756,2496620.43320
1755320400000,120.21,120.22,118.70,118.83,84599.962,1755323999999,10088531.68250,17667,30314.717,3615245.09131
1755324000000,118.82,119.13,118.06,118.08,117759.058,1755327599999,13964161.36263,22639,49451.112,5864212.89674
1755327600000,118.08,118.91,117.94,118.72,97102.031,1755331199999,11501417.61230,20933,47987.003,5684605.64367
1755331200000,118.72,118.85,118.29,118.33,54822.084,1755334799999,6500992.28522,16006,28102.578,3332462.47806
1755334800000,118.33,119.03,118.19,118.23,64389.640,1755338399999,7635996.86674,19014,31045.326,3682174.26937
1755338400000,118.23,118.82,117.84,118.07,82159.676,1755341999999,9724653.01988,23477,34685.323,4105455.94437
1755342000000,118.07,118.67,117.09,117.23,183501.521,1755345599999,21600706.70640,26086,86387.056,10169749.61467
1755345600000,117.24,118.39,117.13,118.36,79931.460,1755349199999,9411919.55504,18530,42673.195,5023478.59243
1755349200000,118.35,118.83,117.62,117.90,105360.799,1755352799999,12471958.78933,21184,55368.154,6553836.65273
1755352800000,117.91,118.98,117.80,118.77,84708.573,1755356399999,10035989.55401,19122,44108.064,5224251.80296
1755356400000,118.75,119.31,118.25,118.82,77939.604,1755359999999,9266719.15927,19878,31858.556,3788266.25626
1755360000000,118.82,119.25,118.68,118.92,86457.403,1755363599999,10284197.31039,20967,42810.532,5093078.34895
1755363600000,118.91,119.42,118.76,119.29,46742.890,1755367199999,5565811.98235,15158,21396.219,2547924.89331
1755367200000,119.28,120.49,119.12,120.38,94516.172,1755370799999,11333255.58193,20682,54115.057,6490842.91265
1755370800000,120.38,120.50,119.68,119.87,90358.198,1755374399999,10851855.33892,19093,41141.657,4941299.73952
1755374400000,119.87,120.24,119.76,120.10,41871.315,1755377999999,5023173.82646,13396,15406.433,1848503.50644
1755378000000,120.10,120.10,119.39,119.75,49975.585,1755381599999,5981219.61917,12734,25011.538,2994244.56144
1755381600000,119.75,120.67,119.57,120.55,50918.934,1755385199999,6116837.32369,15592,26182.982,3146170.93903
1755385200000,120.55,121.01,120.21,120.97,54909.707,1755388799999,6621797.66724,15234,26246.170,3166336.17524
1755388800000,120.98,120.98,119.85,120.16,58584.463,1755392399999,7043471.66565,15343,22224.457,2671474.77512
1755392400000,120.16,120.38,119.68,120.01,50536.312,1755395999999,6062319.96913,16402,28628.946,3434904.64816
1755396000000,120.01,120.72,119.71,120.58,52551.955,1755399599999,6324784.97550,16107,26769.817,3221780.25612
1755399600000,120.57,120.81,120.17,120.56,45607.324,1755403199999,5496065.74944,12964,22406.154,2700176.67058
1755403200000,120.56,121.75,120.56,121.69,81700.283,1755406799999,9906057.69089,20123,48330.031,5859660.45634
1755406800000,121.68,121.88,121.11,121.59,67791.451,1755410399999,8235987.05214,15577,33557.875,4077184.33366
1755410400000,121.58,121.97,121.25,121.28,62323.382,1755413999999,7578945.04813,14488,25003.696,3040942.85628
1755414000000,121.28,123.14,121.16,122.90,106779.987,1755417599999,13075638.49215,22805,55038.583,6738898.07298
1755417600000,122.90,122.96,121.82,122.21,127357.970,1755421199999,15559316.67513,28774,58510.476,7145370.87268
1755421200000,122.21,122.29,121.60,122.16,81088.018,1755424799999,9891287.17631,20937,41028.253,5005767.54998
1755424800000,122.16,122.39,121.55,121.94,74805.449,1755428399999,9117511.80260,16340,32156.738,3919658.12797
1755428400000,121.94,122.46,121.65,122.36,67686.212,1755431999999,8259782.72577,14817,35028.461,4275382.42487
1755432000000,122.35,122.45,121.71,121.81,57939.229,1755435599999,7072522.99616,15963,25643.939,3130251.01593
1755435600000,121.81,122.08,121.59,121.82,90469.619,1755439199999,11023662.23762,18638,38646.665,4709166.70871
1755439200000,121.82,121.85,120.67,121.61,159120.477,1755442799999,19295428.32725,27005,68836.066,8349409.60301
1755442800000,121.61,122.31,121.47,122.29,96866.356,1755446399999,11809279.46594,19510,36807.954,4488031.16858
1755446400000,122.29,122.97,120.87,121.03,234967.713,1755449999999,28624667.38100,41766,93814.314,11429785.87655
1755450000000,121.02,121.95,120.91,121.79,70868.452,1755453599999,8603622.78001,16559,37243.489,4520789.61620
1755453600000,121.79,122.20,120.38,121.39,134765.808,1755457199999,16336471.17200,22338,51513.678,6246080.95126
1755457200000,121.40,121.68,120.45,120.64,94657.065,1755460799999,11451523.41412,19668,38100.071,4610882.90439
1755460800000,120.64,121.29,120.58,120.82,45740.508,1755464399999,5532918.40579,11841,21838.365,2641932.78169
1755464400000,120.82,120.95,120.51,120.56,34024.409,1755467999999,4108820.13931,10505,15933.457,1924256.24453
1755468000000,120.55,121.67,120.50,121.57,59081.218,1755471599999,7159575.98109,15782,32147.263,3895924.69322
1755471600000,121.57,121.65,120.58,120.67,47137.856,1755475199999,5707546.58432,12891,20476.277,2479014.11297
1755475200000,120.67,120.89,119.55,120.35,136346.145,1755478799999,16395400.97851,28197,52842.270,6358006.47133
1755478800000,120.35,120.52,118.67,118.89,208268.858,1755482399999,24859109.33799,42583,84630.380,10102181.63835
1755482400000,118.89,119.03,115.81,115.90,419147.667,1755485999999,49143148.39185,76589,167704.448,19679593.88416
1755486000000,115.89,116.70,115.25,116.48,200080.785,1755489599999,23203202.53439,42563,98378.873,11411992.83309
1755489600000,116.47,116.94,115.45,116.85,128086.754,1755493199999,14894883.42544,25957,65272.287,7593223.76249
1755493200000,116.85,117.26,115.96,117.13,122127.208,1755496799999,14256310.32068,26824,66750.481,7791919.71990
1755496800000,117.14,117.19,115.30,115.97,164349.133,1755500399999,19085374.69414,34084,69206.877,8035131.57902
1755500400000,115.96,116.38,115.42,116.03,93503.450,1755503999999,10842859.22613,21334,52415.267,6078649.90959
1755504000000,116.03,116.36,115.57,115.59,65263.787,1755507599999,7570923.07253,19061,31178.045,3617333.53444
1755507600000,115.58,116.87,115.21,116.71,155037.277,1755511199999,17973394.04053,31499,80225.894,9302136.04048
1755511200000,116.71,116.99,116.27,116.46,100296.413,1755514799999,11696796.31624,20629,53688.177,6261287.74481
1755514800000,116.46,116.71,116.14,116.32,51409.563,1755518399999,5987859.83688,15354,30076.978,3503196.65278
1755518400000,116.31,117.56,116.18,117.51,110973.545,1755521999999,12984711.87415,24916,66636.113,7798798.58351
1755522000000,117.51,118.43,117.03,117.06,205994.431,1755525599999,24256322.30923,43276,88435.066,10414718.03312
1755525600000,117.06,118.36,116.86,118.04,121787.214,1755529199999,14333493.58835,34771,57025.086,6709677.01623
1755529200000,118.05,118.33,117.24,118.01,103304.920,1755532799999,12163132.61708,26720,51613.456,6076566.24463
1755532800000,118.00,118.38,116.58,117.04,149262.419,1755536399999,17512685.14847,31908,74446.830,8735730.60403
1755536400000,117.04,118.41,117.03,117.81,142078.370,1755539999999,16758155.40064,31258,65354.300,7709047.53301
1755540000000,117.81,118.30,117.34,118.29,67968.284,1755543599999,8009898.48762,19697,37120.617,4374210.56191
1755543600000,118.29,118.76,117.73,117.81,93968.763,1755547199999,11109894.82406,21797,39865.111,4714731.21124
1755547200000,117.81,118.05,117.07,117.57,67789.333,1755550799999,7972301.25547,17550,32404.361,3810769.76529
1755550800000,117.56,118.29,117.45,118.15,43210.520,1755554399999,5094859.12975,13297,24279.034,2862885.40563
1755554400000,118.16,119.06,118.12,118.22,80395.515,1755557999999,9542797.69170,19608,37133.264,4407387.90204
1755558000000,118.22,118.33,117.26,117.69,55662.824,1755561599999,6554394.74922,13765,27272.528,3211590.70805
1755561600000,117.69,118.82,116.73,118.77,123527.194,1755565199999,14548584.93644,30324,58172.842,6856405.13599
1755565200000,118.76,119.00,116.74,116.90,86445.517,1755568799999,10184199.81323,23393,38455.807,4529100.62527
1755568800000,116.89,117.04,116.21,116.25,90489.722,1755572399999,10557470.51627,25122,40379.609,4711996.99886
1755572400000,116.25,116.63,115.02,115.43,204553.196,1755575999999,23696421.88228,37280,96174.458,11146688.18999
1755576000000,115.42,117.14,114.61,116.99,227512.052,1755579599999,26288691.88545,40039,108974.143,12597132.76633
1755579600000,116.99,117.35,116.08,116.62,154383.631,1755583199999,18013804.28888,26550,75835.690,8846334.21738
1755583200000,116.62,116.75,115.60,115.64,83381.957,1755586799999,9683799.06207,19521,40518.171,4705474.42175
1755586800000,115.65,115.71,113.36,114.97,291965.980,1755590399999,33407636.26422,43636,128455.854,14693115.18222
1755590400000,114.97,115.23,114.22,115.04,165575.944,1755593999999,18989724.55187,30055,82691.020,9484825.91550
1755594000000,115.03,115.77,114.70,115.65,110956.766,1755597599999,12805549.65650,32762,51192.752,5907825.29801
1755597600000,115.65,116.28,115.43,115.71,89824.297,1755601199999,10409168.68706,26841,42242.467,4895718.91043
1755601200000,115.71,116.30,115.62,116.13,68158.715,1755604799999,7904816.46379,21414,31855.690,3695367.09218
1755604800000,116.14,116.19,115.50,115.89,56031.392,1755608399999,6489905.44723,15386,22605.027,2618453.75192
1755608400000,115.88,116.69,115.01,115.79,173551.453,1755611999999,20088527.41929,35605,86236.964,9982147.47504
1755612000000,115.79,116.17,113.14,113.77,307187.315,1755615599999,35083389.12845,54959,136717.579,15609239.72494
1755615600000,113.77,115.04,113.28,114.10,153377.634,1755619199999,17521620.27531,32411,78524.352,8970942.72129
1755619200000,114.10,114.48,113.34,113.84,151076.484,1755622799999,17202806.63249,34494,72520.535,8259264.93377
1755622800000,113.85,114.18,112.79,114.02,136185.330,1755626399999,15464978.92086,30099,68124.071,7741785.69160
1755626400000,114.02,114.13,112.45,112.87,97375.480,1755629999999,11020507.08579,22016,42107.754,4768364.66926
1755630000000,112.86,113.95,112.18,113.03,270396.999,1755633599999,30565469.99972,37814,141443.922,15984033.44278
1755633600000,113.03,114.47,112.69,114.47,96418.789,1755637199999,10954438.16380,19916,53500.611,6078558.64055
1755637200000,114.47,115.47,114.31,114.71,108218.596,1755640799999,12421079.29678,23349,46140.278,5297103.76556
1755640800000,114.71,114.77,113.81,113.94,64481.791,1755644399999,7362730.50942,18565,26326.153,3005287.44956
1755644400000,113.94,114.02,112.28,112.59,162092.858,1755647999999,18319716.69247,28379,60495.672,6833618.29257
1755648000000,112.60,114.01,112.57,113.58,124884.368,1755651599999,14179385.05191,27332,67890.997,7707127.21726
1755651600000,113.57,113.92,112.37,113.76,107914.395,1755655199999,12210182.67104,27820,51165.145,5786653.70701
1755655200000,113.76,114.43,113.56,113.72,95205.245,1755658799999,10853002.64824,22875,43583.111,4969032.81896
1755658800000,113.73,114.32,113.37,113.60,80972.198,1755662399999,9215351.01023,18199,38847.215,4420912.92020
1755662400000,113.61,114.52,113.58,114.07,65869.714,1755665999999,7520934.81791,14120,34920.593,3987211.82246
1755666000000,114.07,114.25,113.57,114.17,43564.054,1755669599999,4961680.42743,12377,20758.216,2364578.20013
1755669600000,114.17,114.33,113.56,114.04,37278.638,1755673199999,4249127.00527,12539,17828.162,2031909.32793
1755673200000,114.04,114.60,113.80,113.86,72315.402,1755676799999,8261556.76974,16011,35736.590,4083942.77162
1755676800000,113.87,115.32,113.76,115.23,134285.377,1755680399999,15419668.53505,25386,76189.451,8749101.13604
1755680400000,115.24,115.40,114.46,114.53,134306.618,1755683999999,15445521.15854,24791,72663.519,8356830.91782
1755684000000,114.52,115.19,114.31,115.11,74755.214,1755687599999,8579494.15004,18482,42501.751,4878432.12264
1755687600000,115.11,115.20,113.37,114.69,139082.937,1755691199999,15879453.63620,24518,55945.815,6384808.69567
1755691200000,114.69,115.47,114.27,114.99,141391.097,1755694799999,16243666.45803,25006,72295.593,8304569.74730
1755694800000,115.00,115.00,112.75,113.04,210055.501,1755698399999,23898665.20345,44095,83131.802,9455882.06080
1755698400000,113.04,114.86,112.00,114.01,391244.155,1755701999999,44276733.85014,72416,159313.003,18039052.85872
1755702000000,114.01,115.98,113.86,114.89,244648.335,1755705599999,28209806.08614,44761,115659.143,13332477.98585
1755705600000,114.89,116.53,114.89,115.60,176877.333,1755709199999,20504839.05783,31860,96599.352,11197965.95521
1755709200000,115.60,116.58,115.45,116.22,118549.528,1755712799999,13752791.74379,23035,65375.703,7586787.78759
1755712800000,116.23,116.34,114.36,115.29,171052.375,1755716399999,19678471.81850,26893,80088.477,9212123.16659
1755716400000,115.30,117.03,115.24,116.98,89438.206,1755719999999,10410074.74524,20574,43316.841,5041266.14132
1755720000000,116.98,117.05,116.56,116.70,61322.226,1755723599999,7162959.96147,16291,24218.902,2829162.05153
1755723600000,116.70,116.87,116.04,116.58,71474.486,1755727199999,8327297.60144,15810,32101.349,3741652.75940
1755727200000,116.58,116.87,116.08,116.60,61305.090,1755730799999,7137279.26544,16141,30163.399,3512303.64795
1755730800000,116.59,116.59,115.87,116.01,42808.558,1755734399999,4972352.49896,12368,20316.509,2360091.96566
1755734400000,116.01,116.45,115.50,116.31,74808.561,1755737999999,8676052.94548,17426,43007.607,4989720.00814
1755738000000,116.31,116.95,115.83,116.91,65439.557,1755741599999,7617225.98977,18924,39326.034,4577433.60918
1755741600000,116.91,117.14,115.47,116.16,102362.056,1755745199999,11887655.67682,21665,51478.275,5975704.53714
1755745200000,116.15,117.27,115.97,116.00,74396.751,1755748799999,8671684.27529,20049,32608.950,3800026.22462
1755748800000,115.99,116.39,115.77,115.98,78936.419,1755752399999,9164686.96826,17354,34051.517,3953507.03610
1755752400000,115.98,116.30,115.49,116.30,64841.308,1755755999999,7510577.95072,13398,30762.625,3563636.97807
1755756000000,116.31,116.32,115.51,115.74,47813.767,1755759599999,5532597.05602,11457,18660.414,2159288.50767
1755759600000,115.74,116.09,115.04,116.04,73189.711,1755763199999,8460355.47165,15297,39670.639,4588217.65397
1755763200000,116.05,116.30,115.19,115.21,61763.686,1755766799999,7146813.33562,14903,33282.505,3852286.05380
1755766800000,115.20,115.58,114.77,115.25,74233.813,1755770399999,8547138.24275,14203,32877.912,3786143.10808
1755770400000,115.24,115.38,114.96,115.08,32082.907,1755773999999,3695050.04720,11743,15010.787,1728830.74318
1755774000000,115.09,115.28,114.47,114.66,63749.328,1755777599999,7317797.34399,14838,28872.434,3315046.45898
1755777600000,114.65,115.19,114.23,114.54,94045.626,1755781199999,10786953.70060,21935,41477.032,4757359.36991
1755781200000,114.53,115.64,114.20,114.65,136472.956,1755784799999,15690010.78840,28496,63879.589,7345519.06230
1755784800000,114.65,116.10,114.45,115.09,142929.653,1755788399999,16475735.67475,32414,72071.929,8306991.91506
1755788400000,115.10,115.31,113.92,114.09,132596.689,1755791999999,15189956.23009,26815,68488.564,7846893.43092
1755792000000,114.09,114.79,113.56,113.66,112419.644,1755795599999,12820733.22459,22955,54256.791,6187129.78582
1755795600000,113.66,114.72,113.40,114.71,80455.415,1755799199999,9174594.19381,18618,38946.589,4441652.43434
1755799200000,114.71,115.22,114.33,115.08,63983.526,1755802799999,7346929.90374,16147,31108.348,3572340.61830
1755802800000,115.07,115.39,114.27,114.59,62237.481,1755806399999,7140694.89906,15915,25694.780,2949618.32897
1755806400000,114.59,115.45,114.33,115.02,66793.402,1755809999999,7675999.81050,17775,30515.663,3507147.44437
1755810000000,115.03,115.59,114.38,115.20,55456.880,1755813599999,6381472.81334,17267,30081.084,3461741.51602
1755813600000,115.21,115.31,114.76,115.16,28135.391,1755817199999,3238263.07435,10575,11483.393,1321645.46235
1755817200000,115.16,115.16,114.20,114.69,41045.845,1755820799999,4703919.94648,11506,17502.206,2004847.77195
1755820800000,114.69,115.38,114.55,114.75,50044.086,1755824399999,5756864.27361,15056,21472.432,2470081.96906
1755824400000,114.74,115.29,114.17,115.17,53683.085,1755827999999,6165153.61131,15172,27022.064,3102892.72382
1755828000000,115.17,116.36,115.01,116.10,126075.850,1755831599999,14613449.05348,23821,79168.345,9177708.82333
1755831600000,116.10,116.48,115.30,115.50,66636.641,1755835199999,7717514.35646,18184,29236.101,3387418.82249
1755835200000,115.51,116.43,115.51,115.96,61555.001,1755838799999,7140372.07315,16348,29020.696,3365730.64841
1755838800000,115.96,116.36,115.69,116.02,52649.899,1755842399999,6110569.37372,16132,24077.898,2794384.03826
1755842400000,116.02,116.46,115.53,115.75,66178.931,1755845999999,7675875.34321,18191,33928.189,3934291.71832
1755846000000,115.76,116.67,115.68,116.26,61947.927,1755849599999,7210286.21002,17431,31326.536,3646710.14085
1755849600000,116.26,116.79,116.01,116.19,76024.625,1755853199999,8853011.51217,19591,38008.412,4426035.88548
1755853200000,116.19,116.30,115.63,116.17,46413.713,1755856799999,5385234.70472,15241,23917.011,2774961.50817
1755856800000,116.17,116.18,114.95,115.05,80165.690,1755860399999,9247550.55740,17556,36088.530,4164228.08866
1755860400000,115.06,115.16,114.20,114.29,84704.147,1755863999999,9709571.78366,19918,35692.658,4091877.14139
1755864000000,114.29,114.38,112.44,113.70,300757.104,1755867599999,34113651.85961,51646,131225.756,14881961.45719
1755867600000,113.70,115.16,113.22,114.16,200550.858,1755871199999,22906501.32989,44344,93448.168,10672775.53053
1755871200000,114.15,119.76,114.14,119.04,984647.022,1755874799999,116101525.00042,175581,467303.874,55100967.17401
1755874800000,119.03,120.48,119.02,119.42,246294.183,1755878399999,29519176.33527,45143,111570.266,13374691.62742
1755878400000,119.42,121.72,119.42,121.01,257171.697,1755881999999,31104525.30203,57042,137882.235,16672978.33402
1755882000000,121.01,122.77,121.01,122.04,231324.790,1755885599999,28240658.81347,45903,107002.435,13063427.82768
1755885600000,122.05,122.79,121.89,122.46,115067.146,1755889199999,14079168.63050,24710,49840.433,6098233.15424
1755889200000,122.46,122.80,122.21,122.49,72937.873,1755892799999,8935288.29268,19003,34752.398,4257714.48578
1755892800000,122.50,123.30,122.41,123.30,90114.573,1755896399999,11073442.42689,21343,51427.518,6320240.45381
1755896400000,123.30,123.65,122.93,123.06,116770.363,1755899999999,14399027.76130,24451,52728.655,6503889.54264
1755900000000,123.05,123.35,122.32,122.49,111245.083,1755903599999,13660813.34578,22573,44074.617,5412498.30560
1755903600000,122.49,123.42,122.42,122.97,75342.807,1755907199999,9259390.62171,17805,37922.399,4660874.97561
1755907200000,122.97,123.36,122.61,122.61,65233.618,1755910799999,8019497.32578,16258,30625.662,3765475.87361
1755910800000,122.60,123.09,121.19,121.83,167353.142,1755914399999,20397008.22771,28067,74542.822,9086849.85940
1755914400000,121.84,122.03,119.78,120.83,162932.217,1755917999999,19651733.40023,31548,81085.802,9775404.14961
1755918000000,120.83,121.17,120.05,120.20,102914.377,1755921599999,12410792.63708,20708,43877.189,5290095.07537
1755921600000,120.21,121.52,120.20,121.50,77560.114,1755925199999,9382516.67571,18285,38733.558,4685335.25064
1755925200000,121.50,122.63,121.27,122.38,105824.268,1755928799999,12908916.91388,23395,56686.840,6913774.95923
1755928800000,122.39,122.62,121.86,122.44,60763.338,1755932399999,7428566.84729,17357,29411.511,3596374.35166
1755932400000,122.44,122.75,121.65,121.76,74084.539,1755935999999,9047741.42122,19198,34940.384,4268676.63206
1755936000000,121.76,122.12,121.38,121.90,74908.495,1755939599999,9125066.09628,18074,39880.556,4857916.14099
1755939600000,121.89,121.99,121.41,121.73,58365.263,1755943199999,7102143.75151,15662,27127.421,3301284.12869
1755943200000,121.73,121.89,121.29,121.37,38378.515,1755946799999,4663457.65838,13746,16245.218,1974009.15364
1755946800000,121.38,121.68,121.07,121.26,47220.063,1755950399999,5732570.82215,13430,24150.168,2932346.31725
1755950400000,121.27,121.79,120.83,121.18,68065.375,1755953999999,8258990.53648,18279,34758.731,4218501.52809
1755954000000,121.18,121.63,120.70,120.89,97625.472,1755957599999,11826330.91743,20729,48745.089,5904594.50463
1755957600000,120.89,121.40,120.45,120.55,78491.406,1755961199999,9485616.60944,20842,38644.451,4671162.96520
1755961200000,120.54,121.14,120.52,120.86,52723.171,1755964799999,6370823.39308,15076,27270.528,3295252.97377
1755964800000,120.87,121.02,120.37,120.90,54066.534,1755968399999,6524557.42634,14219,28034.809,3383536.12128
1755968400000,120.89,121.35,120.86,121.20,41202.217,1755971999999,4992579.08855,10448,21965.587,2661549.64964
1755972000000,121.19,121.27,120.63,120.79,28745.962,1755975599999,3474769.65995,8532,12495.160,1509946.00441
1755975600000,120.78,121.16,120.72,121.08,21773.919,1755979199999,2632591.84076,8478,11884.230,1436882.43596
1755979200000,121.07,121.20,120.70,121.01,26723.237,1755982799999,3233519.60541,9323,13637.513,1650293.13035
1755982800000,121.00,121.01,120.61,120.77,32209.320,1755986399999,3888988.50159,9692,15532.718,1875464.39512
1755986400000,120.77,121.61,120.71,121.55,42902.432,1755989999999,5195116.54294,11794,25306.114,3064589.19867
1755990000000,121.54,121.63,121.25,121.44,38757.457,1755993599999,4706712.48194,8327,18264.864,2218224.55366
1755993600000,121.44,122.12,121.42,121.82,59474.915,1755997199999,7243970.28198,13999,35329.970,4302796.24541
1755997200000,121.83,121.88,121.27,121.49,47002.079,1756000799999,5715220.04289,13074,20638.071,2509670.59500
1756000800000,121.48,121.73,120.94,121.06,57949.462,1756004399999,7033108.82227,15490,27224.574,3304904.44025
1756004400000,121.05,121.28,120.55,121.16,50816.674,1756007999999,6139368.68104,13203,22680.157,2739730.41221
1756008000000,121.16,121.79,120.89,121.79,41557.872,1756011599999,5044435.82297,12551,24210.332,2939198.99485
1756011600000,121.78,121.80,121.17,121.32,28971.627,1756015199999,3517880.97916,9320,12072.075,1466028.18841
1756015200000,121.32,121.33,120.01,120.16,95972.736,1756018799999,11570356.92879,16034,39942.523,4817151.92863
1756018800000,120.15,120.51,119.43,119.49,98038.237,1756022399999,11760358.25661,17596,39167.668,4700809.50427
1756022400000,119.49,120.05,119.32,119.83,69867.268,1756025999999,8364072.90980,17091,36064.679,4318949.88819
1756026000000,119.82,120.10,119.42,119.88,73731.622,1756029599999,8832881.81354,16394,38331.598,4592142.47188
1756029600000,119.88,120.10,118.66,118.87,127547.625,1756033199999,15194127.65842,23484,54593.528,6503718.72168
1756033200000,118.86,119.23,118.26,118.49,104904.646,1756036799999,12442924.79863,21622,45414.968,5388385.02152
1756036800000,118.49,118.97,118.33,118.91,66284.647,1756040399999,7867354.93493,16809,29290.254,3476392.98814
1756040400000,118.91,119.42,118.83,118.98,65572.512,1756043999999,7811178.65336,17308,32015.941,3813869.80230
1756044000000,118.99,119.66,118.63,119.50,78768.210,1756047599999,9383311.94099,18690,37488.864,4466089.84446
1756047600000,119.50,120.37,119.13,119.29,90068.317,1756051199999,10789944.83991,21569,35232.833,4220041.23191
1756051200000,119.29,120.05,119.23,119.88,59419.489,1756054799999,7105752.55219,14976,30622.404,3662304.94547
1756054800000,119.88,121.86,119.86,121.56,142884.764,1756058399999,17285275.04820,26996,71794.844,8683662.59964
1756058400000,121.55,123.80,121.39,123.69,203422.432,1756061999999,24998070.22113,43033,96829.046,11900060.92028
1756062000000,123.69,124.76,118.77,120.71,830869.094,1756065599999,100778087.76473,130813,402832.528,48851385.80019
1756065600000,120.72,120.82,118.50,118.81,412029.926,1756069199999,49294817.11991,76657,189598.499,22690604.52112
1756069200000,118.81,119.60,118.10,118.51,226852.410,1756072799999,26951054.42764,43744,103796.077,12332913.92382
1756072800000,118.52,118.72,117.01,118.55,157517.670,1756076399999,18571030.46735,34302,76639.415,9039448.68623
1756076400000,118.57,119.11,118.07,118.18,76738.041,1756079999999,9105069.50731,20049,31087.710,3689023.21780
1756080000000,118.19,118.51,115.49,116.20,244129.220,1756083599999,28500071.57252,41924,105518.994,12321835.83367
1756083600000,116.20,117.66,116.17,117.23,145085.774,1756087199999,16983129.00911,30338,75785.876,8870570.23442
1756087200000,117.22,118.50,117.17,118.38,107209.651,1756090799999,12644781.66104,27222,54642.289,6443685.42209
1756090800000,118.36,118.61,117.16,117.32,108609.957,1756094399999,12816846.01412,21463,49460.239,5838541.22392
1756094400000,117.33,117.52,116.02,116.19,140717.163,1756097999999,16406390.29121,27136,72479.768,8450317.18005
1756098000000,116.20,116.45,114.78,114.98,164333.622,1756101599999,18999293.61199,27970,73889.041,8548131.11642
1756101600000,114.98,115.09,113.54,113.70,239520.831,1756105199999,27383813.23799,45713,108149.959,12370267.46761
1756105200000,113.71,114.17,112.00,112.47,326691.054,1756108799999,36923747.40245,53068,139997.548,15833778.90441
1756108800000,112.48,112.92,111.69,112.61,232805.885,1756112399999,26152893.05076,41519,111410.404,12518203.19688
1756112400000,112.60,112.75,112.01,112.64,120690.578,1756115999999,13569937.90004,27276,59008.206,6634570.27165
1756116000000,112.65,112.65,110.43,110.80,353918.679,1756119599999,39372642.98366,50607,141035.174,15688931.14420
1756119600000,110.81,111.46,110.57,111.42,115999.799,1756123199999,12875612.02514,23048,53491.397,5937126.58326
1756123200000,111.42,112.19,110.91,112.16,149566.971,1756126799999,16684665.79769,28143,65018.772,7254060.61098
1756126800000,112.15,112.15,110.60,111.51,231682.573,1756130399999,25817549.70320,41540,92813.868,10341385.81093
1756130400000,111.52,112.60,111.28,112.18,185033.534,1756133999999,20748408.04535,36345,84061.036,9424310.87500
1756134000000,112.18,112.54,111.49,111.64,100551.287,1756137599999,11263149.95505,25133,50249.231,5628508.73410
1756137600000,111.65,112.60,111.12,111.95,109850.008,1756141199999,12308156.91094,26949,51726.085,5795943.14755
1756141200000,111.95,112.16,111.36,111.68,119964.239,1756144799999,13413964.87559,25119,55869.563,6245825.83532
1756144800000,111.68,111.82,111.04,111.21,100106.896,1756148399999,11156857.02988,19356,38275.746,4265521.93768
1756148400000,111.21,111.49,109.06,109.27,280071.460,1756151999999,30862343.73090,45556,118203.056,13027716.65734
1756152000000,109.27,109.75,107.21,107.25,555525.693,1756155599999,60235163.92285,91006,250480.087,27170181.27039
1756155600000,107.26,108.05,106.65,107.33,259822.639,1756159199999,27931648.91977,55171,127564.162,13713337.97100
1756159200000,107.33,108.76,107.29,108.42,120278.491,1756162799999,12991328.60053,27264,64364.857,6954126.43070
1756162800000,108.42,109.50,108.16,109.08,123759.869,1756166399999,13480030.15852,26131,61807.770,6732303.01746
1756166400000,109.09,110.19,108.72,109.47,202602.193,1756169999999,22185466.28001,46135,104726.544,11466623.83766
1756170000000,109.47,110.04,109.17,109.93,91482.270,1756173599999,10038021.22768,24352,45778.865,5024122.65465
1756173600000,109.93,110.22,109.38,109.59,75383.820,1756177199999,8279433.64847,21072,39557.613,4344731.52061
1756177200000,109.59,110.30,109.29,110.01,64341.992,1756180799999,7069298.31111,19356,30969.745,3403354.68126
1756180800000,110.01,110.58,109.87,110.22,66976.108,1756184399999,7385035.58264,17151,39336.347,4338112.09363
1756184400000,110.23,110.88,110.20,110.70,76844.559,1756187999999,8496330.07702,15064,36813.275,4069623.21157
1756188000000,110.70,111.31,109.94,110.12,111484.403,1756191599999,12332866.71019,22750,49488.240,5473943.74587
1756191600000,110.12,111.24,109.84,110.55,94278.259,1756195199999,10417097.98085,21863,47296.654,5228481.75151
1756195200000,110.56,110.78,110.01,110.33,62815.645,1756198799999,6931526.01264,15071,30208.738,3333886.80860
1756198800000,110.33,110.66,110.04,110.29,32684.404,1756202399999,3605916.02782,11827,16817.523,1855804.63323
1756202400000,110.29,110.87,110.22,110.65,47354.005,1756205999999,5235033.33642,12971,24198.072,2674855.42098
1756206000000,110.64,110.75,109.93,110.54,58432.200,1756209599999,6445351.10555,14092,25534.171,2816991.94988
1756209600000,110.54,112.44,109.98,111.85,225171.182,1756213199999,25104111.40696,38606,111195.654,12393997.01746
1756213200000,111.85,112.05,110.42,111.80,198567.097,1756216799999,22108588.50931,40569,94305.114,10499563.10066
1756216800000,111.80,112.56,111.18,112.34,118235.812,1756220399999,13236196.52123,28606,63770.043,7139338.78272
1756220400000,112.34,112.65,111.68,111.95,110213.765,1756223999999,12350254.38950,23445,51758.756,5799210.89411
1756224000000,111.95,113.28,111.76,113.24,116940.957,1756227599999,13169966.32120,22947,60757.515,6843046.04812
1756227600000,113.23,113.80,112.36,112.86,127925.565,1756231199999,14470350.50416,24786,57622.047,6516751.35705
1756231200000,112.86,113.73,112.60,113.67,69713.082,1756234799999,7888063.74260,16054,38782.887,4386889.25291
1756234800000,113.67,114.58,113.22,114.47,105733.284,1756238399999,12053740.97578,23090,59069.859,6737164.72978
1756238400000,114.46,114.74,113.47,113.56,139265.050,1756241999999,15896738.55842,24101,56452.191,6443899.86172
1756242000000,113.56,113.71,112.95,113.68,87611.001,1756245599999,9918248.24511,18918,44845.476,5077094.27664
1756245600000,113.67,113.81,113.15,113.54,53213.940,1756249199999,6035784.91479,15365,24147.165,2739024.05986
1756249200000,113.54,114.02,113.27,113.43,57854.415,1756252799999,6570193.85780,16111,28130.635,3195554.20351
1756252800000,113.43,113.46,112.84,113.19,59495.708,1756256399999,6732309.27158,16275,24125.389,2730189.19434
1756256400000,113.19,113.43,112.71,113.36,65517.724,1756259999999,7407001.63803,15969,35058.830,3965517.40670
1756260000000,113.36,113.80,112.89,113.64,48007.773,1756263599999,5446074.34737,14140,20544.719,2330588.54175
1756263600000,113.64,114.58,113.18,114.27,74752.272,1756267199999,8518960.50920,17809,31623.864,3603824.93295
1756267200000,114.28,115.32,114.04,115.23,126343.276,1756270799999,14508995.05868,25887,71496.021,8213207.80398
1756270800000,115.22,116.25,113.40,113.95,354774.544,1756274399999,40704157.79412,45542,160107.651,18369735.79268
1756274400000,113.96,113.97,113.07,113.09,89668.212,1756277999999,10173249.36216,18063,43752.291,4963555.97599
1756278000000,113.09,113.28,112.61,112.95,102343.304,1756281599999,11556943.97421,18786,44384.219,5012886.07747
1756281600000,112.96,113.19,112.13,112.80,138721.040,1756285199999,15609053.88594,22835,58053.508,6533011.04788
1756285200000,112.79,113.33,112.55,112.59,76499.256,1756288799999,8640780.53394,15617,42706.956,4823996.32153
1756288800000,112.59,113.14,112.43,112.92,105196.212,1756292399999,11862666.06113,17415,57502.490,6484281.21127
1756292400000,112.91,113.35,112.90,112.97,53771.687,1756295999999,6084558.59222,14102,22776.173,2577222.06194
1756296000000,112.96,113.51,112.75,113.43,68852.409,1756299599999,7790549.09155,19519,31747.821,3592411.07621
1756299600000,113.43,113.93,112.58,112.95,106082.833,1756303199999,12009832.29398,25133,54367.876,6156465.46783
1756303200000,112.95,114.52,112.72,113.53,189085.709,1756306799999,21522160.33560,30666,70255.475,7996876.04146
1756306800000,113.54,114.14,113.24,113.65,106147.272,1756310399999,12056071.07281,21048,50688.976,5758085.43577
1756310400000,113.66,113.76,112.96,113.65,70150.700,1756313999999,7951001.25943,16972,33329.323,3777711.82675
1756314000000,113.65,114.21,113.23,114.02,52578.995,1756317599999,5979286.38177,15146,26960.720,3065648.81616
1756317600000,114.01,114.31,113.36,113.38,45913.074,1756321199999,5228762.73623,14719,21237.573,2419072.82781
1756321200000,113.38,113.55,112.55,113.13,87800.486,1756324799999,9930642.48934,19889,39861.217,4508329.81607
1756324800000,113.13,114.04,112.22,113.80,334764.877,1756328399999,37898695.70364,57034,169146.479,19149182.31255
1756328400000,113.80,114.26,112.80,113.00,70500.574,1756331999999,8006852.78329,18838,34176.368,3882340.94259
1756332000000,113.00,113.14,112.20,112.71,76316.883,1756335599999,8599831.52112,17895,33267.699,3747774.19136
1756335600000,112.70,112.89,111.89,112.14,75179.172,1756339199999,8443194.08006,15542,31094.472,3493738.21075
1756339200000,112.14,112.57,111.25,112.17,105980.085,1756342799999,11858854.04046,24044,49160.642,5503265.34198
1756342800000,112.16,112.97,112.16,112.61,51658.762,1756346399999,5817216.65570,16851,23688.357,2667190.01095
1756346400000,112.61,112.77,112.18,112.28,26654.776,1756349999999,2997743.93186,13362,12007.930,1350622.96824
1756350000000,112.29,113.10,112.19,112.88,41761.217,1756353599999,4711630.67414,12803,22690.569,2561049.95603
1756353600000,112.88,114.06,112.68,113.93,82115.072,1756357199999,9317950.76829,19983,45204.830,5133263.68994
1756357200000,113.93,114.19,113.27,113.45,82242.566,1756360799999,9352641.69973,17639,34919.569,3970754.44699
1756360800000,113.45,113.66,113.11,113.64,49360.440,1756364399999,5598429.46060,12404,23759.508,2695012.83123
1756364400000,113.64,113.72,113.20,113.44,67056.190,1756367999999,7609073.48275,17925,28778.653,3266004.45430
1756368000000,113.44,114.08,113.21,113.42,89220.842,1756371599999,10141986.35777,21152,41677.949,4738975.81188
1756371600000,113.42,113.47,113.02,113.24,47865.772,1756375199999,5422919.72913,11005,24566.523,2783660.17862
1756375200000,113.25,113.59,112.96,113.45,44793.153,1756378799999,5072649.47283,9443,21745.527,2463004.90482
1756378800000,113.44,113.46,113.02,113.42,35014.622,1756382399999,3963847.05034,9005,13894.500,1573111.98091
1756382400000,113.41,113.94,113.15,113.79,78337.637,1756385999999,8897057.26422,17166,39449.424,4480682.15454
1756386000000,113.79,114.12,113.11,113.46,88714.019,1756389599999,10077834.38073,21775,41421.468,4705882.42672
1756389600000,113.47,114.44,113.30,114.27,109282.018,1756393199999,12441837.22630,23694,54005.517,6149291.46350
1756393200000,114.27,114.57,112.14,112.58,298128.794,1756396799999,33782306.05318,34958,110033.493,12462964.88051
1756396800000,112.58,113.38,111.48,111.50,112459.884,1756400399999,12650810.10817,21057,49245.671,5538509.46292
1756400400000,111.49,112.59,111.37,112.53,66857.691,1756403999999,7494718.27258,15239,33876.590,3796300.44429
1756404000000,112.53,112.88,112.18,112.43,40612.182,1756407599999,4568704.11267,11272,20053.806,2255622.78535
1756407600000,112.44,112.74,111.65,111.67,42383.072,1756411199999,4753004.21536,13024,20479.356,2297355.10428
1756411200000,111.68,112.39,111.54,112.19,47954.424,1756414799999,5373996.72381,11189,25938.098,2906097.74003
1756414800000,112.20,113.01,112.16,112.98,27488.632,1756418399999,3097333.98891,8510,15443.621,1740074.44602
1756418400000,112.98,113.84,112.97,113.71,41989.087,1756421999999,4766716.95164,14796,21952.780,2492163.75530
1756422000000,113.72,113.89,113.44,113.60,44790.409,1756425599999,5091803.01163,14203,23301.310,2648902.32218
1756425600000,113.60,113.83,112.96,113.29,57248.970,1756429199999,6489506.77445,18590,25569.611,2898544.58078
1756429200000,113.28,113.46,112.28,112.52,56078.203,1756432799999,6325820.63345,15373,25846.324,2915846.15720
1756432800000,112.51,113.32,112.35,112.90,46825.555,1756436399999,5288647.40669,13637,21491.832,2426893.69155
1756436400000,112.90,113.51,112.61,113.20,45295.953,1756439999999,5124749.55336,12778,22854.658,2585792.44030
1756440000000,113.20,113.42,112.67,112.83,41503.811,1756443599999,4693260.86432,11026,14314.389,1619424.83181
1756443600000,112.84,112.98,112.46,112.80,33468.047,1756447199999,3771383.86315,10631,17601.274,1983428.95520
1756447200000,112.80,112.90,110.56,111.70,147615.297,1756450799999,16471320.73542,35212,57571.519,6427455.74769
1756450800000,111.70,111.71,110.05,110.35,160099.143,1756454399999,17709497.45303,30696,70410.071,7788386.91519
1756454400000,110.35,110.75,109.27,109.36,142412.663,1756457999999,15644444.16477,27398,65348.583,7180188.43856
1756458000000,109.36,110.32,108.81,110.21,98132.213,1756461599999,10751307.04986,23613,49277.582,5399401.21738
1756461600000,110.21,110.52,109.80,110.08,52317.346,1756465199999,5768071.55848,13386,23446.087,2585238.81350
1756465200000,110.09,110.28,109.72,109.96,36774.734,1756468799999,4043583.84743,11852,15969.359,1756032.57598
1756468800000,109.96,112.05,109.86,110.85,186913.285,1756472399999,20732716.82184,36592,96868.951,10743897.27901
1756472400000,110.85,111.03,109.14,109.89,142354.215,1756475999999,15668482.97784,32382,69557.995,7654622.03526
1756476000000,109.89,110.45,108.72,109.77,188642.998,1756479599999,20679377.42739,41218,89743.803,9839061.86980
1756479600000,109.77,110.58,109.70,109.87,99738.517,1756483199999,10993225.97970,20543,49305.932,5434738.34351
1756483200000,109.87,110.28,109.30,109.93,115122.206,1756486799999,12645833.25378,19331,64596.301,7096958.14796
1756486800000,109.92,109.95,109.16,109.42,101281.674,1756490399999,11089555.74393,19062,57588.368,6305216.31205
1756490400000,109.42,109.62,108.94,109.06,54157.138,1756493999999,5911042.46551,14221,22415.171,2446411.16008
1756494000000,109.06,109.96,108.56,109.55,77078.725,1756497599999,8430061.83674,19481,35974.117,3936155.50300
1756497600000,109.55,109.67,109.02,109.29,44923.712,1756501199999,4909356.41297,14431,22970.962,2510252.92842
1756501200000,109.30,110.12,108.97,109.85,48948.233,1756504799999,5360872.35113,13667,24756.001,2711275.06538
1756504800000,109.85,109.91,109.40,109.69,40277.233,1756508399999,4416043.97466,12085,18866.358,2068506.43544
1756508400000,109.69,110.03,109.58,109.86,30634.359,1756511999999,3364710.64220,10179,14929.970,1639672.65478
1756512000000,109.87,109.96,109.42,109.68,36751.529,1756515599999,4029958.45401,11405,19723.928,2162685.61720
1756515600000,109.67,109.95,108.27,108.35,87655.643,1756519199999,9555549.60240,16818,35148.994,3835704.91717
1756519200000,108.36,109.76,108.21,109.53,60589.332,1756522799999,6606807.51382,16529,33426.407,3646404.56887
1756522800000,109.53,110.87,109.51,110.55,64786.245,1756526399999,7149871.67209,17815,36863.620,4067349.12439
1756526400000,110.56,110.73,110.29,110.31,32921.738,1756529999999,3638179.13560,10250,16091.169,1778369.85560
1756530000000,110.31,110.83,110.24,110.54,32660.653,1756533599999,3612384.54588,10165,16570.487,1832857.91562
1756533600000,110.54,110.75,110.37,110.48,23359.532,1756537199999,2582748.10396,8879,11758.047,1300070.75157
1756537200000,110.49,110.70,110.37,110.66,37664.498,1756540799999,4163475.85239,9564,17791.155,1966804.78719
1756540800000,110.67,111.21,110.44,110.77,81843.514,1756544399999,9065963.97035,13610,53992.238,5981307.37101
1756544400000,110.77,110.90,110.43,110.68,31368.340,1756547999999,3471088.68068,9479,15190.537,1680894.10037
1756548000000,110.68,111.18,110.45,110.59,45960.568,1756551599999,5090073.18241,10759,20007.127,2216174.55539
1756551600000,110.60,110.62,110.18,110.51,37840.305,1756555199999,4176256.46182,7671,20723.260,2287080.01928
1756555200000,110.52,110.56,109.60,109.95,84398.997,1756558799999,9279870.20484,13778,37364.622,4109245.28632
1756558800000,109.96,109.97,109.24,109.90,70443.854,1756562399999,7722179.68374,13662,31128.375,3412219.10958
1756562400000,109.90,110.06,109.38,110.00,125944.476,1756565999999,13817819.92511,14696,67916.295,7452669.37560
1756566000000,110.00,110.57,109.71,110.56,45010.207,1756569599999,4961596.22390,10449,21831.990,2406611.27194
1756569600000,110.56,110.72,110.14,110.32,40964.112,1756573199999,4524284.81577,10086,19555.086,2159657.42699
1756573200000,110.33,110.49,109.78,109.96,49357.309,1756576799999,5434579.59020,9377,27232.719,2998711.53965
1756576800000,109.95,110.16,109.62,109.97,25191.632,1756580399999,2767991.35944,7721,10756.156,1181855.59242
1756580400000,109.96,110.25,109.82,110.19,23685.184,1756583999999,2607107.19165,7109,13662.556,1504249.62931
1756584000000,110.20,110.20,109.63,109.92,22461.483,1756587599999,2467872.09794,8073,8116.607,891883.66092
1756587600000,109.93,110.12,109.80,109.96,16122.072,1756591199999,1772149.60065,6096,8401.386,923453.68065
1756591200000,109.96,110.49,109.77,110.49,30498.343,1756594799999,3360909.45967,7199,17895.647,1972270.89679
1756594800000,110.49,110.87,110.49,110.76,43647.617,1756598399999,4831959.47706,9610,26368.146,2919059.25097
1756598400000,110.77,111.72,110.75,111.64,63684.349,1756601999999,7081006.09465,17234,28961.849,3221120.30227
1756602000000,111.64,111.71,111.27,111.54,42760.175,1756605599999,4765189.70784,13361,20721.627,2309459.57471
1756605600000,111.54,111.65,111.29,111.45,29445.232,1756609199999,3282241.53433,9084,11238.159,1252948.01554
1756609200000,111.45,111.81,111.34,111.81,95993.932,1756612799999,10703212.47633,10574,50649.318,5647520.24401
1756612800000,111.81,111.87,110.95,111.12,58547.678,1756616399999,6522023.64874,10954,21898.126,2440015.61211
1756616400000,111.12,111.12,110.82,111.02,22083.324,1756619999999,2450119.63644,8628,10116.021,1122382.51470
1756620000000,111.02,111.05,110.70,110.74,19364.140,1756623599999,2146447.37883,7563,8970.526,994336.43809
1756623600000,110.74,111.16,110.72,111.08,28360.268,1756627199999,3148448.65148,8733,14546.976,1614918.45606
1756627200000,111.08,111.56,111.07,111.53,32290.716,1756630799999,3595010.72937,9667,19271.931,2145649.39999
1756630800000,111.53,111.81,111.20,111.25,67638.169,1756634399999,7545329.05382,14181,29582.722,3300298.18798
1756634400000,111.26,111.31,110.79,111.15,52516.129,1756637999999,5832357.49135,11255,26637.818,2958596.78008
1756638000000,111.16,111.45,110.89,111.33,84752.780,1756641599999,9421025.03813,13867,47641.130,5295427.95063
1756641600000,111.32,111.39,110.84,111.21,28676.624,1756645199999,3185098.02029,9388,14485.412,1608864.93056
1756645200000,111.19,111.34,110.74,110.92,46891.256,1756648799999,5200927.56773,11044,25117.874,2785689.99847
1756648800000,110.92,111.00,110.11,110.21,61241.620,1756652399999,6763273.42998,13220,24768.294,2734974.73241
1756652400000,110.21,110.75,110.20,110.67,42132.185,1756655999999,4658244.28304,12056,22212.200,2455950.55321
1756656000000,110.67,110.72,110.05,110.30,58325.482,1756659599999,6433758.30632,12204,25834.045,2849165.72936
1756659600000,110.30,110.43,110.01,110.25,25945.949,1756663199999,2860008.13929,8982,12705.638,1400533.87412
1756663200000,110.25,110.78,110.20,110.68,44717.079,1756666799999,4943451.12645,10017,18228.808,2015278.04941
1756666800000,110.67,110.74,110.10,110.17,29709.963,1756670399999,3277268.88826,8921,12222.315,1347904.63741
1756670400000,110.17,110.41,109.99,110.36,30101.674,1756673999999,3317748.29641,8826,16781.146,1849452.67127
1756674000000,110.35,110.56,110.16,110.37,17209.088,1756677599999,1899428.01155,7429,8897.609,981986.10270
1756677600000,110.37,110.41,109.66,109.83,55406.210,1756681199999,6097254.01572,13553,25296.121,2784089.46602
1756681200000,109.83,109.84,108.70,108.82,89438.661,1756684799999,9763183.24172,18084,42597.896,4649121.42531
1756684800000,108.82,109.12,107.89,108.72,125414.556,1756688399999,13598752.59616,28271,62637.341,6794750.34133
1756688400000,108.72,109.28,108.28,108.74,66181.492,1756691999999,7197002.34922,18287,31429.184,3418416.03090
1756692000000,108.74,108.81,107.30,107.65,155597.376,1756695599999,16790129.66006,25673,82843.920,8941955.34296
1756695600000,107.65,108.20,107.38,108.02,66196.756,1756699199999,7135052.50405,14890,38075.556,4104752.55634
1756699200000,108.02,108.23,107.25,107.50,65262.891,1756702799999,7026285.28053,15369,33242.861,3580178.19289
1756702800000,107.51,108.20,107.17,108.04,55718.385,1756706399999,6000204.57249,14079,32258.811,3474332.75363
1756706400000,108.04,108.57,107.54,108.41,45376.499,1756709999999,4908568.82014,13112,24269.788,2626220.39045
1756710000000,108.42,110.47,108.04,110.46,146380.018,1756713599999,16026510.51694,29166,76294.036,8353010.96806
1756713600000,110.45,111.23,110.26,111.22,225636.220,1756717199999,24977339.46951,37820,94415.433,10452957.44156
1756717200000,111.21,111.32,110.26,110.33,75233.767,1756720799999,8339052.34836,18095,38764.838,4296241.62101
1756720800000,110.33,110.46,109.28,109.77,113888.330,1756724399999,12500970.36118,20932,58723.123,6445824.62594
1756724400000,109.78,110.03,109.12,109.43,57847.702,1756727999999,6340434.49978,13748,30583.153,3353440.96183
1756728000000,109.42,110.09,109.31,109.93,53714.994,1756731599999,5900357.92730,14363,27183.560,2986362.72055
1756731600000,109.93,110.51,109.64,109.99,82768.433,1756735199999,9114120.52148,19774,38812.456,4274469.63987
1756735200000,109.99,110.28,109.33,109.90,54870.388,1756738799999,6024932.67089,16664,24548.694,2696152.32275
1756738800000,109.89,110.13,109.20,109.46,63655.388,1756742399999,6980129.65281,16947,27400.117,3004772.84035
1756742400000,109.47,109.55,108.78,108.84,79085.284,1756745999999,8633410.40342,17914,37881.880,4135291.26268
1756746000000,108.85,108.86,108.23,108.40,108029.405,1756749599999,11724771.02515,18974,57863.313,6280681.19998
1756749600000,108.41,109.03,108.41,108.65,82230.448,1756753199999,8942329.33927,13866,51173.403,5564133.95967
1756753200000,108.66,109.52,108.49,109.27,68798.469,1756756799999,7504800.60593,13551,38382.991,4187079.79959
1756756800000,109.28,109.58,107.41,108.48,261951.645,1756760399999,28355868.54965,39481,139217.803,15068813.66991
1756760400000,108.48,108.54,106.30,107.07,163251.530,1756763999999,17517076.45041,33636,68512.207,7353472.99798
1756764000000,107.07,107.52,106.57,107.31,68513.738,1756767599999,7334156.80869,18584,37638.417,4029351.90845
1756767600000,107.32,108.71,107.26,108.68,69211.310,1756771199999,7474619.56656,16974,33597.143,3627606.66882
1756771200000,108.68,109.22,108.53,109.14,65175.479,1756774799999,7094290.91284,17491,28785.901,3133586.48193
1756774800000,109.14,109.77,108.60,109.31,115579.651,1756778399999,12622606.55147,23681,61195.356,6683604.80860
1756778400000,109.32,109.69,108.93,109.66,77567.201,1756781999999,8480240.07531,18015,42975.850,4698997.49664
1756782000000,109.64,110.34,109.00,110.25,165512.275,1756785599999,18166446.61881,28338,93410.023,10248923.94064
1756785600000,110.26,110.70,110.17,110.46,55678.240,1756789199999,6148435.90045,14393,27108.666,2993666.40533
1756789200000,110.47,110.69,110.06,110.55,53960.990,1756792799999,5955884.47856,12483,28021.574,3093189.49165
1756792800000,110.55,111.24,110.47,111.11,94036.810,1756796399999,10430439.23729,18067,53864.129,5975016.16401
1756796400000,111.11,111.20,110.34,110.49,65287.194,1756799999999,7231342.83036,14305,31932.456,3536159.14876
1756800000000,110.49,110.71,110.17,110.44,60894.200,1756803599999,6727419.54732,13548,31991.162,3534414.73198
1756803600000,110.45,110.98,110.30,110.45,54449.156,1756807199999,6025049.19344,11837,26645.853,2948399.03651
1756807200000,110.46,110.80,110.17,110.79,57188.008,1756810799999,6314728.93574,11484,32667.586,3607376.98898
1756810800000,110.80,110.92,110.19,110.34,63889.911,1756814399999,7069316.25240,12894,30582.869,3383222.34137
1756814400000,110.34,110.49,108.66,108.78,193116.829,1756817999999,21134933.90835,27812,93892.163,10272182.41427
1756818000000,108.78,111.67,108.74,111.56,218664.279,1756821599999,24138597.97894,38355,107608.895,11874916.45964
1756821600000,111.56,111.97,110.60,111.12,164648.385,1756825199999,18333669.46466,32590,83849.703,9337688.70953
1756825200000,111.11,111.24,109.43,109.52,119919.040,1756828799999,13238616.24335,23740,64163.683,7084956.03074
1756828800000,109.52,110.58,109.49,110.35,106352.176,1756832399999,11699741.89193,19890,61033.718,6712979.62581
1756832400000,110.36,110.92,110.26,110.34,52479.318,1756835999999,5804011.24768,13312,27344.218,3024419.46673
1756836000000,110.33,110.35,109.27,109.99,61190.241,1756839599999,6721794.05232,16811,32753.755,3598718.22461
1756839600000,110.00,110.41,109.29,109.44,49957.753,1756843199999,5488521.60535,12102,23966.979,2632887.70561
1756843200000,109.44,111.02,109.40,111.02,94564.275,1756846799999,10447263.54003,18594,38013.945,4198946.76770
1756846800000,111.03,112.03,111.01,111.98,99044.630,1756850399999,11050387.99485,19417,52400.957,5847326.48753
1756850400000,111.98,111.98,111.23,111.71,86073.246,1756853999999,9599866.00448,19495,32110.201,3581119.47209
1756854000000,111.72,111.74,111.33,111.69,32594.019,1756857599999,3635728.35501,9882,15703.762,1751920.38895
1756857600000,111.69,112.18,111.13,111.22,69881.808,1756861199999,7805050.52804,13532,28264.119,3157707.13414
1756861200000,111.22,111.46,110.74,111.41,56049.290,1756864799999,6223136.68120,11169,25788.856,2864665.29374
1756864800000,111.40,111.72,111.01,111.53,57485.293,1756868399999,6407316.29079,13777,32787.730,3654571.13394
1756868400000,111.52,111.62,111.09,111.38,36012.012,1756871999999,4009864.46271,11475,21001.388,2338441.87919
1756872000000,111.38,111.55,111.04,111.44,30019.271,1756875599999,3341817.20180,11734,17126.940,1906656.73219
1756875600000,111.43,111.59,110.98,111.34,43240.687,1756879199999,4812962.53913,11473,20037.954,2231181.66700
1756879200000,111.34,111.64,110.91,111.50,52118.237,1756882799999,5800117.52433,14373,25924.461,2885272.08549
1756882800000,111.49,111.74,110.83,111.72,60311.736,1756886399999,6708858.25259,15401,33457.493,3722073.64631
1756886400000,111.72,112.19,111.65,111.77,72485.012,1756889999999,8113924.84604,16946,38362.904,4293978.00167
1756890000000,111.78,112.28,111.44,112.27,61320.711,1756893599999,6860228.80699,13212,27793.961,3109680.13981
1756893600000,112.26,112.49,111.88,112.01,51963.348,1756897199999,5830215.83108,14642,26470.700,2969920.94593
1756897200000,112.01,112.32,111.83,111.86,49129.311,1756900799999,5506241.75606,11770,20574.431,2306025.46083
1756900800000,111.86,112.17,111.44,111.55,71762.508,1756904399999,8020980.47604,12721,38046.259,4252484.65407
1756904400000,111.56,112.85,111.49,112.43,92989.180,1756907999999,10443876.83153,18770,45267.182,5082382.26918
1756908000000,112.43,113.27,112.10,113.11,133496.064,1756911599999,15046683.78604,24998,69197.398,7801368.58615
1756911600000,113.10,113.17,112.56,112.79,71094.406,1756915199999,8024842.36087,17265,36782.624,4151927.37281
1756915200000,112.80,113.15,112.15,112.45,85605.409,1756918799999,9639741.71891,14709,37238.026,4192456.22167
1756918800000,112.44,112.96,112.44,112.65,41001.634,1756922399999,4621515.31556,9689,21087.342,2376864.57074
1756922400000,112.64,112.72,112.10,112.27,35020.314,1756925999999,3937056.33850,12668,16168.713,1818397.10436
1756926000000,112.26,112.74,112.11,112.74,31276.347,1756929599999,3515071.70805,13443,17219.768,1935373.60163
1756929600000,112.73,112.77,112.32,112.44,31860.137,1756933199999,3586375.45777,12186,14915.794,1679010.46398
1756933200000,112.43,112.94,112.32,112.92,27557.559,1756936799999,3101746.17941,10317,18268.372,2056373.58279
1756936800000,112.91,113.24,112.81,113.00,48197.212,1756940399999,5447449.33937,13164,24720.555,2794337.00236
1756940400000,113.00,113.02,112.78,112.94,24575.208,1756943999999,2773788.29137,10489,11373.152,1283621.14692
1756944000000,112.94,113.45,112.92,113.00,40654.989,1756947599999,4600258.98553,10090,22379.510,2532638.04702
1756947600000,112.99,113.00,112.50,112.89,45739.073,1756951199999,5153410.49166,10757,17803.297,2005524.22914
1756951200000,112.88,112.96,112.00,112.05,45758.255,1756954799999,5144175.09802,10480,15312.953,1721859.45492
1756954800000,112.06,112.24,111.54,111.61,56269.182,1756958399999,6295026.43277,11732,24521.714,2743480.03573
1756958400000,111.61,111.86,111.42,111.46,83655.798,1756961999999,9339273.60857,13239,33274.840,3714849.19799
1756962000000,111.46,111.46,110.83,111.14,76156.089,1756965599999,8460699.14850,14267,35868.958,3984874.87663
1756965600000,111.14,111.27,110.77,110.87,44646.266,1756969199999,4956685.49887,10802,18914.412,2100087.46333
1756969200000,110.87,111.45,110.82,111.30,46193.572,1756972799999,5137949.33717,9264,22363.595,2487087.28804
1756972800000,111.30,111.55,110.90,110.94,45479.116,1756976399999,5061797.59553,10191,18377.708,2045842.47301
1756976400000,110.94,111.25,110.83,111.10,32694.028,1756979999999,3628966.31742,8007,17355.455,1926377.46260
1756980000000,111.09,111.38,110.86,110.87,33680.266,1756983599999,3744069.44378,8764,16042.548,1783498.98526
1756983600000,110.87,111.52,110.72,110.96,43026.011,1756987199999,4782850.46040,9728,19823.044,2203228.23737
1756987200000,110.96,111.40,110.66,111.22,76729.562,1756990799999,8523509.01455,13168,41824.223,4646084.95876
1756990800000,111.22,111.27,110.36,110.70,80619.071,1756994399999,8929943.33899,14347,38789.646,4296126.84486
1756994400000,110.68,110.73,109.82,110.35,122182.083,1756997999999,13478167.25626,21257,64677.920,7135612.01195
1756998000000,110.36,110.37,109.67,109.99,95828.579,1757001599999,10536497.92455,17732,46193.851,5079467.74740
1757001600000,109.98,110.28,109.54,109.91,59633.782,1757005199999,6548958.02215,13353,24082.474,2645215.78858
1757005200000,109.90,110.24,109.80,109.96,23647.766,1757008799999,2602498.87365,7905,13113.765,1443164.74075
1757008800000,109.96,110.19,109.44,109.82,85874.169,1757012399999,9435021.39865,14093,39049.517,4290945.46799
1757012400000,109.82,110.05,109.63,109.78,59160.702,1757015999999,6500357.78775,10380,30447.277,3345871.12977
1757016000000,109.78,110.65,109.69,110.59,70937.566,1757019599999,7820921.89463,12047,44548.537,4909944.62517
1757019600000,110.60,111.04,110.58,110.93,37894.903,1757023199999,4199184.68105,9328,19745.312,2188150.62619
1757023200000,110.93,111.74,110.90,111.54,62710.309,1757026799999,6979541.30374,13179,29617.986,3296484.25471
1757026800000,111.55,111.77,110.96,111.00,47303.177,1757030399999,5269898.88379,11453,17233.727,1919985.66499
1757030400000,110.99,111.62,110.96,111.11,44063.892,1757033999999,4905573.47850,12407,18577.957,2068196.55487
1757034000000,111.12,112.49,111.05,112.30,65192.430,1757037599999,7298888.23078,13679,35041.339,3921890.13422
1757037600000,112.30,112.49,111.83,111.93,77871.923,1757041199999,8734885.53046,13554,31997.795,3588884.79637
1757041200000,111.93,111.97,110.95,111.26,61297.570,1757044799999,6823267.98598,12256,26767.423,2979715.31881
1757044800000,111.25,111.64,111.08,111.54,35176.903,1757048399999,3918254.55158,9149,18519.942,2062697.08134
1757048400000,111.54,111.82,111.36,111.79,21282.617,1757051999999,2374736.25057,7116,11130.708,1241986.51134
1757052000000,111.80,112.04,111.56,111.86,38273.009,1757055599999,4278796.73352,10155,22519.813,2518016.72737
1757055600000,111.86,113.16,111.85,113.13,133857.712,1757059199999,15068190.84450,22930,67948.608,7649397.28783
1757059200000,113.13,113.20,112.68,113.03,76495.753,1757062799999,8638965.81660,15857,43603.487,4924961.44224
1757062800000,113.04,113.30,112.53,113.29,57408.761,1757066399999,6480648.74070,12324,32206.992,3636532.77430
1757066400000,113.28,113.34,112.75,112.79,48483.271,1757069999999,5479926.50270,13600,23723.252,2681528.88243
1757070000000,112.80,113.05,112.74,112.84,31472.591,1757073599999,3553559.45965,8353,17245.411,1947214.82910
1757073600000,112.84,114.12,112.33,114.06,308353.618,1757077199999,34943991.79607,45573,166703.910,18898998.78384
1757077200000,114.05,115.09,113.84,114.73,240090.158,1757080799999,27480849.51223,37945,135369.150,15496058.24503
1757080800000,114.74,114.76,111.43,111.89,558888.863,1757084399999,62944570.81841,66527,270220.249,30427497.69719
1757084400000,111.89,112.86,111.81,112.29,168100.431,1757087999999,18892793.88338,24281,81359.679,9140548.94479
1757088000000,112.29,112.75,112.02,112.71,65528.367,1757091599999,7363535.09685,13494,29294.928,3292621.97636
1757091600000,112.71,112.71,111.84,112.38,50131.115,1757095199999,5626355.18794,11970,21207.803,2381313.83155
1757095200000,112.37,113.15,112.19,113.02,60085.484,1757098799999,6775245.66036,11643,36308.541,4094166.36897
1757098800000,113.02,113.22,112.52,113.19,76297.752,1757102399999,8617966.27110,11944,28650.720,3237891.29541
1757102400000,113.19,113.31,112.96,113.19,34263.008,1757105999999,3877227.38832,8642,17626.873,1994743.03212
1757106000000,113.20,113.23,111.93,111.99,119440.113,1757109599999,13436116.28311,18758,51222.584,5764496.29151
1757109600000,112.00,112.47,111.87,112.33,40085.962,1757113199999,4494443.18895,9928,21144.106,2370905.26593
1757113200000,112.34,112.36,111.87,112.01,35089.702,1757116799999,3931882.87792,9132,18252.546,2044866.04775
1757116800000,112.01,112.26,111.74,112.22,28397.097,1757120399999,3181058.20513,8919,14332.519,1605635.65616
1757120400000,112.22,112.49,112.06,112.39,29669.503,1757123999999,3332127.03408,7615,18951.897,2128757.04259
1757124000000,112.40,112.45,112.03,112.34,25748.706,1757127599999,2888931.80745,7251,14165.230,1589276.35235
1757127600000,112.34,112.37,112.07,112.15,21129.774,1757131199999,2371761.53713,7784,10563.593,1185798.67859
1757131200000,112.15,112.15,111.43,111.55,49604.390,1757134799999,5538848.76057,10877,20808.513,2323614.43084
1757134800000,111.55,111.57,111.24,111.32,28295.202,1757138399999,3151738.92607,7491,11693.718,1302535.92894
1757138400000,111.31,111.45,111.25,111.40,24279.272,1757141999999,2703906.74709,6359,13825.933,1539796.04316
1757142000000,111.40,111.67,111.35,111.66,23231.829,1757145599999,2590982.56458,6009,11834.344,1319896.31742
1757145600000,111.67,111.72,111.53,111.68,17520.521,1757149199999,1955941.88347,6129,9907.607,1106118.79176
1757149200000,111.69,111.69,111.44,111.44,50137.787,1757152799999,5594454.31665,7768,21632.234,2413709.01277
1757152800000,111.43,111.55,111.17,111.55,31830.441,1757156399999,3543899.26327,7924,12374.861,1377889.92557
1757156400000,111.55,111.65,111.30,111.64,14214.646,1757159999999,1583821.65332,4753,6516.783,726164.45109
1757160000000,111.64,111.75,111.39,111.40,82353.633,1757163599999,9184072.42992,10191,39970.270,4457530.07184
1757163600000,111.40,111.60,111.23,111.45,157482.674,1757167199999,17546228.58894,11897,78791.791,8779150.28730
1757167200000,111.45,111.70,111.35,111.54,35711.654,1757170799999,3982795.12267,6805,18865.605,2103916.63596
1757170800000,111.54,112.20,111.29,111.39,76705.581,1757174399999,8570084.41708,12353,39851.044,4455370.70972
1757174400000,111.40,112.36,111.30,111.93,87360.748,1757177999999,9771593.62533,14290,43948.322,4918460.47164
1757178000000,111.93,112.22,111.72,111.94,30798.524,1757181599999,3447560.46051,8635,18745.531,2098491.15704
1757181600000,111.93,112.24,111.87,112.22,21712.927,1757185199999,2433017.20625,6630,12499.172,1400566.77787
1757185200000,112.23,112.35,111.93,112.25,30962.213,1757188799999,3473199.63347,8444,17356.324,1946869.25708
1757188800000,112.26,112.38,111.87,112.37,52910.341,1757192399999,5931612.57433,9852,26993.394,3025698.49304
1757192400000,112.38,112.42,111.66,111.85,57162.598,1757195999999,6400903.84517,9385,20576.755,2304657.50497
1757196000000,111.85,111.94,111.52,111.80,28331.997,1757199599999,3166410.40103,7467,14185.584,1585537.44778
1757199600000,111.81,112.17,111.41,112.09,66263.945,1757203199999,7409210.27025,9183,32578.293,3644238.07591
1757203200000,112.09,112.47,112.09,112.40,44451.151,1757206799999,4991730.18631,7391,24266.455,2724904.36191
1757206800000,112.41,112.83,112.38,112.70,39812.677,1757210399999,4481381.00117,8547,24300.157,2735242.46201
1757210400000,112.71,113.07,112.50,113.00,27506.672,1757213999999,3100672.03584,7798,13825.364,1559199.94933
1757214000000,113.01,113.07,112.66,112.79,27811.215,1757217599999,3139606.90914,7886,12287.441,1387009.52253
1757217600000,112.80,112.90,112.61,112.89,20444.563,1757221199999,2305331.91363,5915,8005.691,902709.52396
1757221200000,112.90,113.67,112.79,113.52,49306.377,1757224799999,5578949.05508,10051,29860.474,3378882.60367
1757224800000,113.53,113.71,113.26,113.34,87035.334,1757228399999,9882358.14769,16218,45406.587,5155613.20509
1757228400000,113.34,114.05,113.25,113.71,49381.961,1757231999999,5614973.67433,10965,21575.872,2453575.39215
1757232000000,113.71,113.99,113.68,113.87,59115.256,1757235599999,6728232.38861,10676,31351.903,3568180.22597
1757235600000,113.88,114.16,113.64,114.15,40831.234,1757239199999,4649898.59035,9855,20268.272,2308247.25254
1757239200000,114.16,114.35,113.68,114.19,45463.446,1757242799999,5183820.23330,11074,22386.864,2552639.80207
1757242800000,114.19,114.25,113.85,114.14,25730.929,1757246399999,2934334.51212,8435,11690.151,1333259.09595
1757246400000,114.14,114.87,114.10,114.87,62127.909,1757249999999,7110180.57088,13744,30528.933,3493997.85737
1757250000000,114.86,115.31,114.21,115.23,93282.290,1757253599999,10702209.33618,16469,46980.367,5391174.96540
1757253600000,115.23,115.38,114.51,114.68,126786.368,1757257199999,14579626.41343,23186,54138.266,6224956.30725
1757257200000,114.69,114.86,114.47,114.66,43725.437,1757260799999,5012858.95501,11340,21191.209,2429499.94872
1757260800000,114.66,114.75,114.29,114.48,43342.048,1757264399999,4960651.05758,10893,18365.440,2102153.80561
1757264400000,114.47,115.08,114.22,114.25,63070.384,1757267999999,7225299.16451,14735,31541.614,3613899.12253
1757268000000,114.26,114.52,113.92,114.15,40475.655,1757271599999,4621415.96731,10428,16878.368,1927234.63476
1757271600000,114.15,114.45,113.89,114.33,31872.217,1757275199999,3639552.86252,10027,18207.753,2079489.09999
1757275200000,114.34,114.47,114.03,114.33,17876.297,1757278799999,2041665.19983,6406,9178.176,1048154.17930
1757278800000,114.32,114.46,113.96,113.99,28203.034,1757282399999,3220813.39043,7876,13704.344,1565448.25971
1757282400000,113.99,114.97,113.96,114.76,67350.924,1757285999999,7721744.04577,13726,32989.060,3780739.74105
1757286000000,114.77,115.15,114.48,114.86,84097.876,1757289599999,9657316.82814,14483,40841.129,4690055.40280
1757289600000,114.86,115.02,114.31,114.37,49997.330,1757293199999,5735730.90116,12165,20750.747,2380652.56111
1757293200000,114.37,114.50,113.77,113.91,48578.391,1757296799999,5540522.14748,12569,17981.655,2051315.12296
1757296800000,113.91,114.94,113.71,114.89,48938.300,1757300399999,5594536.19285,14543,28342.275,3239726.50356
1757300400000,114.90,115.48,114.35,114.61,211778.508,1757303999999,24347947.80643,26579,91220.391,10491686.70231
1757304000000,114.62,114.63,112.64,113.06,484912.605,1757307599999,55006495.76889,66308,191480.031,21713755.00702
1757307600000,113.06,113.48,112.82,112.92,95917.946,1757311199999,10847508.33214,20171,45658.267,5162676.30377
1757311200000,112.92,113.02,111.79,112.52,256797.508,1757314799999,28840350.32943,37243,117064.997,13151154.99341
1757314800000,112.53,113.01,112.42,112.80,65144.900,1757318399999,7344966.20048,17225,35188.699,3967893.72607
1757318400000,112.81,113.20,112.65,112.97,65190.077,1757321999999,7363890.10124,16327,30474.230,3442464.42029
1757322000000,112.97,113.45,112.76,113.40,96450.469,1757325599999,10922470.61736,19747,47998.542,5435395.04798
1757325600000,113.39,113.75,113.16,113.44,79499.647,1757329199999,9024403.39994,21460,36084.000,4096172.20335
1757329200000,113.45,113.46,113.01,113.29,78386.987,1757332799999,8873132.98866,16937,35718.074,4043349.94598
1757332800000,113.29,113.43,113.00,113.06,70041.142,1757336399999,7928594.95270,16684,28807.849,3261259.75150
1757336400000,113.05,113.70,112.83,112.89,153607.760,1757339999999,17406951.58004,28580,59769.053,6772530.09459
1757340000000,112.88,113.66,112.84,113.32,118433.079,1757343599999,13415540.97222,22889,58700.641,6650659.66428
1757343600000,113.32,113.85,113.14,113.39,133340.177,1757347199999,15127789.77404,23587,56816.365,6445835.05375
1757347200000,113.38,113.45,112.89,113.03,93792.253,1757350799999,10614212.35513,18949,43119.882,4880636.71966
1757350800000,113.02,113.24,112.37,112.71,154531.836,1757354399999,17427224.14411,23072,71454.821,8060541.20401
1757354400000,112.72,113.18,112.46,113.13,67341.962,1757357999999,7598494.13798,13468,36645.668,4134474.88976
1757358000000,113.12,113.15,112.11,112.37,89870.206,1757361599999,10108434.42492,16442,42754.811,4808764.74848
1757361600000,112.38,112.42,111.84,112.03,84721.607,1757365199999,9497598.20073,17205,39525.769,4431538.35360
1757365200000,112.04,112.64,111.95,112.57,50141.428,1757368799999,5630314.75032,12085,26047.815,2924287.62707
1757368800000,112.57,112.80,112.25,112.37,47600.108,1757372399999,5358623.39679,12749,19681.747,2215565.68945
1757372400000,112.36,112.78,112.27,112.69,48976.300,1757375999999,5510646.48050,11161,24325.135,2737862.53009
1757376000000,112.69,113.25,112.40,113.22,98202.633,1757379599999,11087181.94666,20441,48277.703,5451696.25035
1757379600000,113.23,113.94,112.38,112.69,250672.043,1757383199999,28339607.35237,34048,126138.414,14260127.67507
1757383200000,112.69,112.79,111.53,111.83,126848.100,1757386799999,14218353.18912,23198,55188.302,6189281.70822
1757386800000,111.82,112.32,111.66,112.26,63644.743,1757390399999,7126185.22584,15340,34239.299,3833764.21360
1757390400000,112.26,113.08,111.95,112.81,142528.694,1757393999999,16063984.95955,23156,70513.048,7945879.56725
1757394000000,112.81,112.99,112.30,112.98,44201.050,1757397599999,4976732.20887,11849,21554.041,2426907.28350
1757397600000,112.98,113.83,112.88,113.61,156679.396,1757401199999,17778857.94087,29614,66585.935,7557229.53626
1757401200000,113.62,114.30,113.58,113.98,153297.197,1757404799999,17464808.02502,24897,82067.419,9350899.98224
1757404800000,113.98,114.39,113.91,114.32,87356.431,1757408399999,9973312.48184,16411,41713.168,4763267.48355
1757408400000,114.33,114.67,114.02,114.10,67015.150,1757411999999,7661135.18790,15257,34555.685,3950843.86729
1757412000000,114.10,114.30,113.20,113.58,122980.918,1757415599999,13985595.09492,18056,55504.949,6316196.15761
1757415600000,113.58,113.93,113.37,113.45,66206.124,1757419199999,7526255.48139,11358,33215.154,3776578.25429
1757419200000,113.44,113.75,113.17,113.50,110752.350,1757422799999,12567047.16062,17850,61720.329,7004023.74254
1757422800000,113.50,113.85,113.07,113.74,84632.692,1757426399999,9602113.05239,18196,40597.720,4606723.81168
1757426400000,113.75,113.96,111.79,112.25,378065.505,1757429999999,42583121.11472,51426,174516.044,19661377.19327
1757430000000,112.24,112.39,110.70,111.27,264437.177,1757433599999,29458406.93813,37932,114705.754,12781429.39766
1757433600000,111.28,111.68,110.88,111.66,110576.553,1757437199999,12299832.80504,21791,62873.780,6994231.73424
1757437200000,111.65,112.10,111.46,111.59,60813.878,1757440799999,6799481.90347,13956,28401.888,3175662.99991
1757440800000,111.60,111.99,111.48,111.87,48457.445,1757444399999,5415084.75726,11610,23988.936,2680697.37964
1757444400000,111.87,112.11,111.71,111.79,38121.835,1757447999999,4265807.19042,10090,15851.180,1773703.05393
1757448000000,111.79,112.21,111.66,112.15,45646.813,1757451599999,5107793.52753,11020,23455.818,2624791.64925
1757451600000,112.16,112.18,111.30,111.48,56815.653,1757455199999,6348261.78197,11750,17454.016,1952192.85712
1757455200000,111.47,111.89,111.42,111.81,28335.281,1757458799999,3164384.03324,9539,15468.621,1727458.07087
1757458800000,111.81,112.02,111.67,111.88,25474.934,1757462399999,2849205.10071,8955,12615.667,1411068.54813
1757462400000,111.88,112.09,111.47,111.63,41244.135,1757465999999,4609125.11550,12443,17758.613,1984835.83956
1757466000000,111.63,112.44,111.63,112.08,44372.117,1757469599999,4973946.61492,13944,20049.053,2246781.00176
1757469600000,112.09,113.20,112.09,113.06,96282.920,1757473199999,10857638.57202,20573,51117.086,5763040.23306
1757473200000,113.07,113.15,112.74,112.87,40302.655,1757476799999,4550982.12233,12227,16450.825,1857767.40025
1757476800000,112.87,112.92,112.46,112.69,34732.007,1757480399999,3914132.20362,10884,14015.242,1580000.42622
1757480400000,112.69,112.81,112.13,112.79,40529.719,1757483999999,4557651.23684,12271,19323.784,2173285.57307
1757484000000,112.79,113.22,112.44,112.73,48208.640,1757487599999,5437955.57644,12618,21743.766,2452378.43557
1757487600000,112.73,113.23,112.62,113.09,41797.702,1757491199999,4721598.65863,10943,20196.557,2281374.64032
1757491200000,113.09,113.20,112.90,112.91,49991.638,1757494799999,5651359.18744,10508,22377.330,2529888.65751
1757494800000,112.91,113.16,112.55,113.04,42925.676,1757498399999,4846599.04354,10513,24421.912,2757545.33524
1757498400000,113.04,113.09,112.76,112.87,40798.500,1757501999999,4607355.25049,10497,22600.405,2552500.47934
1757502000000,112.87,113.14,112.67,112.95,28665.949,1757505599999,3235785.89565,9918,17042.245,1923913.78026
1757505600000,112.95,113.92,112.89,113.82,187240.297,1757509199999,21269571.18735,30036,84718.290,9623419.95159
1757509200000,113.81,115.21,113.70,114.80,348037.214,1757512799999,39871892.02892,49394,184534.609,21139706.86823
1757512800000,114.81,115.18,113.95,114.03,131813.766,1757516399999,15096499.28819,25381,65196.445,7469046.89371
1757516400000,114.03,114.56,114.03,114.31,68602.194,1757519999999,7842892.45059,14904,35427.823,4050637.96177
1757520000000,114.31,118.73,114.29,116.34,867587.984,1757523599999,101212950.47800,118125,440381.259,51379527.61520
1757523600000,116.34,117.29,115.79,116.42,220171.833,1757527199999,25669526.09167,38723,119759.609,13963235.62290
1757527200000,116.41,116.72,115.61,115.92,128104.435,1757530799999,14877852.98859,22202,55202.359,6410330.24764
1757530800000,115.92,116.00,114.84,115.40,122337.008,1757534399999,14087236.53809,20024,57977.395,6674629.35236
1757534400000,115.40,115.71,115.11,115.26,53079.092,1757537999999,6126434.65719,12594,29881.511,3448717.58405
1757538000000,115.26,115.90,115.12,115.83,54249.754,1757541599999,6273648.88055,13627,24992.293,2890578.60581
1757541600000,115.83,116.46,115.83,116.15,76592.363,1757545199999,8897358.93327,14397,39025.665,4533470.33235
1757545200000,116.15,117.66,116.15,117.59,114557.035,1757548799999,13409669.20108,21437,59556.226,6971472.94869
1757548800000,117.59,117.76,116.50,116.71,130612.035,1757552399999,15290540.07946,22787,54559.096,6387970.33866
1757552400000,116.71,116.92,116.41,116.70,64708.271,1757555999999,7549144.59509,15584,31116.283,3629773.87580
1757556000000,116.70,116.86,116.00,116.01,100048.628,1757559599999,11626926.33102,16403,35196.608,4092336.50163
1757559600000,116.00,116.68,115.96,116.57,68206.317,1757563199999,7932082.15421,14877,39157.592,4554735.41022
1757563200000,116.56,116.81,116.14,116.46,71623.318,1757566799999,8342002.98017,16313,37836.738,4407169.61561
1757566800000,116.46,116.53,116.01,116.25,49061.832,1757570399999,5701801.19111,12061,21805.475,2534156.62094
1757570400000,116.24,116.95,116.18,116.80,65036.720,1757573999999,7591820.91825,14309,39156.397,4570768.46717
1757574000000,116.80,117.65,116.43,117.21,126972.078,1757577599999,14851056.78376,21129,66733.918,7805876.77597
1757577600000,117.20,117.28,116.80,116.87,48161.881,1757581199999,5635198.39986,13052,20160.803,2358845.33713
1757581200000,116.87,117.08,116.53,116.71,63495.079,1757584799999,7415742.74004,14190,28044.207,3275522.05802
1757584800000,116.72,117.47,116.45,117.31,70524.538,1757588399999,8249450.22282,16393,37723.009,4412093.86092
1757588400000,117.31,117.42,116.76,116.89,52149.694,1757591999999,6108719.06641,12763,22201.396,2600764.13368
1757592000000,116.88,117.51,115.00,116.35,403343.343,1757595599999,46932105.60322,60380,192651.012,22427836.86623
1757595600000,116.36,116.55,115.52,116.24,178268.568,1757599199999,20672694.76398,30677,94065.957,10910425.12202
1757599200000,116.25,116.27,112.83,113.83,847501.096,1757602799999,96653765.26781,103582,353765.240,40321997.45529
1757602800000,113.83,114.18,113.56,113.83,127361.847,1757606399999,14500817.15620,27916,64974.566,7398777.99104
1757606400000,113.84,114.34,113.72,114.19,76338.923,1757609999999,8706874.87089,16657,34284.005,3911164.74106
1757610000000,114.18,114.77,114.04,114.73,69997.458,1757613599999,8010648.36391,14670,37464.916,4287824.73810
1757613600000,114.74,114.86,114.32,114.75,58464.579,1757617199999,6702566.44398,14802,28021.534,3212617.92757
1757617200000,114.74,115.14,114.58,114.94,44286.477,1757620799999,5087678.52668,11907,16849.656,1936058.75126
1757620800000,114.95,115.28,114.83,115.13,70154.336,1757624399999,8071941.28735,14471,28997.625,3336821.20418
1757624400000,115.13,115.46,115.04,115.23,53186.594,1757627999999,6129096.22148,12024,19161.179,2208189.70451
1757628000000,115.23,116.07,115.20,115.87,74201.237,1757631599999,8588715.51046,17307,41088.126,4755610.30248
1757631600000,115.87,116.02,115.69,115.76,58612.517,1757635199999,6790276.48680,11747,25878.714,2998096.16589
1757635200000,115.76,116.87,115.51,116.26,131422.181,1757638799999,15276372.50041,24823,63783.399,7413301.49348
1757638800000,116.26,116.58,114.67,114.93,234996.660,1757642399999,27146671.33665,32766,91664.780,10587878.46236
1757642400000,114.93,116.05,114.88,115.84,164459.900,1757645999999,18988054.86218,22438,98733.907,11398342.68003
1757646000000,115.84,115.89,115.44,115.52,63666.977,1757649599999,7361545.75872,14367,30211.634,3493770.38385
1757649600000,115.52,115.61,115.22,115.52,56064.051,1757653199999,6472098.65837,12919,30656.407,3539069.26782
1757653200000,115.52,116.24,115.32,116.22,78519.446,1757656799999,9092658.73452,14677,45349.634,5253521.92057
1757656800000,116.22,116.43,115.87,115.97,65381.700,1757660399999,7593331.65519,13123,31727.911,3684467.02283
1757660400000,115.96,116.26,115.58,115.68,62674.782,1757663999999,7261592.54729,11337,25377.749,2939961.45323
1757664000000,115.68,115.86,115.41,115.70,53755.534,1757667599999,6216022.13763,12179,29394.097,3399085.80721
1757667600000,115.69,115.87,115.38,115.68,51512.826,1757671199999,5957133.30240,13325,28109.460,3251489.14695
1757671200000,115.67,115.90,115.32,115.46,63954.834,1757674799999,7390577.68142,14076,28837.170,3332918.47391
1757674800000,115.45,116.16,115.32,115.37,84435.993,1757678399999,9772742.24426,15441,43594.692,5046543.30431
1757678400000,115.38,115.66,114.86,115.50,123687.428,1757681999999,14247446.76942,20538,51498.414,5932248.47847
1757682000000,115.49,115.96,115.36,115.87,54717.479,1757685599999,6327603.41229,14300,25999.291,3006437.70325
1757685600000,115.87,116.84,115.69,116.66,176474.696,1757689199999,20528795.52328,25500,95776.238,11141910.17166
1757689200000,116.65,116.68,115.77,116.47,68795.331,1757692799999,7990943.47274,15664,36638.229,4256043.18801
1757692800000,116.47,117.16,116.34,117.16,103534.329,1757696399999,12090508.48858,19388,57382.565,6701720.95396
1757696400000,117.15,117.69,116.90,117.39,160082.878,1757699999999,18786172.42804,23919,81392.666,9553422.54308
1757700000000,117.39,117.80,117.00,117.15,217867.312,1757703599999,25562470.75012,27468,90301.061,10597576.39340
1757703600000,117.15,117.30,116.97,117.21,86575.884,1757707199999,10142705.98480,14147,48041.544,5628981.97243
1757707200000,117.21,117.84,116.84,117.64,118006.135,1757710799999,13835773.90225,21360,53018.075,6216697.76536
1757710800000,117.63,117.67,117.08,117.28,36813.239,1757714399999,4318306.22452,11378,18689.948,2192443.62138
1757714400000,117.28,117.99,117.26,117.77,74539.475,1757717999999,8775337.93740,14621,46006.502,5415526.58808
1757718000000,117.77,118.23,117.65,117.97,59391.897,1757721599999,7006078.50011,12945,32543.705,3839186.33955
1757721600000,117.97,118.29,117.55,118.26,77127.789,1757725199999,9090181.79106,14786,34748.400,4096901.50205
1757725200000,118.27,118.50,117.64,117.70,80292.168,1757728799999,9489520.43669,16255,37570.234,4441482.31571
1757728800000,117.70,118.03,117.40,117.79,53900.982,1757732399999,6346048.46287,11151,21529.933,2536283.35857
1757732400000,117.80,118.22,117.67,118.00,73122.041,1757735999999,8625105.28844,12939,40889.856,4823971.43625
1757736000000,118.01,118.08,117.66,117.79,51757.559,1757739599999,6100747.78909,10540,22796.926,2687164.48447
1757739600000,117.79,118.42,117.58,118.31,54979.745,1757743199999,6490167.73530,10346,26173.989,3089624.52167
1757743200000,118.32,119.44,118.28,118.94,147780.513,1757746799999,17557253.48290,25301,80250.414,9535297.82127
1757746800000,118.95,118.95,118.46,118.73,77771.171,1757750399999,9233577.78052,12669,43918.252,5214457.10701
1757750400000,118.73,120.12,118.64,119.57,274958.972,1757753999999,32917543.87526,33498,155186.027,18577504.63047
1757754000000,119.58,120.12,119.41,120.05,115259.623,1757757599999,13807042.28894,17162,61886.703,7413018.39524
1757757600000,120.05,120.50,119.61,119.87,138460.371,1757761199999,16627175.85049,23522,62567.792,7514674.86968
1757761200000,119.87,120.61,119.44,120.59,95810.088,1757764799999,11496333.78825,15895,48413.392,5810500.60856
1757764800000,120.59,120.63,119.87,120.05,77451.137,1757768399999,9304652.04276,13029,41893.865,5032083.92410
1757768400000,120.04,120.76,118.00,119.38,297979.461,1757771999999,35629371.83295,40890,140701.730,16837975.33394
1757772000000,119.37,120.29,118.61,119.79,161828.175,1757775599999,19340418.67673,30247,80172.589,9579790.80950
1757775600000,119.78,120.32,118.55,119.07,145529.893,1757779199999,17366140.69165,25568,62204.382,7426366.63023
1757779200000,119.06,119.60,118.20,118.62,192951.663,1757782799999,22931264.64242,33147,97387.158,11574057.22843
1757782800000,118.62,120.70,117.75,119.89,278887.984,1757786399999,33216935.18091,42900,142887.607,17021400.39427
1757786400000,119.89,119.99,118.67,119.60,108628.618,1757789999999,12939853.58708,21172,49040.712,5843824.67071
1757790000000,119.61,119.82,119.11,119.26,96455.903,1757793599999,11521893.04688,16382,45894.625,5483053.65053
1757793600000,119.27,119.79,119.23,119.61,40704.095,1757797199999,4866331.37183,12067,17960.525,2147393.32490
1757797200000,119.61,120.14,119.56,119.90,38216.501,1757800799999,4582436.72923,11682,18197.906,2182148.93241
1757800800000,119.91,120.14,119.00,119.27,137928.623,1757804399999,16485837.99528,21420,53185.343,6358698.17399
1757804400000,119.27,119.65,119.02,119.17,104321.352,1757807999999,12442094.40761,17142,45260.706,5398300.22286
1757808000000,119.17,119.30,118.50,118.71,77942.743,1757811599999,9267165.89209,18735,35966.744,4277308.07596
1757811600000,118.71,118.71,117.19,118.31,199531.141,1757815199999,23515221.26986,38572,81153.899,9564908.41163
1757815200000,118.32,118.81,117.15,117.68,155047.309,1757818799999,18286864.67574,32875,69404.480,8186717.39558
1757818800000,117.68,117.94,116.05,116.34,214239.511,1757822399999,25036203.60878,41890,92313.831,10786988.34601
1757822400000,116.34,116.97,115.99,116.82,121790.996,1757825999999,14184514.13853,26119,58792.071,6849219.53738
1757826000000,116.81,117.43,116.81,117.39,48911.711,1757829599999,5732747.29518,13246,27149.745,3181785.54957
1757829600000,117.39,117.47,116.71,117.12,48132.269,1757833199999,5634870.93650,13341,20560.761,2407500.54293
1757833200000,117.12,117.21,116.42,116.72,45544.751,1757836799999,5322104.79238,13445,19715.077,2304236.93260
1757836800000,116.73,117.04,116.20,116.71,79884.282,1757840399999,9315126.45007,15316,38100.725,4444207.94945
1757840400000,116.71,117.17,116.49,116.90,43690.584,1757843999999,5104710.67049,13702,21476.531,2509508.66118
1757844000000,116.90,116.96,116.39,116.51,60383.688,1757847599999,7042623.92679,13699,24429.831,2849928.96269
1757847600000,116.52,116.66,115.34,115.45,134867.897,1757851199999,15629015.43928,24334,56779.163,6580698.04730
1757851200000,115.45,115.91,114.82,115.27,149844.362,1757854799999,17293281.05320,25570,71686.016,8275884.94876
1757854800000,115.28,115.38,114.47,114.83,101796.019,1757858399999,11702805.75474,22485,47389.673,5449619.58404
1757858400000,114.84,115.33,113.84,114.58,184590.631,1757861999999,21129083.04045,32824,81030.949,9279991.60489
1757862000000,114.58,114.94,114.10,114.67,112284.817,1757865599999,12858490.48147,22735,55054.271,6304223.91989
1757865600000,114.68,115.21,114.51,114.84,65819.690,1757869199999,7564604.14428,15838,30418.604,3496428.92293
1757869200000,114.85,115.48,114.68,115.31,66772.816,1757872799999,7691418.54686,14019,39966.969,4604114.96645
1757872800000,115.32,115.41,114.79,114.96,45857.999,1757876399999,5279532.56397,10738,23799.529,2740470.90945
1757876400000,114.97,115.30,114.71,115.07,26018.072,1757879999999,2993242.78696,8758,14779.153,1700498.65295
1757880000000,115.07,115.40,115.02,115.22,25974.038,1757883599999,2993122.99960,8997,13369.780,1540869.12661
1757883600000,115.22,115.70,114.91,115.53,58510.104,1757887199999,6742543.00201,12059,32726.218,3770906.07227
1757887200000,115.54,116.06,115.14,115.80,46700.308,1757890799999,5397838.20857,12242,25529.105,2950978.59689
1757890800000,115.81,115.81,114.80,115.02,54277.424,1757894399999,6251784.03994,12882,21507.343,2476874.42661
1757894400000,115.02,115.85,114.99,115.34,54741.473,1757897999999,6319502.04265,15817,27311.636,3152675.68257
1757898000000,115.34,115.85,114.52,115.49,62561.654,1757901599999,7207436.63291,20307,28889.852,3329136.68845
1757901600000,115.49,116.03,115.45,115.67,45903.913,1757905199999,5313893.56919,13739,21194.128,2453494.05564
1757905200000,115.68,116.15,115.55,115.62,35925.915,1757908799999,4160456.80032,12513,15767.039,1826302.23830
1757908800000,115.62,116.15,115.50,115.86,49538.722,1757912399999,5738544.95664,16202,27842.087,3224837.20668
1757912400000,115.86,116.71,115.79,116.59,99148.339,1757915999999,11541652.91374,17216,57794.194,6727357.43608
1757916000000,116.60,116.65,115.21,115.64,128832.867,1757919599999,14944528.37589,20877,58855.903,6826247.07263
1757919600000,115.65,116.27,114.55,114.84,126697.840,1757923199999,14589433.98017,23859,57345.795,6605042.45855
1757923200000,114.83,114.84,112.34,112.78,435984.077,1757926799999,49525977.14428,61288,190984.739,21698078.06631
1757926800000,112.78,113.75,112.60,113.63,146292.287,1757930399999,16569809.83374,27256,72748.618,8240079.71140
1757930400000,113.63,113.65,112.77,113.40,61153.415,1757933999999,6921484.86926,15603,25591.398,2896534.51823
1757934000000,113.41,114.06,113.06,113.83,315293.460,1757937599999,35906199.96644,21743,252293.938,28741506.77770
1757937600000,113.83,113.99,113.11,113.19,59400.489,1757941199999,6743099.27942,16667,19496.530,2213320.79147
1757941200000,113.19,114.03,112.90,113.79,101510.040,1757944799999,11503645.94630,24327,44281.844,5018693.10161
1757944800000,113.79,113.82,112.71,112.77,100393.830,1757948399999,11375499.22061,25525,48637.741,5513018.89014
1757948400000,112.78,113.22,112.31,113.06,132860.653,1757951999999,14981342.28677,25876,67208.979,7580530.03528
1757952000000,113.05,113.05,111.84,112.13,153207.681,1757955599999,17213887.81486,29194,68181.944,7663754.32258
1757955600000,112.13,113.11,112.08,113.05,67048.160,1757959199999,7549391.31786,18155,37627.870,4236766.89365
1757959200000,113.04,113.46,112.61,113.34,41132.022,1757962799999,4647914.58571,13577,18639.091,2106239.77400
1757962800000,113.34,113.67,112.82,113.20,36923.632,1757966399999,4182742.02807,13338,18990.497,2151387.96363
1757966400000,113.20,113.51,113.09,113.40,25043.961,1757969999999,2838149.66956,9128,10248.699,1161333.27548
1757970000000,113.41,113.67,113.19,113.57,36144.422,1757973599999,4101082.63490,9693,20676.685,2346243.21135
1757973600000,113.58,113.67,113.24,113.50,29184.314,1757977199999,3311250.28966,9806,12981.921,1472965.08117
1757977200000,113.51,113.74,113.38,113.66,27655.291,1757980799999,3141919.96404,9090,12947.819,1471231.67419
1757980800000,113.66,113.70,113.09,113.35,42353.772,1757984399999,4803247.18332,11578,16382.043,1857363.17553
1757984400000,113.35,113.96,113.06,113.10,68376.822,1757987999999,7769892.99301,15210,29060.165,3303026.38950
1757988000000,113.11,113.51,112.78,112.86,42616.626,1757991599999,4820951.92390,10276,16202.114,1833203.69517
1757991600000,112.86,113.04,112.48,112.48,72298.579,1757995199999,8155297.18776,13409,30022.203,3386270.85959
1757995200000,112.48,113.09,111.89,113.04,129906.546,1757998799999,14614786.34341,20037,70882.178,7977353.81658
1757998800000,113.04,114.46,113.00,114.20,148771.104,1758002399999,16935361.09538,23299,80101.625,9118616.39350
1758002400000,114.21,114.40,113.57,113.80,95691.028,1758005999999,10908574.40882,16393,41644.326,4747086.90099
1758006000000,113.80,115.13,113.80,114.74,118473.489,1758009599999,13577781.35798,19870,63815.227,7312380.76832
1758009600000,114.75,115.20,114.18,114.55,91039.242,1758013199999,10434486.13214,19157,40958.973,4695225.92095
1758013200000,114.56,115.01,114.35,114.94,70078.610,1758016799999,8038690.40306,15422,38071.279,4367244.94303
1758016800000,114.94,115.01,114.18,114.21,51857.412,1758020399999,5947490.17237,14721,23119.375,2652477.07521
1758020400000,114.22,114.55,113.93,114.30,60335.730,1758023999999,6894207.31378,12633,29607.754,3384222.41609
1758024000000,114.31,114.53,114.12,114.25,34554.305,1758027599999,3950660.65114,10818,16670.446,1906016.63810
1758027600000,114.26,114.66,113.55,114.46,133101.251,1758031199999,15181210.15620,24949,63580.704,7251366.88550
1758031200000,114.45,114.58,113.19,114.49,161442.234,1758034799999,18385920.52418,27035,84865.552,9665025.98102
1758034800000,114.48,115.07,114.09,115.00,115823.210,1758038399999,13274489.83314,19677,57399.251,6578501.83311
1758038400000,115.00,115.28,114.44,115.10,135602.629,1758041999999,15573276.19421,23319,68784.768,7900303.54768
1758042000000,115.09,115.77,114.98,115.12,125228.356,1758045599999,14445325.12115,24115,59095.744,6816312.26583
1758045600000,115.12,115.53,114.74,114.89,69194.103,1758049199999,7964476.95600,13526,36059.040,4150612.80945
1758049200000,114.89,115.22,114.74,115.15,41618.539,1758052799999,4782819.65845,10929,24433.420,2807767.21456
1758052800000,115.14,115.22,114.68,114.83,37321.692,1758056399999,4288090.42422,11416,16238.934,1865768.10505
1758056400000,114.83,115.43,114.80,115.41,56240.794,1758059999999,6474443.56536,12126,29771.866,3427878.77568
1758060000000,115.41,115.52,115.04,115.21,37916.805,1758063599999,4371217.40174,11262,15207.182,1753301.07570
1758063600000,115.21,115.24,114.79,114.96,32856.766,1758067199999,3779078.11607,9525,12477.322,1435398.02273
1758067200000,114.97,115.28,114.90,114.99,22909.792,1758070799999,2637181.71242,10226,10598.731,1220010.65155
1758070800000,114.98,115.23,114.82,115.14,26025.832,1758074399999,2992558.13468,10744,12649.220,1454540.56331
1758074400000,115.15,115.83,115.00,115.52,56299.124,1758077999999,6500415.44732,14438,29318.728,3385052.27769
1758078000000,115.52,115.67,114.54,114.64,77059.234,1758081599999,8868259.87963,15089,27954.462,3216570.43632
1758081600000,114.64,114.81,113.70,113.99,108706.488,1758085199999,12407662.95392,16520,38983.134,4450933.01095
1758085200000,113.99,114.73,113.89,114.69,85452.685,1758088799999,9761456.96591,15232,52124.163,5955943.76332
1758088800000,114.69,115.30,114.47,115.26,76034.020,1758092399999,8733149.61593,13344,31070.533,3571185.39634
1758092400000,115.26,115.41,114.94,115.19,48487.264,1758095999999,5586226.63668,11310,26927.176,3102678.14085
1758096000000,115.19,115.30,114.67,115.08,73372.525,1758099599999,8442756.61669,14697,32204.132,3706246.15413
1758099600000,115.07,115.12,114.46,114.49,36070.744,1758103199999,4138648.57292,9482,14169.159,1625681.36120
1758103200000,114.50,114.67,113.89,114.04,62379.304,1758106799999,7123702.52742,11676,26260.988,2998551.58077
1758106800000,114.04,114.48,114.00,114.13,30812.789,1758110399999,3520022.26376,8190,13784.373,1574658.48691
1758110400000,114.13,114.44,113.71,114.27,65581.553,1758113999999,7482135.31955,12958,32427.538,3700468.47457
1758114000000,114.26,114.61,113.97,114.22,52566.185,1758117599999,6009437.60182,12020,24438.084,2793286.95889
1758117600000,114.23,114.60,113.46,113.84,146724.412,1758121199999,16727130.84499,25696,69551.466,7930251.25755
1758121200000,113.85,114.23,113.74,113.82,54885.577,1758124799999,6253557.20198,11847,26869.340,3061918.24292
1758124800000,113.81,114.33,113.32,114.21,74717.038,1758128399999,8499442.06467,13642,36940.027,4202831.32574
1758128400000,114.21,115.28,113.51,113.70,107522.046,1758131999999,12330414.48435,19295,48436.835,5557991.03889
1758132000000,113.70,115.13,113.05,113.68,345373.594,1758135599999,39436166.69151,65772,165558.979,18908717.56325
1758135600000,113.67,115.05,113.63,114.91,113670.317,1758139199999,13020168.44436,26145,56540.842,6476227.96899
1758139200000,114.91,115.50,114.31,114.42,89962.063,1758142799999,10348828.71615,19395,39057.552,4493762.49634
1758142800000,114.42,115.62,113.95,115.51,78725.140,1758146399999,9040182.63634,17702,40257.363,4621536.82900
1758146400000,115.52,117.27,115.52,117.08,228733.050,1758149999999,26669757.79783,36668,136417.243,15898148.44218
1758150000000,117.09,117.56,116.66,116.97,137795.294,1758153599999,16143458.89262,25784,65865.564,7716818.28601
1758153600000,116.97,117.74,116.74,116.89,125448.797,1758157199999,14708258.07601,25203,60448.935,7089840.11490
1758157200000,116.89,117.61,116.75,117.33,60911.025,1758160799999,7145783.25800,15112,31860.574,3738213.62999
1758160800000,117.33,117.56,116.95,117.53,40061.680,1758164399999,4695968.47704,11397,19037.177,2232262.60797
1758164400000,117.53,118.07,117.42,117.76,108874.288,1758167999999,12824038.40130,18470,55456.358,6532488.48650
1758168000000,117.77,117.97,117.29,117.44,75904.420,1758171599999,8927639.49901,12990,33796.735,3975538.32062
1758171600000,117.45,117.45,116.64,116.86,62080.570,1758175199999,7262091.80042,10338,24430.711,2857016.25096
1758175200000,116.86,116.94,114.84,114.98,389370.788,1758178799999,44974511.97282,37634,164824.554,19022275.65214
1758178800000,114.98,115.81,114.95,115.43,134114.899,1758182399999,15464663.83376,21036,72520.240,8362247.92337
1758182400000,115.43,116.12,115.37,116.08,92164.701,1758185999999,10680946.32776,16511,49506.275,5737320.43211
1758186000000,116.07,116.20,115.76,115.84,71806.803,1758189599999,8327606.72058,13957,30691.568,3559383.06905
1758189600000,115.84,116.00,115.08,115.27,137868.240,1758193199999,15901104.94862,19452,58021.248,6691996.41619
1758193200000,115.28,115.72,115.23,115.70,73610.580,1758196799999,8500906.07119,14309,40828.530,4715094.27308
1758196800000,115.70,115.88,115.31,115.67,71826.345,1758200399999,8306766.97858,16116,34320.912,3969643.37351
1758200400000,115.67,116.40,115.40,115.96,135858.990,1758203999999,15753957.08446,23564,64375.291,7465315.08107
1758204000000,115.95,116.46,115.89,116.21,92025.452,1758207599999,10691977.93870,17627,41522.542,4824286.23518
1758207600000,116.22,117.45,116.03,116.97,184169.438,1758211199999,21509067.85937,27843,109389.126,12774790.52759
1758211200000,116.97,117.77,116.92,117.17,127237.957,1758214799999,14933486.76486,23722,71913.231,8440748.26487
1758214800000,117.17,118.32,117.00,118.14,174960.071,1758218399999,20619804.33641,26156,101595.864,11974628.08377
1758218400000,118.14,118.76,117.97,118.67,106506.087,1758221999999,12605305.06991,19734,63209.918,7482573.00425
1758222000000,118.67,118.73,117.80,118.44,101219.954,1758225599999,11969824.94748,20481,43917.777,5193033.48809
1758225600000,118.45,119.07,118.37,118.74,87157.229,1758229199999,10355214.25771,17059,48952.662,5815038.96515
1758229200000,118.75,118.82,118.07,118.11,53649.234,1758232799999,6351795.55608,13432,20634.339,2444023.36245
1758232800000,118.12,118.60,117.86,118.03,55349.800,1758236399999,6541503.46481,13466,27158.956,3210539.26106
1758236400000,118.03,118.32,117.56,118.14,65242.117,1758239999999,7692864.14108,14719,28934.874,3412306.80894
1758240000000,118.15,119.14,118.15,119.13,68002.355,1758243599999,8070236.06970,15809,37947.708,4503577.24571
1758243600000,119.14,119.43,118.39,118.62,101398.879,1758247199999,12063509.89574,20667,44198.171,5258475.44866
1758247200000,118.61,119.00,117.76,117.84,108787.543,1758250799999,12866477.65232,19890,45073.713,5330436.78706
1758250800000,117.84,118.29,117.07,117.14,91268.489,1758254399999,10724720.38560,21643,40339.057,4739891.67164
1758254400000,117.13,117.33,116.22,117.32,176885.340,1758257999999,20659565.80062,28672,73574.125,8594564.10949
1758258000000,117.32,117.34,116.39,117.28,84481.945,1758261599999,9876847.30821,16422,33090.231,3871623.11903
1758261600000,117.29,117.69,116.62,116.64,87921.786,1758265199999,10298861.05420,18714,44431.398,5206518.51733
1758265200000,116.63,117.66,116.55,117.49,76256.370,1758268799999,8936204.86233,16682,37489.609,4390501.91045
1758268800000,117.49,117.74,116.80,117.05,68511.670,1758272399999,8032619.61565,13289,26189.761,3072310.29182
1758272400000,117.04,117.51,116.06,116.39,99955.799,1758275999999,11662480.56934,20117,44670.836,5211616.01846
1758276000000,116.39,116.79,116.16,116.55,59358.120,1758279599999,6916915.57372,18145,24295.492,2831518.57405
1758279600000,116.55,116.56,115.42,115.71,113360.622,1758283199999,13133331.44999,22511,47602.307,5514806.61813
1758283200000,115.72,116.24,115.52,115.76,65459.271,1758286799999,7585777.31837,16944,37353.777,4328862.13211
1758286800000,115.75,116.48,115.73,116.16,67974.339,1758290399999,7893163.66004,19651,30723.017,3567660.61516
1758290400000,116.15,116.43,115.20,115.55,136317.734,1758293999999,15780316.52549,25918,64749.422,7495648.03708
1758294000000,115.55,115.60,114.54,115.43,157993.802,1758297599999,18167597.77282,32449,79291.588,9118040.22459
1758297600000,115.43,115.79,115.30,115.40,54025.553,1758301199999,6242197.26847,14524,26134.970,3020219.79412
1758301200000,115.40,115.42,114.40,114.48,68956.388,1758304799999,7918625.86025,14851,26710.055,3067319.13751
1758304800000,114.47,114.61,113.83,113.96,91448.997,1758308399999,10447183.19831,21096,40802.227,4662576.77030
1758308400000,113.96,114.56,113.76,113.77,63342.091,1758311999999,7230732.58126,14740,27801.307,3174468.99621
1758312000000,113.77,114.19,113.75,113.76,51521.502,1758315599999,5871628.29678,14056,22551.239,2570376.09083
1758315600000,113.75,114.23,113.54,114.19,43761.737,1758319199999,4983311.78774,11093,18652.027,2124610.74678
1758319200000,114.19,114.43,114.16,114.18,40999.352,1758322799999,4685847.51688,9619,16101.190,1840266.36926
1758322800000,114.19,114.24,113.30,113.95,67921.548,1758326399999,7720427.11770,14336,30512.357,3468051.86350
1758326400000,113.95,114.48,113.81,114.47,44949.324,1758329999999,5128445.11624,13233,25486.660,2908348.61331
1758330000000,114.47,114.52,113.85,114.01,49047.040,1758333599999,5603801.31006,12265,25012.513,2858053.91043
1758333600000,114.02,114.23,113.42,114.17,38989.572,1758337199999,4436747.28033,13174,17748.546,2020109.36340
1758337200000,114.17,114.46,113.90,114.22,35494.701,1758340799999,4054425.84349,11134,16283.293,1860130.80799
1758340800000,114.22,114.53,114.14,114.25,42097.326,1758344399999,4813226.58056,11786,20522.388,2346598.18434
1758344400000,114.25,114.60,114.13,114.58,33126.692,1758347999999,3788826.90082,9198,16222.230,1855453.99145
1758348000000,114.59,114.59,114.29,114.50,24365.130,1758351599999,2788361.41011,7432,11483.229,1314188.39126
1758351600000,114.50,115.25,114.47,115.10,125546.065,1758355199999,14427161.29568,18019,74841.643,8598373.79597
1758355200000,115.10,115.10,114.21,114.24,64707.979,1758358799999,7418248.22568,13222,24354.241,2792661.35945
1758358800000,114.24,114.50,113.72,113.86,48603.838,1758362399999,5544532.84607,12853,19235.289,2193811.35968
1758362400000,113.86,114.18,113.52,113.54,51479.367,1758365999999,5858621.26020,12315,17664.967,2010600.21913
1758366000000,113.54,113.93,113.35,113.89,38578.858,1758369599999,4383766.07836,11464,18408.623,2092104.73055
1758369600000,113.89,114.01,113.73,113.87,27723.024,1758373199999,3156407.67467,8580,13469.463,1533695.68952
1758373200000,113.87,113.94,113.46,113.69,42160.516,1758376799999,4792157.52415,9469,15019.657,1707342.26989
1758376800000,113.69,114.34,113.36,114.26,44945.588,1758380399999,5118209.98808,11389,21150.149,2409137.90424
1758380400000,114.26,114.79,114.25,114.63,77813.682,1758383999999,8913800.62928,15404,36369.007,4166477.07355
1758384000000,114.64,114.83,114.15,114.51,39571.172,1758387599999,4531824.02914,11433,18144.553,2078055.50268
1758387600000,114.51,114.55,114.01,114.11,26677.907,1758391199999,3047733.79536,9981,10536.811,1203711.05837
1758391200000,114.10,114.10,113.58,113.70,34245.505,1758394799999,3896616.19967,11535,16375.289,1863341.05647
1758394800000,113.69,114.03,113.55,113.73,22621.192,1758398399999,2573362.81145,9730,8961.802,1019452.23697
1758398400000,113.74,114.09,113.63,114.00,21458.202,1758401999999,2444455.75023,8685,10454.130,1190953.20644
1758402000000,114.01,114.38,113.91,114.04,24826.480,1758405599999,2834035.95352,9222,11722.883,1338412.16445
1758405600000,114.03,114.17,113.87,114.10,19148.734,1758409199999,2183356.65735,7355,9657.224,1100980.97549
1758409200000,114.11,114.12,113.62,113.85,19963.702,1758412799999,2271889.66901,8201,7696.784,875806.72774
1758412800000,113.85,114.36,113.67,114.24,34977.128,1758416399999,3986706.40247,13304,16368.520,1865502.34949
1758416400000,114.24,114.33,113.78,113.91,22668.437,1758419999999,2585315.15261,10469,10873.368,1240101.64594
1758420000000,113.91,114.35,113.77,114.27,29821.373,1758423599999,3402806.50655,12405,15274.216,1742565.09252
1758423600000,114.28,114.39,114.16,114.38,20345.856,1758427199999,2324802.71261,9207,9917.610,1133278.01087
1758427200000,114.39,114.40,114.00,114.26,19751.493,1758430799999,2255179.27874,9050,7500.008,856225.56325
1758430800000,114.27,114.75,114.12,114.73,22046.201,1758434399999,2522050.25200,9020,11282.520,1291032.30511
1758434400000,114.74,114.96,114.63,114.82,48897.065,1758437999999,5613864.31123,12579,25766.624,2958246.60902
1758438000000,114.83,115.36,114.69,115.32,59869.606,1758441599999,6892735.04031,14208,30156.592,3472762.52948
1758441600000,115.33,115.45,114.84,115.13,66930.432,1758445199999,7706171.03906,15545,24540.922,2825610.55607
1758445200000,115.14,115.40,114.40,115.26,89161.392,1758448799999,10242272.48845,19809,35150.300,4039408.62086
1758448800000,115.27,116.20,114.82,114.89,148978.919,1758452399999,17223640.82640,28367,71943.841,8319211.81168
1758452400000,114.88,115.12,114.60,114.67,52499.309,1758455999999,6031319.05625,13943,30086.282,3457071.55974
1758456000000,114.68,115.35,114.52,114.64,45611.128,1758459599999,5244454.76332,14020,22034.638,2533532.16658
1758459600000,114.64,115.07,114.61,115.03,28783.224,1758463199999,3306971.47670,9825,15385.236,1767663.48788
1758463200000,115.02,115.23,114.65,114.70,27227.020,1758466799999,3128582.11077,11976,12949.445,1487870.20962
1758466800000,114.69,115.52,114.68,115.37,61564.664,1758470399999,7087432.38226,14630,27771.058,3196495.40765
1758470400000,115.38,115.53,114.68,115.03,76487.048,1758473999999,8801352.03770,19986,35683.534,4105615.52839
1758474000000,115.02,115.83,114.53,115.78,69353.019,1758477599999,7986871.99598,19017,33530.267,3861620.63497
1758477600000,115.78,115.89,115.18,115.30,49013.290,1758481199999,5666430.35408,14033,21534.300,2489772.17902
1758481200000,115.30,115.36,114.80,115.18,37964.106,1758484799999,4366292.57207,12703,19964.282,2296284.65032
1758484800000,115.17,115.31,114.82,115.02,33704.011,1758488399999,3877282.01568,11450,16915.670,1946069.52933
1758488400000,115.03,115.15,114.66,114.86,33320.907,1758491999999,3827649.01687,9601,13549.950,1556392.35218
1758492000000,114.87,115.08,114.20,114.84,45202.479,1758495599999,5177274.33664,13301,20951.402,2399713.32027
1758495600000,114.85,114.85,113.86,113.92,44689.256,1758499199999,5101502.23712,13173,21192.114,2419636.54126
1758499200000,113.92,114.46,111.24,111.55,376125.911,1758502799999,42309264.56275,65840,169006.343,19011562.22061
1758502800000,111.55,112.56,111.43,111.85,168548.319,1758506399999,18862822.53110,38490,93483.475,10462817.80951
1758506400000,111.86,112.14,109.94,110.64,254709.838,1758509999999,28227379.63748,50573,113224.509,12550626.30334
1758510000000,110.64,111.43,110.64,111.33,64490.537,1758513599999,7161368.54230,20430,35210.759,3909847.69834
1758513600000,111.32,111.49,110.80,111.12,77792.444,1758517199999,8647316.42374,19130,41073.896,4565204.45253
1758517200000,111.12,111.14,109.27,109.28,108665.918,1758520799999,12004227.95374,23221,42435.540,4694793.89333
1758520800000,109.28,109.51,100.55,106.85,990762.592,1758524399999,105091651.17243,139793,427984.988,45442120.92055
1758524400000,106.85,106.85,105.29,105.44,187644.124,1758527999999,19905918.61802,38226,94686.942,10044099.00072
1758528000000,105.45,105.95,104.82,105.58,165208.244,1758531599999,17407462.67499,34508,81813.862,8624044.90712
1758531600000,105.58,105.61,104.74,104.97,150760.208,1758535199999,15857631.29062,27242,73619.084,7744668.93927
1758535200000,104.97,105.86,104.72,105.68,116353.740,1758538799999,12262938.22654,24328,68214.262,7190510.63752
1758538800000,105.68,105.79,105.22,105.57,78515.548,1758542399999,8284594.09323,21016,38008.088,4010499.39641
1758542400000,105.57,106.20,105.25,106.00,83714.855,1758545999999,8858353.45600,22873,37447.531,3962493.14146
1758546000000,106.00,106.41,105.55,106.37,88103.938,1758549599999,9347894.91374,25914,38250.296,4058565.31737
1758549600000,106.37,106.64,105.61,105.80,98509.526,1758553199999,10453937.53694,26153,46444.422,4929380.34640
1758553200000,105.81,105.95,104.77,105.21,102125.566,1758556799999,10759550.94309,25015,46545.196,4904967.28606
1758556800000,105.21,105.70,104.92,105.04,75746.076,1758560399999,7977308.85220,21792,38443.841,4049166.08834
1758560400000,105.04,105.42,104.52,105.32,79503.035,1758563999999,8342186.97847,21754,43600.992,4575928.90661
1758564000000,105.31,105.56,104.85,104.85,65269.093,1758567599999,6870053.08877,16074,23590.015,2483339.72272
1758567600000,104.85,105.08,104.52,104.70,66833.781,1758571199999,6999821.73385,18154,34255.851,3588393.22209
1758571200000,104.69,105.99,104.55,105.82,59438.823,1758574799999,6265665.99817,18357,31040.462,3271208.07832
1758574800000,105.83,106.11,105.40,106.08,42884.772,1758578399999,4536378.59713,12209,21686.342,2294145.74918
1758578400000,106.08,106.08,105.61,105.67,25398.930,1758581999999,2686467.07562,9765,11355.827,1201071.14703
1758582000000,105.66,105.88,105.57,105.61,36819.983,1758585599999,3892821.16822,12037,18479.010,1953835.89213
1758585600000,105.61,105.96,105.19,105.43,164439.693,1758589199999,17357346.90060,32291,90017.332,9502287.61779
1758589200000,105.43,106.08,105.12,105.34,83278.792,1758592799999,8790711.11718,19044,47115.767,4974889.21704
1758592800000,105.34,106.13,104.68,104.76,107050.210,1758596399999,11282097.40399,23898,53045.306,5593876.93404
1758596400000,104.76,106.59,104.34,106.09,169142.452,1758599999999,17862272.83217,34963,88219.542,9321955.19442
1758600000000,106.09,106.40,105.45,105.89,84168.012,1758603599999,8912218.66337,21704,44773.350,4742592.97209
1758603600000,105.88,106.20,105.57,105.66,71232.099,1758607199999,7540935.06767,17716,35393.331,3746694.63595
1758607200000,105.66,106.52,105.57,106.38,91938.600,1758610799999,9754337.52400,19295,45992.271,4879890.51353
1758610800000,106.38,106.53,106.00,106.19,66656.662,1758614399999,7083600.23400,18229,33642.588,3574871.36831
1758614400000,106.19,106.46,106.02,106.37,42944.591,1758617999999,4563237.55483,14258,16194.602,1720917.02957
1758618000000,106.37,106.63,105.70,105.90,107988.406,1758621599999,11455782.62362,18549,48090.016,5101178.90874
1758621600000,105.90,106.38,105.75,106.30,31541.295,1758625199999,3345463.80132,10731,15123.048,1604324.58474
1758625200000,106.31,106.58,105.86,106.44,35450.201,1758628799999,3766817.74540,11968,17200.576,1827427.87569
1758628800000,106.43,107.16,106.32,106.92,94117.741,1758632399999,10047687.29074,19232,48160.146,5141311.86929
1758632400000,106.91,106.99,106.08,106.36,98579.060,1758635999999,10504315.98072,19551,45651.135,4862988.92918
1758636000000,106.36,106.88,106.04,106.35,65817.754,1758639599999,7005623.40218,18731,30756.387,3273458.17952
1758639600000,106.34,106.93,106.13,106.72,56822.419,1758643199999,6056519.40964,18169,30526.976,3253782.76445
1758643200000,106.72,106.78,105.85,106.54,82717.696,1758646799999,8793332.34152,19820,40418.547,4296786.99972
1758646800000,106.53,106.60,105.31,105.51,94715.723,1758650399999,10024890.79720,21764,46774.804,4951955.91386
1758650400000,105.51,106.18,105.49,105.95,128157.515,1758653999999,13572471.22154,23743,69672.162,7378841.76859
1758654000000,105.94,106.63,105.60,105.96,59113.862,1758657599999,6276171.03465,17455,28491.564,3024222.62899
1758657600000,105.96,106.51,105.61,106.48,53059.254,1758661199999,5629583.04371,16828,27212.552,2887950.60656
1758661200000,106.48,106.69,105.70,106.36,51739.482,1758664799999,5494135.09820,12971,28101.739,2983081.08281
1758664800000,106.36,106.42,106.00,106.26,26689.397,1758668399999,2835374.95039,9700,12500.897,1328153.02673
1758668400000,106.26,106.53,106.00,106.01,33890.844,1758671999999,3599978.48314,9481,16955.060,1800787.42304
1758672000000,106.02,106.81,105.99,106.57,48609.814,1758675599999,5178472.94004,12754,20788.526,2214336.78413
1758675600000,106.57,107.55,106.44,107.48,49943.069,1758679199999,5349066.34275,13342,27671.634,2964024.25254
1758679200000,107.49,107.54,106.75,107.04,77647.356,1758682799999,8321786.68242,18215,38453.952,4121133.03137
1758682800000,107.05,107.18,105.65,105.76,148825.121,1758686399999,15803834.29259,29044,70790.881,7517707.72553
1758686400000,105.75,106.88,104.50,106.53,248744.097,1758689999999,26269108.72983,46768,124681.975,13167531.35505
1758690000000,106.52,107.31,106.35,107.22,59585.902,1758693599999,6367045.43731,16883,27528.190,2940790.62342
1758693600000,107.21,107.40,106.18,106.89,592932.008,1758697199999,63441626.01345,63115,314336.082,33645582.19995
1758697200000,106.89,107.01,106.50,106.83,51985.011,1758700799999,5549275.16294,13636,26610.427,2840656.36500
1758700800000,106.83,107.02,106.65,106.73,30993.319,1758704399999,3311480.99695,10355,14972.372,1599713.87359
1758704400000,106.73,106.99,106.54,106.86,37757.734,1758707999999,4030954.12310,9643,17453.702,1863319.49007
1758708000000,106.85,107.08,106.65,107.06,64985.584,1758711599999,6943132.58128,10827,34322.648,3667112.93644
1758711600000,107.05,107.37,106.93,107.14,50297.598,1758715199999,5390237.32100,11165,23091.901,2474821.46434
1758715200000,107.14,107.25,105.87,106.36,204006.930,1758718799999,21724026.48628,25338,73066.418,7775114.80688
1758718800000,106.36,106.76,106.10,106.24,54514.499,1758722399999,5801934.43730,15262,26347.075,2804186.62066
1758722400000,106.25,107.63,106.23,107.26,91773.895,1758725999999,9835777.63382,19503,53280.401,5709716.33868
1758726000000,107.27,107.40,106.70,106.78,61032.194,1758729599999,6536742.11586,15285,24044.522,2575039.71860
1758729600000,106.78,106.83,106.44,106.56,48688.101,1758733199999,5189804.02404,12080,24635.356,2626234.68831
1758733200000,106.57,107.04,106.44,106.64,33594.019,1758736799999,3586037.00332,10102,20143.488,2150472.77847
1758736800000,106.63,106.66,106.20,106.24,35882.904,1758740399999,3817629.45934,9240,15646.355,1664588.63218
1758740400000,106.23,106.25,105.77,106.05,45689.784,1758743999999,4841669.92825,10507,20376.538,2159123.97926
1758744000000,106.05,106.29,105.72,106.23,37038.766,1758747599999,3927784.98768,10014,20381.286,2161631.97580
1758747600000,106.23,106.46,105.74,105.85,37103.134,1758751199999,3940158.60009,7904,15709.124,1668592.44025
1758751200000,105.86,106.23,105.75,105.83,36314.560,1758754799999,3847853.51809,11833,17433.650,1847287.28948
1758754800000,105.84,106.06,105.40,105.49,46172.961,1758758399999,4880681.20760,11303,22283.380,2355584.23938
1758758400000,105.49,105.79,105.09,105.19,58230.181,1758761999999,6136764.32664,16801,27528.976,2901802.11224
1758762000000,105.18,105.51,104.57,104.92,110619.371,1758765599999,11616495.75925,25059,48750.760,5121509.26567
1758765600000,104.93,105.77,104.46,105.38,77758.868,1758769199999,8176911.66476,19663,39018.388,4104070.46392
1758769200000,105.39,105.39,104.12,104.78,91712.049,1758772799999,9588992.02394,20529,43337.901,4531307.84183
1758772800000,104.77,105.07,103.24,103.75,209155.225,1758776399999,21755078.60604,33891,107107.427,11144382.81818
1758776400000,103.74,104.76,103.34,104.54,68254.391,1758779999999,7113114.06998,17172,34160.703,3560543.70334
1758780000000,104.54,104.56,103.72,103.77,54770.674,1758783599999,5698196.99814,15704,25663.530,2669364.37112
1758783600000,103.78,104.30,103.58,103.91,50312.332,1758787199999,5231598.06694,14943,22084.853,2296313.47332
1758787200000,103.91,104.53,103.68,103.93,53698.614,1758790799999,5590421.46698,14316,25436.372,2647990.40868
1758790800000,103.93,104.62,103.75,103.78,66861.158,1758794399999,6974937.38418,14325,29521.828,3079046.30965
1758794400000,103.79,104.23,103.30,103.31,68381.410,1758797999999,7096239.59407,13341,26891.274,2790303.80735
1758798000000,103.31,103.55,102.86,103.41,112774.951,1758801599999,11640473.73244,19625,60169.902,6211185.15746
1758801600000,103.40,104.14,101.78,103.84,244193.499,1758805199999,25184569.72029,44269,126670.834,13075551.84684
1758805200000,103.84,104.76,103.38,103.82,187571.610,1758808799999,19519910.51899,33878,93877.649,9770061.53620
1758808800000,103.82,105.23,103.82,104.70,92391.485,1758812399999,9678542.26952,22388,45185.912,4732512.52507
1758812400000,104.70,104.79,104.09,104.49,65101.912,1758815999999,6793958.06344,15185,30596.005,3192850.44426
1758816000000,104.48,104.67,102.98,103.11,93704.415,1758819599999,9722285.96079,21825,42959.827,4458851.15296
1758819600000,103.10,103.12,100.19,100.85,457595.456,1758823199999,46529777.19939,68336,229226.973,23303909.04730
1758823200000,100.85,103.17,100.41,103.13,234858.288,1758826799999,23896292.37182,44446,119514.144,12154795.83973
1758826800000,103.14,103.72,102.54,102.74,95485.996,1758830399999,9858217.42117,23706,43165.171,4457002.25531
1758830400000,102.75,102.90,102.12,102.24,64478.365,1758833999999,6607986.15834,18611,27979.003,2867367.48770
1758834000000,102.25,103.10,101.89,102.83,66989.318,1758837599999,6864457.48482,18991,34577.069,3542841.27694
1758837600000,102.82,103.14,102.12,102.35,61048.929,1758841199999,6269724.25608,16218,27281.851,2801694.25338
1758841200000,102.36,102.93,101.47,102.23,88172.616,1758844799999,9000242.34093,21640,44765.331,4569785.81619
1758844800000,102.22,103.64,102.21,103.49,79072.615,1758848399999,8135564.48851,23845,38307.188,3941951.62633
1758848400000,103.50,103.87,103.27,103.47,61222.809,1758851999999,6338804.37638,21400,29630.754,3067857.62675
1758852000000,103.48,103.83,102.97,103.26,43170.547,1758855599999,4461803.92556,15199,18965.548,1960484.32096
1758855600000,103.25,103.36,102.63,103.15,39262.863,1758859199999,4043800.41322,13355,16745.167,1724709.57809
1758859200000,103.15,103.45,102.77,103.06,35711.414,1758862799999,3681422.33128,12372,17907.876,1846497.19923
1758862800000,103.06,103.57,102.56,102.88,48146.035,1758866399999,4960661.01511,13011,20287.270,2091090.60974
1758866400000,102.89,103.54,102.59,102.93,86765.900,1758869999999,8954208.57424,17249,38223.259,3943473.53513
1758870000000,102.93,103.31,102.36,103.02,60614.945,1758873599999,6231025.62552,16183,23884.622,2456018.22450
1758873600000,103.03,103.26,102.66,102.77,52516.844,1758877199999,5407745.66604,16332,24155.271,2487094.29672
1758877200000,102.77,102.87,101.63,101.99,91650.453,1758880799999,9367187.24964,23113,46802.718,4782302.32515
1758880800000,101.99,102.04,101.15,101.44,78429.109,1758884399999,7956557.12441,18687,42454.382,4307192.68926
1758884400000,101.44,102.05,100.93,101.86,75045.816,1758887999999,7620156.24594,19067,35209.400,3575143.92911
1758888000000,101.86,103.13,101.25,102.73,174934.287,1758891599999,17902418.30784,35830,87191.496,8922306.45569
1758891600000,102.73,103.44,102.23,103.26,106778.853,1758895199999,10979403.52673,26578,50147.624,5155969.32016
1758895200000,103.25,103.36,102.30,102.82,95264.435,1758898799999,9793338.72461,22503,42433.340,4363183.50236
1758898800000,102.82,103.67,102.75,103.34,67566.986,1758902399999,6978195.89126,17951,33860.822,3496832.84689
1758902400000,103.33,104.06,103.31,103.93,69605.605,1758905999999,7224639.81087,17054,37007.175,3841508.31630
1758906000000,103.92,104.72,103.91,104.67,77820.178,1758909599999,8127186.11566,18623,42075.424,4393601.64915
1758909600000,104.66,104.85,104.38,104.49,55318.205,1758913199999,5788008.70536,13011,26659.355,2789547.15225
1758913200000,104.49,104.53,103.73,104.06,56882.669,1758916799999,5919689.18171,14708,22386.066,2329183.88734
1758916800000,104.06,104.25,103.84,103.86,30381.518,1758920399999,3159521.68472,9595,10979.755,1141972.60652
1758920400000,103.86,104.34,103.75,104.29,31746.471,1758923999999,3302850.69422,9546,15214.998,1583176.44563
1758924000000,104.30,104.76,104.19,104.39,66243.899,1758927599999,6924051.52885,12078,45278.493,4733224.73814
1758927600000,104.39,104.63,104.27,104.50,24621.847,1758931199999,2571297.64277,6777,12223.092,1276570.04008
1758931200000,104.51,104.51,104.03,104.27,38404.426,1758934799999,4003393.27005,9624,17842.653,1860119.77294
1758934800000,104.26,104.28,103.74,103.85,28641.271,1758938399999,2976249.92531,9181,10232.586,1063397.61320
1758938400000,103.84,103.99,103.39,103.57,52319.760,1758941999999,5425798.99182,12083,20743.326,2151510.68120
1758942000000,103.57,104.05,103.55,103.81,34705.788,1758945599999,3602858.08498,9412,18902.091,1961961.50031
1758945600000,103.81,103.96,103.70,103.83,25434.413,1758949199999,2640775.72403,8495,12594.998,1307785.66418
1758949200000,103.84,103.89,103.60,103.78,17673.197,1758952799999,1833282.82843,6437,7995.016,829349.98247
1758952800000,103.78,103.85,103.60,103.84,17190.396,1758956399999,1782819.43075,7086,8968.410,930262.34888
1758956400000,103.84,103.97,103.50,103.69,38629.113,1758959999999,4005602.78860,8904,21578.525,2238060.66193
1758960000000,103.69,103.85,103.42,103.58,39965.972,1758963599999,4143294.02398,10162,21558.750,2234858.13203
1758963600000,103.58,104.12,103.28,104.03,73791.922,1758967199999,7655870.45041,12711,36637.414,3801231.04184
1758967200000,104.04,104.47,103.90,104.21,77092.810,1758970799999,8028136.13670,12870,44258.668,4608615.02697
1758970800000,104.21,104.21,103.89,103.92,20845.789,1758974399999,2169117.89988,7392,9586.125,997652.96212
1758974400000,103.92,104.42,103.89,104.35,31020.792,1758977999999,3231004.88704,9833,17366.325,1808658.78758
1758978000000,104.35,104.42,104.21,104.28,17312.921,1758981599999,1805892.52423,7627,9401.764,980726.33166
1758981600000,104.28,104.82,104.25,104.55,51682.719,1758985199999,5406747.12199,11432,29884.052,3125565.35198
1758985200000,104.55,104.88,104.32,104.86,42618.984,1758988799999,4457828.35950,10270,21786.527,2279396.10188
1758988800000,104.86,104.91,104.65,104.70,36501.732,1758992399999,3824254.79794,9914,15507.226,1624856.19283
1758992400000,104.70,104.71,104.02,104.53,43817.641,1758995999999,4570057.27155,11036,20688.774,2157714.76802
1758996000000,104.53,104.60,104.32,104.42,25569.632,1758999599999,2670527.36105,8490,14111.148,1473670.94842
1758999600000,104.42,104.55,104.21,104.53,20349.510,1759003199999,2124173.42214,7903,11239.611,1173222.46940
1759003200000,104.53,104.67,104.42,104.55,16646.144,1759006799999,1740124.42420,7908,8987.176,939453.51378
1759006800000,104.56,104.70,104.47,104.61,20041.882,1759010399999,2095879.72545,7579,8618.950,901314.34425
1759010400000,104.61,104.89,104.57,104.65,26995.592,1759013999999,2827664.37277,8611,16095.494,1685826.31456
1759014000000,104.64,104.76,104.36,104.42,18289.869,1759017599999,1911604.83738,7554,7430.478,776544.81665
1759017600000,104.42,104.59,104.09,104.16,35484.980,1759021199999,3701856.95761,11998,15546.165,1621696.39820
1759021200000,104.16,104.19,103.63,103.82,29940.505,1759024799999,3110553.54160,11302,13564.755,1409128.38557
1759024800000,103.82,104.02,103.62,103.75,25549.135,1759028399999,2652521.02361,8079,12557.383,1303537.89181
1759028400000,103.74,103.89,103.52,103.81,18377.613,1759031999999,1906265.11454,8096,8116.502,841908.05664
1759032000000,103.81,103.98,103.65,103.96,17497.700,1759035599999,1816529.34683,6933,9956.807,1033630.28279
1759035600000,103.96,104.18,103.61,103.94,31156.291,1759039199999,3237991.25119,7462,16270.781,1690978.97919
1759039200000,103.94,104.06,103.66,103.84,24471.630,1759042799999,2541526.10579,7270,12969.397,1346830.78201
1759042800000,103.84,104.20,103.68,104.06,31354.145,1759046399999,3261927.92978,8213,13777.344,1433042.76378
1759046400000,104.05,104.13,103.50,103.61,41009.228,1759049999999,4253466.92164,10059,18082.486,1875522.26558
1759050000000,103.60,103.69,103.30,103.45,37369.190,1759053599999,3867462.40766,10068,17543.900,1815914.08196
1759053600000,103.44,103.59,103.12,103.57,33967.096,1759057199999,3509755.09882,10391,16813.016,1737605.42719
1759057200000,103.57,103.62,103.08,103.30,41784.752,1759060799999,4314701.30997,10221,19208.716,1983037.08557
1759060800000,103.30,103.33,102.71,103.13,54540.808,1759064399999,5616877.11996,13102,24214.609,2494135.96145
1759064400000,103.14,104.14,103.05,103.98,48081.256,1759067999999,4985567.10916,12205,27073.254,2807684.88131
1759068000000,103.98,104.42,103.88,104.16,42823.393,1759071599999,4460631.75476,10680,24395.906,2541044.10780
1759071600000,104.16,104.51,104.14,104.51,32647.820,1759075199999,3406212.51060,8814,15082.033,1573671.77398
1759075200000,104.51,104.89,104.32,104.81,61604.693,1759078799999,6445145.03654,12369,26972.947,2821727.72860
1759078800000,104.80,105.21,104.77,105.06,59637.301,1759082399999,6263877.04933,11435,25156.776,2642541.61552
1759082400000,105.06,105.35,104.88,105.35,38332.173,1759085999999,4026516.94100,8198,17618.800,1851170.48685
1759086000000,105.36,105.58,105.12,105.58,44969.525,1759089599999,4737238.09410,10000,23114.011,2434956.99211
1759089600000,105.58,106.03,105.57,105.81,80017.607,1759093199999,8470161.85403,13741,34985.224,3703274.05631
1759093200000,105.81,106.33,105.79,106.04,58116.030,1759096799999,6165414.67561,12635,27833.029,2952802.44523
1759096800000,106.04,107.00,106.04,106.90,99247.125,1759100399999,10589540.31823,21822,48613.826,5187294.81644
1759100400000,106.90,107.08,106.67,106.82,55589.394,1759103999999,5940595.67797,11799,30773.346,3288653.47998
1759104000000,106.82,106.97,106.42,106.84,82955.614,1759107599999,8853734.15260,13892,42921.979,4581045.28389
1759107600000,106.84,106.86,106.53,106.60,47418.032,1759111199999,5060837.07363,10359,22275.734,2377461.20654
1759111200000,106.60,107.21,106.48,106.74,49074.453,1759114799999,5242858.17398,11642,20116.148,2149187.83153
1759114800000,106.74,106.74,106.41,106.53,29352.543,1759118399999,3127417.41429,8027,13157.814,1401881.05409
1759118400000,106.53,106.55,106.20,106.21,31780.520,1759121999999,3380037.73995,8061,14456.976,1537626.84124
1759122000000,106.21,106.24,105.76,106.13,49381.568,1759125599999,5233887.16335,10569,17590.190,1864247.76463
1759125600000,106.13,106.14,105.65,105.66,34482.895,1759129199999,3652081.47800,9773,14847.385,1572535.74630
1759129200000,105.66,106.18,105.52,105.99,29043.487,1759132799999,3074260.78878,8536,15106.996,1599803.82341
1759132800000,105.99,106.42,105.75,106.24,49840.440,1759136399999,5288747.04858,10170,29076.335,3085696.81219
1759136400000,106.25,106.45,105.64,105.92,45406.313,1759139999999,4815836.25679,9593,19151.395,2031497.86849
1759140000000,105.92,106.09,105.65,105.69,33721.077,1759143599999,3569652.92870,8005,18333.575,1940924.72642
1759143600000,105.69,106.06,105.37,105.67,67881.135,1759147199999,7175343.08514,12142,27479.580,2905047.02674
1759147200000,105.67,106.02,105.22,105.48,73811.178,1759150799999,7795857.79968,14972,33208.516,3506498.75630
1759150800000,105.48,106.64,105.23,106.47,98365.804,1759154399999,10440149.25828,20586,54598.414,5796154.45306
1759154400000,106.48,107.65,106.38,106.53,312574.103,1759157999999,33443335.41754,37618,151932.505,16261997.33641
1759158000000,106.53,106.69,106.15,106.32,95420.200,1759161599999,10152042.62411,16401,50594.038,5383978.88770
1759161600000,106.32,106.73,105.74,105.82,54845.936,1759165199999,5830508.64558,11970,26037.503,2769735.76321
1759165200000,105.82,106.18,105.40,106.07,93171.134,1759168799999,9853179.12791,17020,49238.266,5208843.76498
1759168800000,106.07,106.08,105.63,105.79,28158.562,1759172399999,2979598.71165,9189,15004.538,1587803.35083
1759172400000,105.80,106.41,105.74,106.31,39784.168,1759175999999,4220238.24194,10322,23414.091,2483805.34421
1759176000000,106.30,107.13,106.21,107.10,62332.709,1759179599999,6654288.62018,14171,36741.452,3922271.30691
1759179600000,107.10,107.14,106.82,106.90,30437.628,1759183199999,3256142.66981,7841,13965.007,1493936.24791
1759183200000,106.91,107.04,106.71,106.94,35107.395,1759186799999,3751533.95129,9087,17240.187,1842336.82274
1759186800000,106.93,106.98,106.60,106.72,30049.008,1759190399999,3207447.80112,8296,14434.226,1540735.03926
1759190400000,106.72,107.28,106.43,106.57,77696.512,1759193999999,8297327.54784,15398,36149.519,3860597.08796
1759194000000,106.58,107.07,106.32,106.89,49132.503,1759197599999,5240083.98924,13104,25071.201,2674332.94037
1759197600000,106.89,106.92,106.24,106.28,27318.092,1759201199999,2911657.36770,8946,10318.620,1099910.57054
1759201200000,106.29,106.67,106.15,106.34,35282.328,1759204799999,3754283.02272,9644,18478.739,1966474.52971
1759204800000,106.35,106.44,106.15,106.31,35170.418,1759208399999,3737916.53307,8688,17766.491,1888222.87541
1759208400000,106.30,106.41,105.99,106.32,38680.046,1759211999999,4108073.34662,9172,18880.017,2005122.79401
1759212000000,106.33,106.64,106.11,106.14,37143.095,1759215599999,3952366.61855,10305,16021.093,1704790.90025
1759215600000,106.15,106.26,105.46,105.79,67890.316,1759219199999,7179793.50246,12213,32655.363,3453968.82363
1759219200000,105.79,105.94,105.49,105.49,54199.372,1759222799999,5730205.26568,11123,20515.768,2169038.23239
1759222800000,105.49,105.67,105.08,105.41,108955.519,1759226399999,11480885.17627,16507,56072.504,5908875.60568
1759226400000,105.41,105.51,105.19,105.35,41661.411,1759229999999,4388009.63385,9460,20886.186,2199911.19392
1759230000000,105.35,105.56,105.05,105.37,40470.465,1759233599999,4263475.34198,9369,20384.526,2147387.47369
1759233600000,105.38,105.45,105.08,105.11,31899.423,1759237199999,3357460.90317,9674,15357.396,1616472.42455
1759237200000,105.12,105.82,104.94,105.09,74757.471,1759240799999,7874091.68469,14707,34048.905,3587398.14097
1759240800000,105.09,105.27,104.66,105.10,74997.183,1759244399999,7868416.07979,17359,37087.879,3891781.46815
1759244400000,105.10,105.12,103.78,104.46,120617.658,1759247999999,12579222.89421,20668,54892.244,5723788.46355
1759248000000,104.45,104.66,104.15,104.45,44990.016,1759251599999,4696688.56591,10861,22091.151,2306065.02967
1759251600000,104.45,104.76,104.26,104.41,58719.324,1759255199999,6136846.96201,11851,33062.746,3456096.03119
1759255200000,104.42,105.25,104.25,105.20,54795.020,1759258799999,5742862.51683,11009,30504.198,3197718.26335
1759258800000,105.20,106.81,105.14,106.79,92046.036,1759262399999,9754886.43006,15867,53317.931,5651243.09924
1759262400000,106.79,107.56,106.52,107.37,125783.789,1759265999999,13472707.60885,21359,67880.306,7270173.82668
1759266000000,107.38,107.50,106.57,106.57,67891.211,1759269599999,7273967.80371,13989,31609.001,3387893.37688
1759269600000,106.57,107.18,106.26,106.36,54558.477,1759273199999,5824620.83755,13237,27868.502,2975736.36069
1759273200000,106.37,107.06,106.16,106.83,45584.937,1759276799999,4859475.02316,10314,25110.890,2677483.62670
1759276800000,106.83,107.01,106.07,106.45,44604.643,1759280399999,4752996.78651,11377,20071.253,2139789.42798
1759280400000,106.46,107.02,106.22,107.00,34822.114,1759283999999,3711647.19965,10571,17717.115,1889273.62282
1759284000000,107.00,107.07,105.93,106.12,43301.401,1759287599999,4608513.32673,10143,15150.427,1611278.78361
1759287600000,106.12,106.35,105.71,105.75,41327.580,1759291199999,4380159.24398,9755,14734.102,1562100.40343
1759291200000,105.75,106.44,105.65,106.14,36519.038,1759294799999,3877567.98962,10327,20959.470,2225818.23016
1759294800000,106.14,106.64,106.14,106.37,27856.716,1759298399999,2964699.52952,7854,14636.655,1557819.89350
1759298400000,106.39,106.48,105.29,105.46,97232.997,1759301999999,10296318.67079,14307,31299.261,3316151.29842
1759302000000,105.45,105.98,105.39,105.90,53835.032,1759305599999,5689977.48664,10113,29167.588,3083462.86089
1759305600000,105.90,109.06,105.77,109.05,416019.650,1759309199999,44886081.39228,63178,219585.681,23688594.24657
1759309200000,109.05,110.73,108.74,110.47,340114.556,1759312799999,37290502.45141,61914,194604.371,21344518.44476
1759312800000,110.47,110.56,109.27,109.41,133410.271,1759316399999,14644859.38893,25373,58900.582,6465006.86534
1759316400000,109.42,110.77,109.39,110.32,185290.807,1759319999999,20418262.27784,30518,104059.205,11461789.55544
1759320000000,110.32,110.84,109.92,110.76,102461.078,1759323599999,11317290.27654,23747,54916.717,6066819.16016
1759323600000,110.77,111.22,110.42,110.83,142754.988,1759327199999,15819588.61392,31399,73780.357,8176684.99982
1759327200000,110.83,111.55,110.64,111.07,163129.510,1759330799999,18125990.10404,32780,71294.845,7922444.21360
1759330800000,111.07,111.70,110.83,111.27,124867.256,1759334399999,13900516.24869,24277,64069.062,7131551.77610
1759334400000,111.28,111.85,111.07,111.62,120789.791,1759337999999,13473892.74681,23730,59483.509,6635535.77611
1759338000000,111.62,111.69,110.44,110.58,121530.987,1759341599999,13479223.35532,24151,51762.439,5741849.38483
1759341600000,110.58,111.40,110.58,111.26,57047.936,1759345199999,6336888.19689,13412,33374.563,3706677.28111
1759345200000,111.26,112.61,111.12,112.09,120589.525,1759348799999,13497104.19128,26796,64948.375,7267787.72516
1759348800000,112.09,112.13,111.64,112.00,41932.788,1759352399999,4691988.42722,12745,21122.192,2363311.07789
1759352400000,111.99,112.36,111.56,112.34,75851.632,1759355999999,8486963.46477,14393,45043.700,5040379.27935
1759356000000,112.35,115.00,112.23,114.80,258572.072,1759359599999,29413217.41701,48368,157144.002,17874706.88778
1759359600000,114.80,115.31,113.93,115.06,203805.559,1759363199999,23373728.55127,42475,100828.466,11564666.64697
1759363200000,115.06,118.37,115.06,117.97,474634.614,1759366799999,55619505.09860,97661,240617.768,28190385.00271
1759366800000,117.97,121.45,117.70,121.29,470892.903,1759370399999,56264129.00147,107046,242680.015,29005007.78894
1759370400000,121.29,121.48,117.78,118.32,587110.532,1759373999999,70249633.37227,102820,273930.723,32777037.61698
1759374000000,118.32,119.10,117.66,118.40,271550.169,1759377599999,32139930.84041,54163,139941.885,16561774.08608
1759377600000,118.41,118.57,117.38,117.84,147498.614,1759381199999,17383299.09945,34920,71583.535,8437621.70112
1759381200000,117.84,118.63,117.66,117.84,92139.163,1759384799999,10874229.67160,23450,49878.412,5887498.18246
1759384800000,117.83,118.44,117.83,117.91,70979.417,1759388399999,8386704.31992,19539,37803.102,4466952.06871
1759388400000,117.92,120.11,117.88,119.33,277264.590,1759391999999,33016280.81909,48502,153224.023,18236954.56342
1759392000000,119.34,119.93,118.72,119.10,151876.745,1759395599999,18097194.54820,34121,73514.184,8763174.45543
1759395600000,119.10,120.12,118.79,120.11,126629.436,1759399199999,15127535.32583,27271,69087.561,8254737.83490
1759399200000,120.11,122.52,119.93,122.07,335313.148,1759402799999,40677853.81833,75136,198611.654,24101527.21625
1759402800000,122.08,122.65,119.63,119.82,358085.585,1759406399999,43420532.07468,67244,146229.757,17743811.35198
1759406400000,119.82,120.20,119.28,119.77,160096.310,1759409999999,19193227.39704,38410,89130.806,10686452.07534
1759410000000,119.78,119.83,117.94,118.61,304099.973,1759413599999,36132965.50368,54158,132510.096,15751079.26130
1759413600000,118.61,119.10,117.03,117.66,293723.161,1759417199999,34716987.69439,50153,118212.458,13989185.79174
1759417200000,117.65,119.16,117.38,118.75,251499.172,1759420799999,29741176.33581,48505,143929.311,17025628.74257
1759420800000,118.75,119.65,117.73,119.13,255418.976,1759424399999,30375146.18731,45998,124926.752,14868284.84359
1759424400000,119.12,119.32,118.45,119.13,90893.956,1759427999999,10804647.70531,22230,46246.410,5497957.52505
1759428000000,119.13,119.82,119.04,119.18,159511.516,1759431599999,19036749.49141,28243,84240.030,10056021.82604
1759431600000,119.19,119.82,118.94,119.39,103093.630,1759435199999,12307738.84787,21595,47726.662,5699058.19211
1759435200000,119.40,119.96,119.24,119.84,65798.133,1759438799999,7869700.75115,18062,31256.014,3738844.33574
1759438800000,119.84,120.13,119.40,119.84,85269.064,1759442399999,10210010.83435,20869,42727.281,5116908.94345
1759442400000,119.84,119.92,118.91,118.99,78654.971,1759445999999,9378446.17192,18098,30121.737,3591782.32596
1759446000000,119.00,119.64,118.96,119.50,50993.897,1759449599999,6082611.18935,12826,30136.484,3594962.64577
1759449600000,119.50,119.50,117.81,118.17,159860.218,1759453199999,18938524.35234,28894,63630.743,7537575.54149
1759453200000,118.17,118.43,117.62,117.76,97200.847,1759456799999,11474229.11543,23094,46735.097,5518619.58482
1759456800000,117.76,117.99,117.18,117.51,91739.223,1759460399999,10787490.08997,22279,48416.741,5694487.95658
1759460400000,117.51,118.25,117.13,117.36,104559.475,1759463999999,12305479.23748,22878,47645.792,5609464.35265
1759464000000,117.35,118.50,117.21,117.78,82035.696,1759467599999,9671571.86260,20144,42928.521,5061341.26854
1759467600000,117.77,117.85,117.00,117.23,82563.578,1759471199999,9689171.01524,16936,34362.271,4031327.58674
1759471200000,117.23,117.37,116.31,116.77,179426.063,1759474799999,20969790.86988,27104,64883.664,7583717.84616
1759474800000,116.78,116.94,115.90,116.40,160207.868,1759478399999,18637095.29639,27594,67504.063,7851440.07465
1759478400000,116.40,116.93,115.73,116.77,99474.602,1759481999999,11569224.79128,22108,53113.834,6180024.00686
1759482000000,116.78,117.27,116.65,117.11,88860.363,1759485599999,10391249.13664,17437,43973.358,5142066.22927
1759485600000,117.12,117.54,117.03,117.31,74275.343,1759489199999,8709858.04706,14656,37442.013,4392220.37888
1759489200000,117.32,117.66,117.01,117.38,79952.722,1759492799999,9379177.12995,14818,32192.144,3777201.65995
1759492800000,117.37,118.30,117.26,117.99,105115.442,1759496399999,12387499.61397,20649,56969.114,6712886.22041
1759496400000,117.99,118.42,117.72,117.98,118117.859,1759499999999,13946578.47846,23019,53345.755,6299484.49744
1759500000000,117.97,119.99,117.35,118.98,241317.461,1759503599999,28602980.84819,40347,144127.540,17107686.82921
1759503600000,118.97,120.15,118.69,119.98,149253.330,1759507199999,17819887.79766,32173,81444.672,9724368.39012
1759507200000,119.98,121.05,119.84,120.40,244851.236,1759510799999,29494751.95712,57546,126308.888,15216812.38387
1759510800000,120.39,123.07,118.26,121.41,652562.039,1759514399999,79130888.49549,136926,315621.165,38286439.35646
1759514400000,121.42,124.87,120.92,123.31,349678.494,1759517999999,43015816.01657,88325,186239.148,22927126.36425
1759518000000,123.32,123.85,122.13,122.38,198714.821,1759521599999,24417463.12159,51268,84038.195,10333016.34314
1759521600000,122.39,122.49,121.41,122.46,128839.483,1759525199999,15687289.48403,29615,67217.003,8182438.58398
1759525200000,122.45,122.52,120.99,121.45,64905.849,1759528799999,7891844.83818,21349,25838.694,3142677.82223
1759528800000,121.46,121.65,120.56,120.86,71505.369,1759532399999,8651538.35436,19906,32202.656,3896680.79538
1759532400000,120.86,120.92,120.22,120.52,70108.999,1759535999999,8449508.31023,17732,36023.907,4341305.20530
1759536000000,120.53,120.97,120.11,120.39,78932.805,1759539599999,9514371.04118,22332,35057.453,4226268.51326
1759539600000,120.40,120.48,118.97,119.65,191309.395,1759543199999,22880499.24265,29007,63854.384,7633969.82026
1759543200000,119.65,120.18,119.04,119.75,80042.437,1759546799999,9573345.80271,22003,44038.695,5269400.92287
1759546800000,119.75,119.92,119.30,119.44,49921.798,1759550399999,5971754.93362,15769,23509.590,2812252.38013
1759550400000,119.44,119.46,118.95,119.07,48244.113,1759553999999,5750211.50752,13658,21183.022,2524927.97111
1759554000000,119.07,119.48,118.80,118.88,52658.195,1759557599999,6273991.99692,13342,24069.796,2868581.28289
1759557600000,118.88,119.60,118.87,119.06,65520.930,1759561199999,7814872.84030,16996,33118.381,3949740.64171
1759561200000,119.07,119.18,118.20,118.46,71754.243,1759564799999,8509723.04555,16429,23990.829,2845914.77845
1759564800000,118.47,118.70,118.10,118.35,68747.632,1759568399999,8141067.56791,18182,34141.846,4044043.16538
1759568400000,118.34,118.65,118.19,118.27,43479.157,1759571999999,5149488.34463,14930,23017.078,2726240.12747
1759572000000,118.28,118.89,118.01,118.20,94593.094,1759575599999,11202438.01351,21197,47888.013,5672721.74391
1759575600000,118.20,118.32,117.63,117.77,70349.794,1759579199999,8296885.13084,18249,29702.454,3502803.62598
1759579200000,117.77,118.22,117.74,117.98,49447.190,1759582799999,5833197.33830,14524,26679.941,3147716.35552
1759582800000,117.98,118.68,117.98,118.33,96670.926,1759586399999,11448049.36546,20249,52768.124,6249601.10554
1759586400000,118.33,118.85,117.81,117.83,64596.884,1759589999999,7648715.71497,16733,33423.801,3959957.66022
1759590000000,117.82,118.13,117.39,117.76,107766.671,1759593599999,12692851.63847,25233,47440.665,5588619.89858
1759593600000,117.77,118.67,117.70,118.63,69183.982,1759597199999,8180837.81920,18340,35484.289,4196344.10296
1759597200000,118.62,118.64,118.00,118.30,42036.559,1759600799999,4974078.45903,12179,18611.889,2202440.15454
1759600800000,118.30,118.61,118.21,118.49,30213.138,1759604399999,3578786.86020,10219,15405.868,1824868.27068
1759604400000,118.49,119.23,118.48,118.74,71767.065,1759607999999,8536373.47707,14008,40156.647,4776461.65642
1759608000000,118.74,119.20,118.74,119.00,48415.974,1759611599999,5763850.48578,12829,30882.744,3676649.41171
1759611600000,119.01,119.53,119.00,119.38,45269.105,1759615199999,5400681.12638,11837,22948.078,2737789.88547
1759615200000,119.39,120.08,119.38,119.93,62815.357,1759618799999,7526310.14701,15279,32160.353,3853126.15800
1759618800000,119.94,120.50,119.83,120.43,67093.726,1759622399999,8062590.31805,16512,33552.339,4032331.85110
1759622400000,120.43,121.90,120.12,120.71,156378.329,1759625999999,18921741.58255,34899,76704.351,9284128.45979
1759626000000,120.70,122.11,120.47,121.96,121101.158,1759629599999,14709437.95555,38711,67022.562,8138459.90837
1759629600000,121.95,124.13,121.67,123.83,220169.694,1759633199999,27116897.23712,57330,100750.235,12408349.51392
1759633200000,123.84,124.14,122.31,122.67,218725.429,1759636799999,27004931.89207,49957,100365.899,12400010.96621
1759636800000,122.66,122.83,120.82,121.19,286102.310,1759640399999,34799982.82777,65805,141458.309,17204745.04317
1759640400000,121.19,121.68,120.47,121.57,157248.634,1759643999999,19040843.14782,38829,81353.601,9856239.71983
1759644000000,121.57,121.80,120.83,120.99,88585.469,1759647599999,10753816.81984,23176,37446.648,4546300.00785
1759647600000,120.98,122.41,120.98,122.05,110035.259,1759651199999,13412353.78850,29072,62033.883,7561772.92378
1759651200000,122.04,122.52,121.57,122.01,107513.229,1759654799999,13114157.01157,28259,48535.576,5922168.80483
1759654800000,122.01,122.02,120.51,120.76,149681.803,1759658399999,18146043.02877,37370,57856.672,7013314.73332
1759658400000,120.76,120.94,119.88,120.01,134862.019,1759661999999,16225716.27110,37172,55302.226,6654499.71736
1759662000000,120.01,120.37,119.55,120.03,86736.966,1759665599999,10405629.71437,25381,40500.409,4860595.58763
1759665600000,120.02,120.04,119.33,119.70,72986.362,1759669199999,8740327.90771,22585,37476.474,4488839.52013
1759669200000,119.71,120.42,119.66,120.29,64272.801,1759672799999,7718692.87544,18830,34446.377,4137464.06325
1759672800000,120.28,120.54,119.60,119.95,67406.877,1759676399999,8092395.99560,18352,32073.505,3851605.96522
1759676400000,119.94,120.03,119.48,119.76,60671.453,1759679999999,7262443.80087,13846,28642.188,3428539.67537
1759680000000,119.76,120.28,119.13,119.90,93833.863,1759683599999,11225549.56622,20391,47203.622,5649138.68164
1759683600000,119.90,120.08,119.14,119.23,47166.562,1759687199999,5642475.58782,14776,20707.291,2477719.62190
1759687200000,119.22,119.43,118.74,119.38,72497.600,1759690799999,8631183.98056,18689,33087.003,3939722.10062
1759690800000,119.38,119.42,118.25,118.54,91777.706,1759694399999,10892983.97120,23630,39705.106,4713659.29890
1759694400000,118.54,119.04,118.42,118.82,62443.719,1759697999999,7416087.24346,17146,29028.922,3447852.18455
1759698000000,118.81,118.95,118.44,118.55,28513.801,1759701599999,3381979.07816,9523,13735.129,1629274.17987
1759701600000,118.55,118.92,118.46,118.55,34320.543,1759705199999,4071499.64589,11717,18619.822,2209000.38518
1759705200000,118.54,118.94,118.52,118.78,50195.316,1759708799999,5960791.25359,12871,26679.664,3168285.00903
1759708800000,118.78,119.92,118.03,118.32,134940.067,1759712399999,16044866.91626,31858,62386.555,7423284.69888
1759712400000,118.33,119.51,118.03,119.17,80726.147,1759715999999,9604400.31138,21508,48824.847,5809973.15178
1759716000000,119.16,120.43,119.15,120.20,176428.514,1759719599999,21144262.85800,30777,94217.459,11292146.18351
1759719600000,120.21,121.21,120.06,120.60,97646.172,1759723199999,11785670.92548,25125,50536.949,6097056.19942
1759723200000,120.60,120.76,119.64,119.69,73436.483,1759726799999,8826349.02025,17687,23999.259,2885613.23255
1759726800000,119.69,120.87,119.37,120.85,74277.948,1759730399999,8925280.02684,21690,38549.717,4633615.94802
1759730400000,120.85,121.43,120.09,120.49,103548.149,1759733999999,12507578.50801,28413,50962.647,6157317.94031
1759734000000,120.48,120.62,119.73,119.82,70776.353,1759737599999,8500349.03865,18153,25429.928,3055799.20701
1759737600000,119.83,120.44,119.65,120.16,56140.274,1759741199999,6739504.19371,17272,23833.733,2862023.11753
1759741200000,120.17,120.68,120.14,120.64,56013.462,1759744799999,6745408.16232,15366,25169.697,3031483.40654
1759744800000,120.64,120.87,120.03,120.08,44541.639,1759748399999,5360926.97216,14693,16908.425,2035173.80555
1759748400000,120.07,120.33,119.74,119.88,74294.075,1759751999999,8916791.23608,18464,32482.361,3898711.26880
1759752000000,119.88,120.44,119.63,119.75,97310.367,1759755599999,11672169.14289,20976,48417.411,5808620.25512
1759755600000,119.74,120.56,119.62,120.39,149082.686,1759759199999,17893375.31501,32997,69855.838,8387342.31671
1759759200000,120.40,120.74,119.68,120.03,124899.443,1759762799999,15014389.35892,31242,62062.501,7462531.51530
1759762800000,120.02,121.33,119.88,120.49,145297.291,1759766399999,17527823.24436,29731,68743.500,8295174.20787
1759766400000,120.49,120.65,118.72,119.53,213321.375,1759769999999,25464713.57061,39163,93301.385,11136999.99352
1759770000000,119.53,120.18,119.29,119.66,140787.144,1759773599999,16859409.19357,30235,74845.279,8965180.18435
1759773600000,119.66,120.52,119.22,120.17,116414.149,1759777199999,13941275.59325,23203,55261.726,6623730.03240
1759777200000,120.16,120.25,119.67,119.82,69599.740,1759780799999,8344843.30369,17868,32315.882,3874696.59389
1759780800000,119.81,120.14,119.31,119.61,95497.964,1759784399999,11422820.45654,20743,43641.268,5220350.84566
1759784400000,119.60,119.60,118.54,118.99,103798.054,1759787999999,12356881.61469,21675,39242.600,4674190.72547
1759788000000,119.00,119.11,118.00,118.41,101958.072,1759791599999,12088296.36369,23558,45805.587,5434301.91407
1759791600000,118.40,118.71,118.04,118.25,71403.687,1759795199999,8447873.43892,17721,32729.338,3872561.67503
1759795200000,118.25,118.60,117.58,118.59,115840.309,1759798799999,13671155.74073,26879,55190.004,6516046.57678
1759798800000,118.60,118.99,117.94,118.05,92051.601,1759802399999,10917041.96527,23536,46242.055,5485830.04160
1759802400000,118.05,118.46,117.71,117.89,58541.204,1759805999999,6914643.97790,17202,31763.157,3752371.56109
1759806000000,117.90,118.46,117.87,118.14,54894.376,1759809599999,6483283.86856,14184,31940.453,3772050.84179
1759809600000,118.14,118.69,117.87,118.47,78655.136,1759813199999,9310419.37211,18205,43436.819,5143969.11073
1759813200000,118.46,119.20,118.13,118.64,94587.944,1759816799999,11235670.98009,21357,50267.816,5970270.16177
1759816800000,118.64,118.91,117.30,117.94,183074.985,1759820399999,21603657.80691,30618,79312.278,9360712.42841
1759820400000,117.95,118.43,117.52,117.73,104036.691,1759823999999,12265312.36356,21181,50044.786,5900439.67480
1759824000000,117.74,118.21,117.41,118.03,98743.570,1759827599999,11634054.79200,24299,48552.913,5722019.72801
1759827600000,118.04,118.65,117.80,118.10,71557.093,1759831199999,8458988.08160,17263,32733.663,3870656.69226
1759831200000,118.09,118.38,117.71,117.93,50083.278,1759834799999,5909447.60305,17021,26657.708,3145665.40548
1759834800000,117.93,118.36,117.85,118.16,47640.132,1759838399999,5624878.58554,14170,26075.409,3078554.00520
1759838400000,118.16,118.95,117.88,118.89,66122.886,1759841999999,7826895.54461,19294,37515.414,4442701.80072
1759842000000,118.90,119.14,117.44,118.21,209268.346,1759845599999,24769130.50761,40365,101955.954,12067695.31777
1759845600000,118.20,118.29,116.24,116.57,304623.883,1759849199999,35627584.91115,65273,129007.396,15091986.59443
1759849200000,116.58,116.84,115.08,116.08,331381.082,1759852799999,38388142.62487,65804,148962.298,17257909.29079
1759852800000,116.08,116.76,115.36,116.29,144890.536,1759856399999,16799264.21772,36238,75780.059,8791263.63171
1759856400000,116.28,116.51,115.68,115.77,81610.134,1759859999999,9467345.24158,22640,41070.650,4765764.82116
1759860000000,115.77,116.18,115.38,115.42,70311.123,1759863599999,8133680.23620,18645,27217.728,3149068.34308
1759863600000,115.42,116.24,115.36,115.91,62821.808,1759867199999,7274746.11216,18499,35005.360,4054048.25140
1759867200000,115.92,117.00,115.92,116.81,81453.057,1759870799999,9494068.65873,17420,46730.276,5446439.51287
1759870800000,116.80,117.36,116.64,117.14,62404.823,1759874399999,7303254.98276,16027,32941.031,3855074.46424
1759874400000,117.14,117.42,116.88,117.34,42673.063,1759877999999,4999271.25388,14212,20032.104,2347086.37335
1759878000000,117.33,117.42,116.50,116.85,73418.644,1759881599999,8589077.83479,19123,31975.114,3741469.56457
1759881600000,116.85,117.95,116.83,117.71,105803.023,1759885199999,12429784.92765,25249,55984.192,6579067.88136
1759885200000,117.71,118.00,117.33,117.70,59014.990,1759888799999,6943601.11432,18074,31151.316,3665141.34508
1759888800000,117.71,118.28,117.53,117.70,73196.276,1759892399999,8632099.86953,19177,35368.355,4171345.00695
1759892400000,117.70,117.79,116.50,116.94,99784.679,1759895999999,11677727.13473,23833,46367.020,5425148.74533
1759896000000,116.94,117.50,116.27,116.79,137511.817,1759899599999,16072848.13709,25226,63508.609,7423558.65483
1759899600000,116.79,116.79,115.28,115.74,105345.535,1759903199999,12211978.00519,22201,40766.779,4727486.91854
1759903200000,115.74,116.13,115.37,115.81,92729.436,1759906799999,10736712.53621,18859,37277.271,4316740.72994
1759906800000,115.80,116.28,115.50,116.27,81300.560,1759910399999,9417421.33873,16598,45281.918,5245507.55564
1759910400000,116.27,116.57,115.71,116.46,77445.140,1759913999999,9003587.88567,18522,44788.227,5207588.12020
1759914000000,116.46,117.34,116.21,116.89,99214.138,1759917599999,11587438.87557,22713,59220.916,6917798.05473
1759917600000,116.90,117.01,116.32,116.66,51729.381,1759921199999,6038193.75850,15142,27424.959,3201034.21948
1759921200000,116.67,116.79,115.99,116.18,55475.613,1759924799999,6450575.96102,14441,25573.913,2974847.41813
1759924800000,116.19,116.68,115.74,116.67,69428.668,1759928399999,8061936.09092,18682,38259.117,4443449.05915
1759928400000,116.67,117.17,115.88,116.93,108593.534,1759931999999,12662938.70350,24640,49724.015,5797689.32106
1759932000000,116.92,117.64,116.26,116.47,110198.157,1759935599999,12906605.24520,26436,59981.318,7027222.04011
1759935600000,116.47,116.85,116.23,116.31,72610.477,1759939199999,8462102.72983,17529,36643.619,4270505.43874
1759939200000,116.31,117.75,116.13,117.62,102365.380,1759942799999,11986539.17237,19986,58157.401,6809200.20409
1759942800000,117.61,119.58,117.55,119.19,229109.523,1759946399999,27203358.38726,39908,122662.610,14554521.73573
1759946400000,119.19,119.48,118.34,118.59,165325.158,1759949999999,19661709.89543,32655,80927.158,9625871.14051
1759950000000,118.60,118.86,118.26,118.59,67354.846,1759953599999,7985974.38520,18058,30276.366,3590785.92159
1759953600000,118.60,118.68,117.94,118.01,44334.999,1759957199999,5242607.42408,14520,17186.123,2032454.64833
1759957200000,118.00,118.62,117.72,118.30,54409.275,1759960799999,6429041.52817,13162,25929.088,3065733.56638
1759960800000,118.29,118.68,118.13,118.33,32115.162,1759964399999,3803286.17784,12120,15304.608,1812516.95555
1759964400000,118.33,118.77,117.80,118.55,57137.566,1759967999999,6759783.13795,14556,32201.152,3811440.20389
1759968000000,118.54,119.36,118.26,118.90,106978.649,1759971599999,12708877.99923,23646,55137.513,6550992.14038
1759971600000,118.90,118.97,118.06,118.75,106338.464,1759975199999,12610970.26684,22741,46725.093,5541328.27903
1759975200000,118.74,118.81,116.81,117.04,135774.546,1759978799999,15970783.43428,32956,61319.929,7211164.56688
1759978800000,117.05,119.75,117.05,118.38,196705.779,1759982399999,23346135.73991,45993,108566.584,12888003.71763
1759982400000,118.38,119.52,118.34,119.27,95563.540,1759985999999,11381445.56071,28349,47296.843,5633211.91017
1759986000000,119.27,119.65,118.61,118.73,77783.446,1759989599999,9263834.42308,21796,39576.380,4714734.75733
1759989600000,118.74,118.76,117.63,117.67,75011.099,1759993199999,8869369.11805,21029,36992.292,4374736.72497
1759993200000,117.68,117.99,117.16,117.28,72451.402,1759996799999,8519633.15323,20734,33911.350,3988764.57592
1759996800000,117.28,117.31,115.36,115.63,256732.380,1760000399999,29815865.61933,45645,105839.080,12294562.47715
1760000400000,115.64,116.29,115.60,116.21,91972.509,1760003999999,10669824.86766,28830,41592.023,4824896.41930
1760004000000,116.21,116.85,116.00,116.57,89086.021,1760007599999,10377971.34474,22780,39796.158,4635881.03949
1760007600000,116.57,116.94,116.28,116.60,79397.471,1760011199999,9260151.85615,19346,43655.186,5092763.77235
1760011200000,116.59,118.52,116.54,118.15,129962.602,1760014799999,15316630.61222,30355,69068.785,8140227.58190
1760014800000,118.15,118.99,117.44,117.82,231526.757,1760018399999,27357176.93640,47485,111574.643,13185516.91348
1760018400000,117.82,118.54,116.52,117.97,285039.159,1760021999999,33466429.90451,54950,147836.583,17360273.36755
1760022000000,117.97,119.11,117.73,118.25,273539.666,1760025599999,32416208.60361,53887,140330.357,16629346.18650
1760025600000,118.25,118.89,115.52,115.79,204632.941,1760029199999,23968409.92752,42455,88172.948,10331741.30928
1760029200000,115.79,118.00,115.52,117.97,138953.746,1760032799999,16240319.00410,33801,74410.652,8700645.60246
1760032800000,117.97,118.12,117.11,117.26,97520.404,1760036399999,11472491.85591,23571,40696.569,4787608.81821
1760036400000,117.25,118.99,117.22,118.95,80209.311,1760039999999,9482879.70835,21224,40011.426,4730914.32533
1760040000000,118.95,119.43,118.35,119.03,104233.411,1760043599999,12395570.04581,29295,52660.180,6262937.72680
1760043600000,119.03,119.46,118.59,119.31,76115.547,1760047199999,9071926.05902,21486,41718.191,4972725.13232
1760047200000,119.31,128.15,119.20,126.61,881163.416,1760050799999,109588367.09928,195635,517621.843,64272703.95969
1760050800000,126.61,126.91,124.83,125.84,388914.227,1760054399999,48897717.10352,94285,195514.784,24585330.28681
1760054400000,125.83,129.46,125.57,128.38,551940.180,1760057999999,70419566.62797,130054,284443.837,36304581.31091
1760058000000,128.38,128.69,127.02,128.36,274085.333,1760061599999,35049021.98277,77696,131110.747,16769536.13655
1760061600000,128.36,129.13,127.47,128.04,242725.961,1760065199999,31148561.11037,68299,110234.010,14147898.78136
1760065200000,128.04,132.79,127.55,131.22,587227.294,1760068799999,76837764.31167,133379,322768.593,42242213.19641
1760068800000,131.22,132.17,129.01,129.64,328295.650,1760072399999,42813316.10374,87735,157466.380,20535375.05504
1760072400000,129.64,130.08,127.80,130.04,435742.528,1760075999999,56086212.32676,80930,211321.261,27203017.82735
1760076000000,130.03,131.72,125.76,127.67,961213.742,1760079599999,123862309.61569,174764,439115.124,56548862.09929
1760079600000,127.66,128.97,126.97,128.24,216026.831,1760083199999,27652047.35686,59081,104935.701,13435800.41802
1760083200000,128.24,130.29,128.08,128.99,300945.867,1760086799999,38940681.41396,73011,155886.565,20168781.23575
1760086800000,129.00,130.21,128.50,129.78,171025.204,1760090399999,22141338.10349,53130,80402.400,10410258.72741
1760090400000,129.78,130.88,128.70,129.72,160192.099,1760093999999,20792253.06061,52726,76574.679,9936830.78941
1760094000000,129.72,133.33,129.72,132.13,450595.852,1760097599999,59261387.09784,91216,251293.329,33059232.63918
1760097600000,132.13,133.26,131.29,133.17,284541.504,1760101199999,37631010.88759,77704,150079.489,19853080.71691
1760101200000,133.16,136.03,132.43,133.80,622156.586,1760104799999,83581966.44309,148617,328391.572,44139610.63716
1760104800000,133.79,135.32,131.50,131.82,472830.984,1760108399999,62998430.27995,107357,226170.004,30144263.26083
1760108400000,131.83,132.12,125.85,127.04,1684892.200,1760111999999,216294225.81464,251578,802068.758,102951927.51549
1760112000000,127.04,129.23,125.07,125.32,727267.760,1760115599999,92832260.30710,119284,334663.216,42757444.16219
1760115600000,125.31,128.51,124.94,127.43,673973.162,1760119199999,85577760.35939,105458,298163.091,37846787.50010
1760119200000,127.44,127.62,126.25,126.39,194337.023,1760122799999,24634114.61454,51918,95285.131,12078864.96664
1760122800000,126.39,128.26,125.41,126.73,457638.492,1760126399999,58034019.06160,98464,232654.201,29519313.97371
1760126400000,126.73,127.60,119.18,121.54,796091.999,1760129999999,98639281.38725,135619,351124.606,43547612.31446
1760130000000,121.53,123.54,51.60,99.22,4097746.315,1760133599999,384561200.86398,522071,1828989.447,171501958.74153
1760133600000,99.25,99.36,84.30,98.02,1915249.772,1760137199999,181580922.95046,424574,880083.852,83455791.39278
1760137200000,98.03,101.00,95.29,96.77,1159964.564,1760140799999,113375120.32543,252429,537227.754,52580003.20256
1760140800000,96.79,98.13,94.20,96.43,675127.651,1760144399999,65289127.42901,166978,300355.893,29051879.11467
1760144400000,96.43,96.57,94.61,96.08,441451.237,1760147999999,42166600.26566,113704,213736.597,20415167.03074
1760148000000,96.09,102.70,96.04,101.22,533839.349,1760151599999,53146560.84980,140159,280279.889,27931686.85458
1760151600000,101.21,101.42,97.90,100.59,431653.277,1760155199999,42872978.57344,109996,226357.441,22483651.13360
1760155200000,100.58,101.05,99.32,100.52,265646.666,1760158799999,26580413.33191,83740,144005.715,14413136.08106
1760158800000,100.51,100.75,97.64,98.38,293625.518,1760162399999,29010100.51390,78048,133863.999,13227378.04297
1760162400000,98.39,100.23,98.09,98.79,203456.823,1760165999999,20175726.86280,64054,92630.477,9188625.90938
1760166000000,98.79,99.63,98.13,98.38,172953.320,1760169599999,17087962.07663,51800,74547.856,7367132.11444
1760169600000,98.38,99.83,97.53,99.33,231722.783,1760173199999,22942681.77310,59125,109617.701,10854589.42720
1760173200000,99.34,100.62,98.10,98.19,320929.598,1760176799999,31824691.44977,70837,153710.066,15246636.36217
1760176800000,98.19,98.95,97.91,98.42,195979.634,1760180399999,19276790.90852,45967,90769.811,8927688.51804
1760180400000,98.44,98.59,97.17,98.02,174502.417,1760183999999,17098075.16103,45214,74432.846,7292989.54114
1760184000000,98.02,98.11,96.38,97.32,173473.251,1760187599999,16898280.13243,51457,74661.172,7272332.47945
1760187600000,97.32,97.65,95.09,96.39,278671.049,1760191199999,26904640.85674,81796,130532.482,12604675.79536
1760191200000,96.39,96.48,95.31,95.98,289371.881,1760194799999,27758727.76305,94246,148201.577,14220141.00707
1760194800000,95.98,97.46,95.86,95.96,205012.973,1760198399999,19794732.19406,53396,96945.840,9358998.58244
1760198400000,95.96,96.79,95.36,96.07,138236.666,1760201999999,13274152.39132,39262,60230.427,5782247.42712
1760202000000,96.07,97.41,96.01,97.40,140674.526,1760205599999,13615629.63593,36117,65984.288,6386514.54349
1760205600000,97.40,97.91,97.08,97.08,105840.779,1760209199999,10321892.96170,28703,45447.220,4432062.67945
1760209200000,97.09,97.10,93.08,93.68,323387.923,1760212799999,30651391.19515,70108,130602.888,12376412.41601
1760212800000,93.68,93.99,91.11,91.61,288215.010,1760216399999,26623898.06749,72004,123402.135,11400871.19499
1760216400000,91.62,93.58,90.04,93.49,346165.590,1760219999999,31741058.39611,71119,156867.405,14394659.10817
1760220000000,93.49,94.22,93.00,93.86,131960.828,1760223599999,12352829.00317,36019,63167.808,5913718.25974
1760223600000,93.86,94.24,93.07,93.28,93076.596,1760227199999,8712492.35451,28264,41443.741,3879144.08219
1760227200000,93.28,93.52,91.55,91.65,142904.194,1760230799999,13242327.24436,38215,52097.666,4830026.15009
1760230800000,91.65,93.59,91.62,92.28,155890.163,1760234399999,14436004.73203,40394,75630.114,7004728.89522
1760234400000,92.28,93.60,91.77,92.52,118605.882,1760237999999,10971612.68275,34474,54484.104,5042209.97703
1760238000000,92.52,94.27,92.41,93.69,121485.329,1760241599999,11358504.35511,36884,62071.015,5802238.31987
1760241600000,93.69,94.74,93.45,94.40,113649.427,1760245199999,10712791.30228,32763,58648.282,5528748.31576
1760245200000,94.41,94.64,93.81,94.29,68672.834,1760248799999,6468566.84920,21200,33837.204,3187745.82871
1760248800000,94.30,96.00,94.23,95.87,116734.977,1760252399999,11120042.29704,29678,62999.631,6001215.76306
1760252400000,95.86,96.55,94.97,95.26,169214.473,1760255999999,16184770.12353,34580,82168.140,7862535.95984
1760256000000,95.25,95.82,95.11,95.50,115807.057,1760259599999,11057446.04345,31258,59243.160,5656104.72639
1760259600000,95.51,95.51,93.91,94.85,182898.143,1760263199999,17294551.21441,38641,79892.003,7555214.32835
1760263200000,94.85,95.81,94.78,95.45,112441.194,1760266799999,10709406.57390,29667,52112.121,4962802.17537
1760266800000,95.46,95.93,95.06,95.52,75472.418,1760270399999,7211813.47248,22103,32740.569,3129132.80791
1760270400000,95.51,96.14,95.34,95.90,100165.723,1760273999999,9586731.06718,27203,48169.580,4610276.56012
1760274000000,95.90,96.51,94.44,94.84,153890.482,1760277599999,14684203.40648,34970,67017.555,6393566.33877
1760277600000,94.85,97.88,94.05,96.36,449029.412,1760281199999,43219074.81189,80680,210743.124,20287970.81022
1760281200000,96.37,98.59,96.15,98.12,514092.275,1760284799999,50249318.69997,96486,253093.651,24744465.13607
1760284800000,98.12,99.88,97.64,99.02,472664.369,1760288399999,46648748.02287,78817,218130.671,21532255.15479
1760288400000,99.03,99.73,98.32,99.36,253098.892,1760291999999,25106541.56804,45185,125521.185,12453974.54859
1760292000000,99.36,99.80,98.47,98.97,202100.773,1760295599999,20046482.02449,32977,99217.045,9845207.70559
1760295600000,98.97,100.98,98.85,100.75,171756.033,1760299199999,17203285.92990,37881,89157.902,8928275.31604
1760299200000,100.75,102.10,100.48,100.62,241150.966,1760302799999,24392840.76798,50877,117677.619,11902729.63585
1760302800000,100.61,101.21,98.58,99.39,198446.499,1760306399999,19818267.55404,45679,89577.797,8945563.77618
1760306400000,99.40,100.22,98.34,98.79,162940.782,1760309999999,16153810.27548,48395,76723.466,7608651.29386
1760310000000,98.79,98.96,97.93,98.89,114469.961,1760313599999,11265654.63129,33832,51820.224,5102301.56309
1760313600000,98.88,99.39,97.77,98.19,154531.568,1760317199999,15220231.23342,47460,81323.868,8013775.01953
1760317200000,98.19,99.64,97.57,99.34,149810.317,1760320799999,14773484.15884,47131,75446.652,7439828.26470
1760320800000,99.33,99.61,98.28,98.78,135386.039,1760324399999,13395462.04338,35494,67211.856,6650901.97486
1760324400000,98.78,100.01,98.62,98.94,140481.079,1760327999999,13957003.91686,37795,68376.432,6794443.92713
1760328000000,98.96,99.09,97.70,98.42,132563.055,1760331599999,13021852.98957,32554,51288.547,5038644.11336
1760331600000,98.41,98.53,95.75,96.62,305860.437,1760335199999,29580978.31009,54697,127871.753,12366138.19505
1760335200000,96.61,97.75,96.05,97.25,219660.884,1760338799999,21310383.78267,41751,98941.801,9595471.27398
1760338800000,97.26,98.05,96.60,97.32,229139.976,1760342399999,22315730.90943,46787,121133.129,11796360.04517
1760342400000,97.31,98.50,96.96,98.11,188431.217,1760345999999,18424891.15703,39244,103042.811,10080002.18168
1760346000000,98.11,98.47,97.24,98.38,161287.238,1760349599999,15798124.44143,36078,76951.034,7539730.27899
1760349600000,98.38,98.56,97.61,97.87,153231.352,1760353199999,15024773.55331,32727,82948.768,8133177.04313
1760353200000,97.86,98.00,94.51,96.21,420674.513,1760356799999,40509907.98397,72656,188079.132,18124201.79010
1760356800000,96.21,97.65,95.55,96.68,192563.887,1760360399999,18630087.32685,42083,98735.003,9551317.73253
1760360400000,96.67,98.74,96.54,98.16,357782.682,1760363999999,34903114.89225,76313,175598.197,17126673.61199
1760364000000,98.15,98.36,95.59,96.02,244670.236,1760367599999,23636958.13597,61891,116457.106,11246774.88097
1760367600000,96.02,97.99,96.00,97.79,202542.401,1760371199999,19662729.69285,43604,112269.059,10903010.03368
1760371200000,97.80,98.52,97.17,98.23,243425.227,1760374799999,23832365.27375,44360,130843.587,12810687.34399
1760374800000,98.23,99.74,98.15,99.70,186094.773,1760378399999,18401403.61543,43247,92330.448,9131291.64174
1760378400000,99.69,99.99,99.05,99.15,185999.205,1760381999999,18511529.55836,41443,79400.446,7902467.70886
1760382000000,99.15,100.38,98.74,100.14,162877.957,1760385599999,16256902.82840,35656,79055.248,7890969.54519
1760385600000,100.14,101.21,99.76,101.16,139872.370,1760389199999,14038552.65374,29680,71259.701,7154827.34100
1760389200000,101.16,101.29,99.62,100.20,182982.376,1760392799999,18378575.03337,31222,81070.526,8142728.09915
1760392800000,100.20,100.76,99.77,100.07,199296.621,1760396399999,19977549.00894,33847,98248.817,9851380.97416
1760396400000,100.07,100.25,99.05,99.40,136789.196,1760399999999,13634356.20291,25869,60267.192,6008179.36184
1760400000000,99.41,100.49,98.83,100.15,157299.658,1760403599999,15691359.00235,37071,80347.610,8016333.92496
1760403600000,100.15,100.40,98.80,98.96,117488.243,1760407199999,11679275.62803,29498,47382.507,4710014.77694
1760407200000,98.95,99.55,98.14,99.04,192296.914,1760410799999,18990744.07747,37908,91144.585,9004827.06931
1760410800000,99.05,99.15,97.72,98.11,160630.657,1760414399999,15786487.31932,36499,75003.787,7370047.01491
1760414400000,98.11,98.32,96.21,96.68,187695.544,1760417999999,18228318.38346,39119,75960.746,7376644.74163
1760418000000,96.68,97.58,95.18,95.50,219322.462,1760421599999,21126588.53508,48025,105130.729,10131912.69024
1760421600000,95.50,95.98,91.75,93.65,536499.408,1760425199999,50383317.85129,89297,242529.289,22775709.26452
1760425200000,93.65,94.33,92.71,93.61,244388.275,1760428799999,22845038.75346,55374,122768.981,11479407.01554
1760428800000,93.61,94.56,92.88,94.25,210465.099,1760432399999,19727456.71913,42034,105861.562,9923353.01689
1760432400000,94.25,94.96,93.56,93.99,187706.423,1760435999999,17711115.66088,40307,73325.057,6919790.87598
1760436000000,93.99,94.02,91.76,92.87,304361.667,1760439599999,28251772.53182,55944,143697.028,13341781.93392
1760439600000,92.88,94.16,92.82,93.20,158772.283,1760443199999,14855374.39319,35006,79628.306,7453180.42053
1760443200000,93.20,93.24,91.68,92.12,208404.171,1760446799999,19236066.08639,40948,88027.868,8123020.40772
1760446800000,92.11,93.28,91.01,92.93,359373.035,1760450399999,33183487.56006,64655,184062.880,17008817.26536
1760450400000,92.92,94.60,92.67,93.62,243373.251,1760453999999,22809296.47576,52483,118001.280,11057011.78174
1760454000000,93.62,95.65,93.20,95.52,215993.583,1760457599999,20397436.87615,44741,111592.009,10539908.92857
1760457600000,95.53,96.27,94.80,95.25,250477.667,1760461199999,23940538.67180,54613,119956.641,11466153.40841
1760461200000,95.24,96.73,94.01,96.44,236367.161,1760464799999,22622573.35605,47519,112669.287,10789533.34617
1760464800000,96.44,97.26,96.27,97.19,172281.330,1760468399999,16658878.72398,37339,93255.523,9019780.07591
1760468400000,97.19,98.17,95.99,98.04,384534.508,1760471999999,37376398.74229,69146,199745.035,19421174.94475
1760472000000,98.05,98.26,97.37,97.96,115352.156,1760475599999,11284524.18913,30386,58232.737,5697932.05246
1760475600000,97.97,98.05,97.11,97.79,77139.654,1760479199999,7523031.07874,19280,41136.918,4011914.05005
1760479200000,97.79,98.44,97.54,97.59,81688.739,1760482799999,8013207.42438,21021,40272.680,3950943.37238
1760482800000,97.59,98.02,97.16,97.29,58701.408,1760486399999,5731475.36533,16006,26399.925,2578535.96454
1760486400000,97.28,97.56,96.57,97.52,128001.388,1760489999999,12421197.85529,29724,57688.265,5599502.63069
1760490000000,97.51,97.71,96.45,96.96,85602.669,1760493599999,8297451.94025,22143,38135.772,3696736.61317
1760493600000,96.95,98.31,96.92,97.92,79917.477,1760497199999,7815144.72609,24741,43039.449,4207985.77280
1760497200000,97.91,98.00,96.71,97.12,102280.144,1760500799999,9953758.53406,24314,45632.880,4441521.74266
1760500800000,97.13,97.90,96.67,97.61,77406.716,1760504399999,7532820.23540,18046,39834.704,3878272.81521
1760504400000,97.61,98.31,97.61,98.16,96254.194,1760507999999,9437083.08650,20519,50824.362,4983974.48002
1760508000000,98.16,98.65,97.17,98.27,113601.706,1760511599999,11123952.81512,24615,52068.131,5101710.19065
1760511600000,98.27,98.47,97.73,98.10,54849.108,1760515199999,5379322.40619,16202,26926.160,2641179.50122
1760515200000,98.10,99.91,98.07,98.68,169625.839,1760518799999,16795717.58586,42533,80911.071,8013906.98880
1760518800000,98.69,98.86,97.38,97.71,121289.560,1760522399999,11879717.30124,28168,51515.113,5045734.09849
1760522400000,97.71,98.03,97.38,97.67,84528.458,1760525999999,8254305.91924,18783,42048.506,4105651.63586
1760526000000,97.66,97.87,96.63,97.01,118297.296,1760529599999,11490276.59020,22203,54940.868,5340054.05624
1760529600000,97.00,97.17,96.30,96.97,130036.357,1760533199999,12588825.85698,26078,71429.039,6917457.12839
1760533200000,96.97,97.85,95.34,96.60,292816.749,1760536799999,28270984.87893,50734,122572.156,11837649.14861
1760536800000,96.60,97.38,95.48,95.89,162742.588,1760540399999,15705961.53535,34463,76189.495,7357547.78892
1760540400000,95.88,96.30,94.22,94.66,237393.221,1760543999999,22578438.77958,50100,100465.511,9559980.97072
1760544000000,94.66,94.88,93.96,94.08,163347.235,1760547599999,15425720.89467,35467,79585.591,7516836.62369
1760547600000,94.08,94.58,93.31,94.57,149825.631,1760551199999,14074691.05520,34372,73862.412,6940657.05906
1760551200000,94.57,95.34,94.26,95.27,79697.962,1760554799999,7552918.97473,20612,47708.978,4520648.93324
1760554800000,95.27,95.27,94.12,94.40,73143.244,1760558399999,6924553.95733,18014,32624.235,3088582.36635
1760558400000,94.40,95.04,93.30,94.12,121253.974,1760561999999,11420201.11959,30312,59944.912,5648147.11668
1760562000000,94.13,94.83,93.50,93.99,85299.414,1760565599999,8034996.92294,23485,41584.046,3917744.17945
1760565600000,94.00,94.97,93.97,94.37,57721.453,1760569199999,5455467.15656,19374,31982.008,3022815.66412
1760569200000,94.38,95.50,94.35,95.43,85437.891,1760572799999,8118899.42816,21525,48615.259,4620792.56463
1760572800000,95.43,95.61,94.82,95.06,72236.584,1760576399999,6882945.01289,23836,40554.816,3864311.27093
1760576400000,95.05,96.28,95.00,95.96,74677.951,1760579999999,7153723.54368,24251,41402.183,3966056.00181
1760580000000,95.96,96.32,95.35,95.87,59173.650,1760583599999,5672927.18337,20170,28209.389,2704622.61141
1760583600000,95.87,95.90,94.50,94.76,77869.000,1760587199999,7404232.43568,22216,33590.435,3194435.97679
1760587200000,94.77,95.19,94.31,94.40,66238.284,1760590799999,6278457.62437,17925,30492.032,2891072.52064
1760590800000,94.40,94.73,93.77,94.38,82870.865,1760594399999,7810900.06571,23942,41093.542,3874094.67005
1760594400000,94.39,95.54,94.28,95.43,57964.735,1760597999999,5500255.21265,19259,30075.711,2853862.19046
1760598000000,95.44,95.52,94.53,94.79,58730.312,1760601599999,5573401.00546,17318,29365.667,2785957.46679
1760601600000,94.79,94.92,93.93,94.14,55815.091,1760605199999,5267076.01296,17226,24437.401,2305979.75589
1760605200000,94.14,95.34,91.80,95.01,389173.678,1760608799999,36380144.81044,60271,187639.286,17546437.85834
1760608800000,95.01,96.19,94.96,95.35,116419.100,1760612399999,11120002.63025,29028,63977.437,6111856.03213
1760612400000,95.34,95.98,94.84,95.98,81734.733,1760615999999,7792903.11302,21711,40679.009,3879223.49988
1760616000000,95.98,96.85,95.62,96.11,165630.241,1760619599999,15939750.49616,43769,93993.218,9047415.28098
1760619600000,96.11,96.27,95.18,95.48,120011.168,1760623199999,11504045.42035,32571,58010.017,5562297.10522
1760623200000,95.48,96.08,94.06,94.76,233000.403,1760626799999,22116991.28933,50738,112573.196,10683350.03305
1760626800000,94.76,95.01,91.55,91.74,345694.373,1760630399999,32159346.67541,63992,148922.211,13865464.29344
1760630400000,91.74,93.18,90.51,93.12,456258.379,1760633999999,41838870.47324,81055,213035.056,19546492.70048
1760634000000,93.13,93.16,91.53,91.77,171543.097,1760637599999,15805786.71411,40779,86424.865,7965181.69769
1760637600000,91.77,92.00,90.82,91.72,187311.919,1760641199999,17107685.53750,42907,100839.169,9211021.91193
1760641200000,91.73,91.87,89.57,90.48,281605.672,1760644799999,25484765.30936,55680,134521.113,12185524.35551
1760644800000,90.49,90.97,89.73,90.09,141774.085,1760648399999,12814418.24446,38471,76576.425,6923413.56911
1760648400000,90.09,91.36,89.88,91.31,98127.376,1760651999999,8900249.15385,23066,55699.462,5052400.57589
1760652000000,91.32,91.43,90.70,90.72,58155.466,1760655599999,5293453.90886,16404,22819.726,2077388.19682
1760655600000,90.72,91.79,90.62,91.73,59753.976,1760659199999,5462001.17381,19376,30830.304,2817478.40953
1760659200000,91.73,92.41,91.46,92.26,111625.443,1760662799999,10273508.58115,28203,50034.719,4605105.78875
1760662800000,92.26,93.14,91.74,92.14,88943.586,1760666399999,8223325.61932,24447,49350.772,4564682.26937
1760666400000,92.14,92.43,91.54,92.18,61625.914,1760669999999,5664263.93127,17230,32869.057,3021467.02694
1760670000000,92.19,92.43,91.74,92.06,53692.037,1760673599999,4942543.12930,15101,25152.182,2315386.22093
1760673600000,92.07,92.11,91.73,91.85,40406.131,1760677199999,3714541.77939,12827,20354.291,1871328.91288
1760677200000,91.85,92.00,91.17,91.31,54720.801,1760680799999,5009117.20442,15815,27136.320,2484335.17012
1760680800000,91.31,91.64,88.05,88.56,393566.611,1760684399999,35150364.73915,68216,181006.828,16157710.74822
1760684400000,88.57,88.79,84.30,85.18,952227.062,1760687999999,82468657.55108,139529,411657.575,35697691.60894
1760688000000,85.19,86.03,84.20,84.85,534560.139,1760691599999,45505566.24028,88398,276167.144,23515231.12709
1760691600000,84.85,86.96,84.74,85.55,252269.754,1760695199999,21604719.52202,51337,143693.062,12302308.69842
1760695200000,85.56,85.99,84.22,85.73,221449.768,1760698799999,18862748.80638,50770,114639.208,9765806.21368
1760698800000,85.73,88.09,85.62,87.58,348551.972,1760702399999,30391062.74037,65892,181982.521,15868049.74258
1760702400000,87.58,88.47,87.46,88.25,181875.892,1760705999999,16011780.92817,37776,100872.789,8882190.83725
1760706000000,88.25,89.30,87.59,88.91,255835.923,1760709599999,22635105.85677,54938,129852.160,11491194.74178
1760709600000,88.91,89.24,87.40,88.49,207829.264,1760713199999,18352968.00626,48936,103509.246,9142950.54979
1760713200000,88.49,89.98,88.43,89.94,188626.952,1760716799999,16854081.53434,43132,98157.103,8773040.94891
1760716800000,89.95,90.86,89.42,90.37,249110.102,1760720399999,22471830.08967,49559,125285.299,11301588.98762
1760720400000,90.38,90.51,89.64,90.25,128143.430,1760723999999,11539138.84033,32599,58047.436,5228241.99742
1760724000000,90.25,90.94,90.25,90.63,110434.745,1760727599999,10007014.75978,28553,51554.326,4671746.84188
1760727600000,90.63,91.12,90.08,90.53,122679.946,1760731199999,11116275.63391,28199,64113.982,5811116.20797
1760731200000,90.54,91.45,90.35,91.03,109089.291,1760734799999,9935878.05976,22038,57469.338,5234192.61504
1760734800000,91.04,91.78,90.76,90.92,100304.057,1760738399999,9158842.64000,18994,53434.623,4881234.42242
1760738400000,90.92,91.26,90.21,90.52,87301.399,1760741999999,7917805.32100,17573,40901.596,3710643.37884
1760742000000,90.53,90.53,89.93,90.08,50570.750,1760745599999,4562057.31345,11230,23029.112,2077822.40156
1760745600000,90.08,90.54,89.91,90.42,65097.634,1760749199999,5874543.82628,15327,36432.299,3287778.61506
1760749200000,90.43,90.92,90.39,90.85,61335.429,1760752799999,5559439.96266,14794,33598.825,3046017.84520
1760752800000,90.85,91.28,90.32,90.55,85763.414,1760756399999,7778363.58944,18055,43927.056,3985534.81013
1760756400000,90.54,90.95,90.38,90.45,39171.832,1760759999999,3552746.96610,10741,19388.198,1758686.35814
1760760000000,90.45,90.49,89.83,90.14,93592.769,1760763599999,8436806.08680,19250,44124.831,3978944.54879
1760763600000,90.13,90.78,90.13,90.66,51344.682,1760767199999,4644823.74231,11218,26635.318,2409531.01943
1760767200000,90.66,90.98,90.41,90.76,54703.925,1760770799999,4962504.83959,10865,31352.681,2844437.83146
1760770800000,90.76,91.86,90.73,90.90,112839.504,1760774399999,10309138.12874,22015,52793.758,4823539.64179
1760774400000,90.90,91.19,90.59,90.69,61062.312,1760777999999,5547272.38473,13038,33013.083,2999257.98943
1760778000000,90.69,91.43,90.65,91.23,77159.549,1760781599999,7036099.85811,14862,37140.421,3386904.81498
1760781600000,91.24,91.51,90.88,91.27,56599.999,1760785199999,5159967.45414,12709,30882.015,2814932.83132
1760785200000,91.26,91.61,90.97,91.41,51420.519,1760788799999,4691971.00067,11312,27659.375,2523822.21093
1760788800000,91.41,91.53,90.77,90.83,55267.786,1760792399999,5032992.74207,11731,24768.205,2255928.91681
1760792400000,90.83,90.83,90.13,90.25,72026.813,1760795999999,6513207.08640,15174,28348.804,2563831.46234
1760796000000,90.25,90.84,89.96,90.64,61537.383,1760799599999,5562493.78058,13496,32003.661,2893645.02219
1760799600000,90.64,91.15,90.48,91.05,54124.922,1760803199999,4915507.58145,12258,25899.424,2352459.40352
1760803200000,91.05,91.28,90.40,91.01,77667.305,1760806799999,7051920.77915,16780,32897.105,2986642.35946
1760806800000,91.01,91.81,90.73,91.72,80443.195,1760810399999,7350923.24385,15490,47520.521,4343068.14498
1760810400000,91.73,91.89,91.48,91.72,42822.482,1760813999999,3925016.40680,10613,23246.095,2130608.90745
1760814000000,91.71,92.13,91.57,91.89,57599.594,1760817599999,5291231.28165,11706,27869.030,2560898.01719
1760817600000,91.90,92.16,91.79,91.81,52275.892,1760821199999,4807425.28703,11451,26641.958,2450293.80127
1760821200000,91.81,92.00,91.60,91.80,39630.024,1760824799999,3638597.30210,8211,17114.091,1571336.63335
1760824800000,91.80,91.95,91.51,91.56,27366.246,1760828399999,2511614.12805,7196,10528.134,966410.31594
1760828400000,91.55,91.66,91.41,91.62,28163.833,1760831999999,2577947.29905,7412,11851.591,1084843.84457
1760832000000,91.62,91.68,90.70,91.02,66714.796,1760835599999,6079625.47359,15393,26613.783,2424402.69844
1760835600000,91.01,91.23,90.74,91.04,34025.966,1760839199999,3095921.34731,8904,16790.704,1527837.09527
1760839200000,91.03,91.76,90.98,91.49,48385.753,1760842799999,4423075.60016,14191,23433.437,2141599.42715
1760842800000,91.50,92.55,91.36,92.15,77481.475,1760846399999,7137968.48110,18140,45260.328,4170903.39488
1760846400000,92.15,92.20,91.70,91.86,43474.681,1760849999999,3993760.21870,11430,17961.642,1649775.67848
1760850000000,91.87,92.40,91.68,92.35,49003.788,1760853599999,4512755.07843,13269,25557.724,2353850.50973
1760853600000,92.35,92.58,91.74,91.96,61641.307,1760857199999,5675097.42653,14681,32379.842,2980486.84619
1760857200000,91.96,92.02,91.63,91.82,41141.667,1760860799999,3777343.11653,10983,20909.592,1919817.25473
1760860800000,91.83,92.56,90.93,91.18,147992.673,1760864399999,13561490.74486,31614,70751.281,6485369.49998
1760864400000,91.19,92.78,90.64,92.21,176264.554,1760867999999,16176743.90792,36512,93457.262,8579020.98417
1760868000000,92.21,93.44,91.96,93.17,161182.677,1760871599999,14969061.15902,35113,84924.353,7886638.08207
1760871600000,93.16,93.74,93.15,93.36,91623.714,1760875199999,8560973.33332,24012,44361.217,4145529.50507
1760875200000,93.37,93.60,92.96,93.54,61695.906,1760878799999,5755919.22976,15931,25324.251,2363003.78416
1760878800000,93.54,94.47,92.83,94.23,107139.314,1760882399999,10037282.60222,24112,53616.244,5023203.12677
1760882400000,94.24,94.59,93.71,94.37,132081.638,1760885999999,12448517.60410,27512,65789.741,6201424.03060
1760886000000,94.37,94.43,93.92,94.09,53890.701,1760889599999,5076260.35933,13773,23015.719,2167883.54284
1760889600000,94.10,94.29,93.60,93.97,63497.002,1760893199999,5963118.03470,16707,29039.077,2727502.30166
1760893200000,93.97,94.74,93.68,93.80,97154.386,1760896799999,9157024.92853,22364,48284.509,4551972.04860
1760896800000,93.80,94.30,93.77,94.23,49603.285,1760900399999,4662187.70711,11479,29219.739,2746334.23091
1760900400000,94.24,94.27,93.90,94.10,38509.691,1760903999999,3622831.21833,10465,17091.679,1607946.28951
1760904000000,94.09,94.26,93.98,94.22,29624.168,1760907599999,2787998.78606,9222,15989.518,1504822.66054
1760907600000,94.22,94.25,93.52,93.75,50144.496,1760911199999,4703802.34530,11376,21866.525,2050970.59669
1760911200000,93.76,94.36,93.73,94.02,38356.637,1760914799999,3607278.36665,12733,21466.036,2018862.37081
1760914800000,94.03,94.04,93.14,93.27,51918.959,1760918399999,4852562.02058,11505,18574.393,1735390.52796
1760918400000,93.28,93.28,92.19,93.07,124410.378,1760921999999,11537464.62070,27734,59772.205,5543040.72311
1760922000000,93.07,93.48,92.75,92.94,70166.064,1760925599999,6532811.54238,18395,33705.859,3138044.12374
1760925600000,92.93,93.51,92.48,93.32,56556.003,1760929199999,5260397.63503,17064,27603.246,2568228.37633
1760929200000,93.31,94.79,92.91,94.57,100386.316,1760932799999,9422638.44659,22845,59177.442,5555035.75685
1760932800000,94.58,94.91,94.33,94.63,89604.845,1760936399999,8472191.16552,22535,47376.015,4479874.18289
1760936400000,94.63,95.30,94.47,95.20,74427.531,1760939999999,7063032.25184,17417,40289.817,3824075.47391
1760940000000,95.21,95.75,95.08,95.52,92446.950,1760943599999,8822084.83257,21552,44592.689,4256562.93493
1760943600000,95.53,95.53,94.79,95.07,78050.214,1760947199999,7427505.37188,17120,35204.243,3350154.20606
1760947200000,95.06,95.39,94.69,94.73,89176.076,1760950799999,8467064.38785,17471,38660.327,3671205.51932
1760950800000,94.73,94.87,94.37,94.62,69183.974,1760954399999,6541945.66983,16276,36013.372,3405450.56012
1760954400000,94.62,95.03,94.17,94.57,87044.518,1760957999999,8232733.19841,19424,42823.442,4051738.13048
1760958000000,94.57,94.59,94.07,94.51,72997.526,1760961599999,6886707.69079,15787,35442.393,3343587.79415
1760961600000,94.50,94.83,94.26,94.73,54875.856,1760965199999,5189867.23222,15178,26091.564,2467466.60400
1760965200000,94.73,95.44,94.49,95.27,82320.726,1760968799999,7821741.94834,20017,40139.547,3815445.96522
1760968800000,95.27,95.59,94.71,95.46,82578.085,1760972399999,7866200.73227,19191,39407.737,3755327.42393
1760972400000,95.46,95.70,94.79,94.79,88776.494,1760975999999,8456389.34674,20109,38989.675,3715457.33863
1760976000000,94.80,94.86,93.26,94.47,221798.939,1760979599999,20890739.61236,41458,98532.377,9280915.35310
1760979600000,94.47,94.86,93.72,94.30,80144.734,1760983199999,7552989.08408,19579,39987.250,3769904.31397
1760983200000,94.31,94.80,94.10,94.75,64093.300,1760986799999,6049677.05147,14514,38039.992,3591170.34986
1760986800000,94.76,95.50,94.46,95.23,57394.490,1760990399999,5452159.36904,14913,32097.408,3049560.22923
1760990400000,95.22,95.34,94.88,95.08,45492.760,1760993999999,4325220.88731,13073,22310.820,2121194.51606
1760994000000,95.08,95.20,94.49,94.66,48654.455,1760997599999,4615631.74995,11137,20367.422,1932294.47600
1760997600000,94.66,95.18,94.52,94.87,30698.063,1761001199999,2913805.76180,9108,13649.296,1295324.54601
1761001200000,94.88,94.88,93.93,93.97,64014.686,1761004799999,6040124.55765,13808,29323.510,2766273.72103
1761004800000,93.96,94.05,93.19,93.44,88071.120,1761008399999,8243407.45262,18608,37524.468,3512171.60776
1761008400000,93.44,93.80,92.89,93.34,80507.650,1761011999999,7517223.86636,18783,38848.545,3628775.90514
1761012000000,93.35,93.42,92.72,92.93,67777.019,1761015599999,6309184.59628,16964,32029.740,2981816.00923
1761015600000,92.94,93.44,92.72,92.86,67713.328,1761019199999,6305760.04111,16185,37510.454,3493807.52049
1761019200000,92.86,92.91,91.57,91.83,200847.770,1761022799999,18504026.46278,40187,94865.571,8741659.42438
1761022800000,91.83,92.47,91.72,92.45,83719.496,1761026399999,7714124.62254,21481,43950.167,4049939.79069
1761026400000,92.46,92.98,92.09,92.73,68072.575,1761029999999,6296877.53022,18677,33698.416,3117529.66990
1761030000000,92.73,93.19,92.49,92.99,93048.628,1761033599999,8647835.67245,17053,48443.715,4502147.91318
1761033600000,92.99,92.99,91.94,92.13,87945.411,1761037199999,8117564.94136,18396,43770.658,4040495.54278
1761037200000,92.12,92.13,91.71,92.02,64063.337,1761040799999,5889886.30382,14863,28504.663,2620396.81298
1761040800000,92.03,92.87,91.79,92.66,77276.789,1761044399999,7130846.12404,19678,38991.322,3598750.96581
1761044400000,92.66,92.95,92.40,92.86,52382.516,1761047999999,4853129.87021,13110,28960.707,2683229.82891
1761048000000,92.86,93.87,92.65,92.91,120750.303,1761051599999,11265006.68460,23724,61775.013,5764430.81508
1761051600000,92.90,93.45,92.32,92.99,117961.660,1761055199999,10955700.72357,27661,55897.877,5191292.19138
1761055200000,93.00,95.53,92.99,95.38,284660.791,1761058799999,26887269.83825,48858,148404.680,14020591.07840
1761058800000,95.38,96.57,94.98,96.24,328046.221,1761062399999,31453797.08822,57326,180956.296,17355492.07195
1761062400000,96.24,96.72,95.33,95.66,248601.767,1761065999999,23912452.65286,45198,118411.035,11395392.45323
1761066000000,95.67,96.92,94.86,96.31,291177.714,1761069599999,27956235.77102,49653,152466.962,14645424.69200
1761069600000,96.32,96.90,95.81,96.43,121496.074,1761073199999,11701991.93211,26633,65424.776,6302599.61361
1761073200000,96.42,96.80,96.03,96.05,78917.568,1761076799999,7607569.31182,18440,43643.610,4207784.13920
1761076800000,96.06,96.12,94.87,95.62,143999.477,1761080399999,13749721.78042,25557,70309.492,6713870.08820
1761080400000,95.62,95.81,94.29,95.53,115024.961,1761083999999,10934237.48215,25291,53159.350,5053654.96649
1761084000000,95.52,95.66,94.08,94.40,157493.572,1761087599999,14915288.60520,34219,74679.629,7074693.82337
1761087600000,94.40,94.78,92.35,92.42,182039.194,1761091199999,17010753.13701,35550,73577.782,6879174.90987
1761091200000,92.42,92.87,91.88,92.38,199793.703,1761094799999,18459218.43181,39613,88191.761,8148786.08746
1761094800000,92.38,92.85,92.17,92.73,93643.637,1761098399999,8665442.02134,24712,42457.320,3928772.45089
1761098400000,92.74,93.22,92.66,92.96,64450.839,1761101999999,5992048.78676,15353,29997.869,2788727.37072
1761102000000,92.97,92.98,92.39,92.88,68791.562,1761105599999,6376057.54120,15443,34695.944,3215286.24354
1761105600000,92.88,93.39,92.80,93.08,88928.455,1761109199999,8279011.10552,16403,52490.586,4886978.54538
1761109200000,93.09,93.09,91.90,92.62,103285.033,1761112799999,9544109.78512,20108,47910.477,4426155.90064
1761112800000,92.61,92.77,92.35,92.45,54317.432,1761116399999,5027263.81207,12442,24793.307,2294923.60356
1761116400000,92.45,93.21,92.17,93.10,79891.599,1761119999999,7408502.73344,17709,39431.145,3656811.71173
1761120000000,93.10,93.10,92.28,92.34,59853.058,1761123599999,5542415.45749,13476,27032.515,2503649.70249
1761123600000,92.35,92.42,91.72,92.02,118777.684,1761127199999,10931678.91079,18561,64369.274,5924800.14069
1761127200000,92.03,92.23,91.69,91.80,79381.228,1761130799999,7299483.00226,15518,35182.774,3235534.77338
1761130800000,91.81,92.85,90.88,92.23,227368.023,1761134399999,20899829.05128,36181,108198.146,9947358.21581
1761134400000,92.23,92.93,92.03,92.83,84898.150,1761137999999,7859242.66314,18434,44040.803,4077427.90910
1761138000000,92.84,93.71,92.56,93.46,155146.092,1761141599999,14440532.61559,29279,76220.584,7095807.97935
1761141600000,93.46,93.51,91.81,93.42,257951.469,1761145199999,23883145.51067,42844,134500.900,12452470.59292
1761145200000,93.43,93.63,92.05,92.86,155419.191,1761148799999,14417639.13346,30357,85019.432,7886437.03320
1761148800000,92.87,94.41,92.15,94.28,237229.827,1761152399999,22127914.14257,44166,129347.869,12069507.26160
1761152400000,94.27,94.43,93.28,93.52,212678.603,1761155999999,19969650.65223,42420,108098.470,10150555.69755
1761156000000,93.52,94.44,93.26,94.05,104736.340,1761159599999,9827100.10850,25797,51964.339,4877550.97453
1761159600000,94.05,94.92,93.08,93.78,129053.679,1761163199999,12149821.93473,30569,69471.880,6541322.42710
1761163200000,93.78,93.97,92.19,92.57,110531.133,1761166799999,10291884.05448,27069,46763.134,4356199.39713
1761166800000,92.56,92.57,89.83,90.76,397169.932,1761170399999,36166341.52598,65468,170288.441,15505211.90888
1761170400000,90.76,91.28,90.32,90.82,125044.781,1761173999999,11362618.26931,29582,57436.252,5219610.50390
1761174000000,90.82,92.29,90.76,91.83,114875.363,1761177599999,10534518.79864,25036,53638.366,4919333.46689
1761177600000,91.83,92.57,91.74,92.43,64792.187,1761181199999,5978732.86265,17057,35298.770,3257594.17532
1761181200000,92.42,92.77,92.12,92.31,75018.295,1761184799999,6937630.30547,17946,37442.224,3462974.28768
1761184800000,92.31,92.39,92.03,92.27,49160.124,1761188399999,4532784.25479,12428,19642.986,1811225.94818
1761188400000,92.27,92.89,92.26,92.53,43705.648,1761191999999,4046931.25886,11801,19938.654,1846355.73132
1761192000000,92.54,92.66,92.08,92.16,43094.519,1761195599999,3979552.73812,12195,20125.459,1858529.65786
1761195600000,92.17,92.77,92.10,92.74,46404.130,1761199199999,4290580.81429,11714,27239.334,2518512.13651
1761199200000,92.74,93.99,92.64,93.78,122724.495,1761202799999,11478772.29996,26789,65915.796,6163944.19100
1761202800000,93.78,93.80,92.98,93.27,51510.910,1761206399999,4807344.23490,14899,22197.613,2071792.96658
1761206400000,93.28,93.82,93.27,93.53,60608.415,1761209999999,5670193.01312,14789,34473.174,3225737.71444
1761210000000,93.54,93.61,93.16,93.28,37901.847,1761213599999,3538274.82223,11292,15648.808,1461071.34743
1761213600000,93.28,93.74,93.23,93.59,47326.994,1761217199999,4426873.45910,13337,22015.604,2059345.63708
1761217200000,93.58,93.93,93.11,93.24,69175.312,1761220799999,6461985.00198,16318,24769.607,2314573.83107
1761220800000,93.23,93.44,92.51,93.22,99093.999,1761224399999,9211350.99428,20889,41884.614,3893241.39908
1761224400000,93.22,93.81,92.81,93.48,88046.214,1761227999999,8227823.43327,19314,49605.127,4637119.53934
1761228000000,93.49,93.83,92.84,93.48,94166.737,1761231599999,8789672.55396,23236,52709.300,4921256.31004
1761231600000,93.49,94.44,93.26,93.99,109239.309,1761235199999,10263084.72646,22900,52252.689,4909353.36961
1761235200000,93.99,94.56,93.54,94.42,92318.158,1761238799999,8674888.28379,17343,48165.433,4527508.80528
1761238800000,94.42,94.74,93.53,94.56,122558.044,1761242399999,11554687.80625,21513,72023.331,6791188.52818
1761242400000,94.55,94.60,93.74,93.90,118863.851,1761245999999,11186012.43288,16520,50648.844,4767106.47945
1761246000000,93.90,93.92,93.48,93.82,43770.644,1761249599999,4102154.12224,10124,20135.440,1887377.32879
1761249600000,93.81,93.88,92.86,93.21,69168.845,1761253199999,6465928.94663,13516,26809.330,2506915.94292
1761253200000,93.20,93.54,93.10,93.41,39127.945,1761256799999,3653994.31192,8952,16860.373,1574520.13237
1761256800000,93.41,93.83,93.37,93.69,37013.674,1761260399999,3465340.66086,10510,18524.839,1734470.70106
1761260400000,93.70,94.00,93.63,93.96,30354.824,1761263999999,2847607.27475,8556,15816.828,1483832.43580
1761264000000,93.97,94.53,93.87,94.39,60701.012,1761267599999,5713929.79912,14823,27331.476,2573150.27886
1761267600000,94.38,94.86,94.08,94.84,50680.335,1761271199999,4785426.37857,11823,29161.824,2754494.23875
1761271200000,94.83,95.24,94.70,95.08,86060.145,1761274799999,8168647.09639,17876,49392.499,4688621.24979
1761274800000,95.08,95.21,94.42,94.72,50677.791,1761278399999,4799274.50380,11497,20508.766,1941784.59922
1761278400000,94.71,95.34,94.42,95.21,71625.182,1761281999999,6799621.67015,16550,34347.954,3261985.99956
1761282000000,95.21,95.74,94.95,95.58,69865.554,1761285599999,6664349.27190,16807,35133.606,3351723.33642
1761285600000,95.58,96.03,95.51,95.98,60753.051,1761289199999,5819795.66647,14839,29612.748,2837249.16247
1761289200000,95.98,96.08,95.39,96.04,92015.658,1761292799999,8812912.79613,17914,42816.803,4101519.54758
1761292800000,96.04,96.65,95.85,96.33,96482.178,1761296399999,9287145.67859,20579,46957.047,4520495.22949
1761296400000,96.32,96.32,95.56,95.68,68788.537,1761299999999,6593801.72133,15697,26791.498,2568351.66572
1761300000000,95.68,95.68,95.29,95.34,69588.346,1761303599999,6640906.87365,13379,26584.527,2536983.34455
1761303600000,95.35,96.13,95.09,96.09,97192.272,1761307199999,9291253.86573,20342,54075.293,5170420.93748
1761307200000,96.10,97.43,95.90,96.40,209847.588,1761310799999,20270185.76361,41624,108469.686,10478045.24052
1761310800000,96.41,96.48,95.66,96.19,119765.306,1761314399999,11505774.37629,27358,57684.028,5542981.73720
1761314400000,96.19,96.22,94.85,95.33,151075.873,1761317999999,14415420.51140,31003,70656.147,6743585.42764
1761318000000,95.34,95.75,94.96,95.18,111724.610,1761321599999,10659365.34010,20524,59653.781,5692047.34523
1761321600000,95.18,95.54,94.90,95.53,54271.547,1761325199999,5168223.11452,13523,26412.259,2515524.47742
1761325200000,95.53,95.89,95.35,95.69,62860.442,1761328799999,6014360.18175,12463,34102.078,3263280.99119
1761328800000,95.68,96.01,95.61,95.71,47722.614,1761332399999,4573299.17516,9850,26892.430,2577739.78369
1761332400000,95.71,96.28,95.70,96.12,68241.704,1761335999999,6551528.59486,14428,40414.806,3879785.74779
1761336000000,96.12,96.87,96.02,96.75,64090.199,1761339599999,6186407.52183,14957,34888.101,3367094.85759
1761339600000,96.75,97.00,96.61,96.89,47301.671,1761343199999,4581139.19916,13003,25560.816,2475671.68472
1761343200000,96.89,96.92,96.41,96.57,38705.877,1761346799999,3739428.64294,10048,18309.595,1768966.91263
1761346800000,96.56,96.57,96.22,96.40,33909.127,1761350399999,3268176.93658,7886,17356.947,1672743.45425
1761350400000,96.40,96.69,96.09,96.43,39370.426,1761353999999,3792750.55138,11387,18255.036,1758797.77849
1761354000000,96.43,96.94,96.34,96.51,38573.200,1761357599999,3724989.04011,10989,20766.529,2005665.54696
1761357600000,96.52,96.58,96.14,96.18,32184.058,1761361199999,3099089.90331,8153,13100.557,1261561.15721
1761361200000,96.17,96.30,96.02,96.07,32519.754,1761364799999,3127257.46204,8960,16044.859,1542829.40165
1761364800000,96.07,96.50,96.02,96.21,41994.765,1761368399999,4043663.39526,10954,20643.662,1988025.36942
1761368400000,96.21,96.21,95.80,96.12,27896.155,1761371999999,2677937.13311,8915,10287.642,987689.01285
1761372000000,96.13,96.24,95.90,96.04,26819.648,1761375599999,2575928.18694,8401,11865.160,1139660.67356
1761375600000,96.04,96.92,96.02,96.49,58240.617,1761379199999,5620058.84105,13980,30702.341,2961630.02458
1761379200000,96.49,96.56,96.23,96.31,23123.830,1761382799999,2228302.81986,7466,11985.367,1155001.95412
1761382800000,96.32,96.41,95.75,95.86,40241.316,1761386399999,3866607.51286,9661,17075.368,1640730.39262
1761386400000,95.87,96.31,95.61,96.11,40347.803,1761389999999,3870412.47842,9995,19206.236,1842554.06801
1761390000000,96.12,96.39,95.99,96.19,21488.573,1761393599999,2067634.27474,6493,9719.497,935154.62509
1761393600000,96.20,96.39,96.09,96.33,27398.617,1761397199999,2636167.98565,8095,14481.001,1393287.99087
1761397200000,96.34,96.37,95.91,96.19,29609.946,1761400799999,2844576.94154,8515,14672.044,1409457.66665
1761400800000,96.19,96.42,96.00,96.38,33568.106,1761404399999,3229559.83342,8741,16658.493,1602736.25092
1761404400000,96.39,96.40,96.00,96.07,39007.797,1761407999999,3749242.69677,8720,18253.286,1754476.27645
1761408000000,96.07,96.28,95.95,96.14,74925.593,1761411599999,7198392.28001,11212,40855.234,3925327.11845
1761411600000,96.15,96.44,96.06,96.34,23035.000,1761415199999,2218374.64193,6564,12702.188,1223389.74917
1761415200000,96.34,96.85,96.16,96.82,44633.627,1761418799999,4311843.31706,9864,23181.106,2239543.31596
1761418800000,96.82,97.05,96.72,96.92,38705.393,1761422399999,3750053.26022,8202,19958.233,1933694.93067
1761422400000,96.92,96.99,96.60,96.77,37876.435,1761425999999,3667204.24876,8432,16517.415,1599587.91151
1761426000000,96.77,96.84,96.43,96.73,27904.121,1761429599999,2696628.46200,6923,12163.064,1175616.16879
1761429600000,96.73,96.99,96.50,96.84,19999.855,1761433199999,1934351.36863,6692,10067.141,973675.75732
1761433200000,96.84,97.00,96.69,96.91,18679.018,1761436799999,1809172.88494,5594,8660.776,838864.11367
1761436800000,96.91,97.01,96.72,96.82,36353.935,1761440399999,3522256.58681,9320,16597.486,1608003.05304
1761440400000,96.83,96.92,96.46,96.61,31269.872,1761443999999,3024458.92889,7954,14896.474,1440997.02585
1761444000000,96.62,96.68,96.32,96.53,28554.721,1761447599999,2755852.77791,7883,12558.334,1211955.54111
1761447600000,96.52,96.66,96.33,96.39,21392.953,1761451199999,2064088.34905,6257,9985.969,963502.98423
1761451200000,96.40,96.67,96.27,96.63,24640.695,1761454799999,2377800.45142,5618,13500.956,1302984.10730
1761454800000,96.64,96.94,96.52,96.78,23643.503,1761458399999,2287458.17485,5880,12889.340,1247125.71896
1761458400000,96.78,97.19,96.67,97.19,38292.512,1761461999999,3712311.20417,8670,20430.050,1980776.32880
1761462000000,97.19,97.60,97.13,97.40,61352.189,1761465599999,5976854.87840,12732,31114.227,3031241.57240
1761465600000,97.41,97.80,97.38,97.64,50225.801,1761469199999,4902594.68717,10476,26321.492,2569589.53271
1761469200000,97.65,98.54,97.47,98.38,100644.378,1761472799999,9873709.81165,22596,53571.099,5255544.28152
1761472800000,98.39,98.48,97.81,97.96,40858.499,1761476399999,4007101.36860,9968,19389.526,1901596.72408
1761476400000,97.97,98.76,97.69,98.61,83679.329,1761479999999,8226026.19159,17705,42086.361,4136680.02037
1761480000000,98.61,99.64,98.47,99.45,173299.433,1761483599999,17165191.72124,28888,95739.888,9482630.93314
1761483600000,99.45,99.58,99.03,99.18,88138.313,1761487199999,8749158.31391,17007,41178.492,4087905.97093
1761487200000,99.18,99.22,98.54,98.71,133297.100,1761490799999,13167361.36426,17382,56529.594,5583836.99535
1761490800000,98.71,99.26,98.55,99.15,50237.755,1761494399999,4970454.02375,10151,28381.113,2808851.57881
1761494400000,99.15,99.49,98.86,99.06,61115.041,1761497999999,6058246.37480,12816,28115.810,2787588.34558
1761498000000,99.06,99.33,98.84,99.05,35897.879,1761501599999,3557137.47009,8656,17940.720,1777636.40524
1761501600000,99.05,99.27,98.92,99.13,29610.591,1761505199999,2933923.37110,7477,13360.406,1323961.22590
1761505200000,99.14,99.21,98.89,99.21,40315.869,1761508799999,3991544.53841,8700,18955.768,1876792.55172
1761508800000,99.20,99.21,98.66,98.91,51881.368,1761512399999,5130398.24990,11283,24417.652,2414789.42226
1761512400000,98.90,99.59,98.83,99.38,43093.217,1761515999999,4275940.96307,9803,21581.209,2140895.20704
1761516000000,99.39,101.00,99.39,100.29,156128.811,1761519599999,15658117.52451,35730,83224.793,8346583.58873
1761519600000,100.30,100.63,99.77,99.95,83270.474,1761523199999,8335781.52226,16422,43906.316,4396880.55986
1761523200000,99.95,100.63,99.82,100.11,94672.230,1761526799999,9484610.49222,18751,48051.414,4814311.34069
1761526800000,100.10,100.56,99.96,100.45,69175.272,1761530399999,6938901.51185,14119,36086.652,3620954.36410
1761530400000,100.46,100.83,100.07,100.36,80071.089,1761533999999,8043366.68138,16105,38690.772,3887097.53849
1761534000000,100.35,100.44,99.85,99.99,56480.623,1761537599999,5654325.22470,13396,28000.222,2803817.90336
1761537600000,99.98,100.51,99.84,100.42,57601.838,1761541199999,5770195.85547,10587,29957.395,3000944.53368
1761541200000,100.42,100.83,100.32,100.40,69612.130,1761544799999,7000633.11828,14599,33400.912,3359774.49366
1761544800000,100.40,101.20,100.08,100.84,86746.867,1761548399999,8732274.85100,17578,46699.376,4702302.22097
1761548400000,100.84,100.85,99.24,99.75,145215.513,1761551999999,14508204.13401,25993,58630.300,5858381.76307
1761552000000,99.74,99.90,98.80,99.31,122980.014,1761555599999,12219358.79593,22107,56492.595,5614280.92859
1761555600000,99.30,99.35,98.55,98.93,121789.838,1761559199999,12049614.50000,22399,59063.083,5845419.94641
1761559200000,98.94,99.31,98.79,98.94,47233.554,1761562799999,4678679.63490,12322,21537.182,2133380.04269
1761562800000,98.95,99.25,98.27,99.22,76122.586,1761566399999,7522388.76652,15316,36566.026,3615111.21485
1761566400000,99.23,99.27,98.55,98.65,54582.079,1761569999999,5398589.03924,12406,22118.521,2187331.18106
1761570000000,98.64,99.24,98.10,99.11,118030.446,1761573599999,11648180.69463,21286,65669.053,6484369.47311
1761573600000,99.12,99.26,98.35,99.07,123487.422,1761577199999,12198613.93936,21089,55940.808,5525457.76462
1761577200000,99.06,102.40,99.04,101.97,607826.556,1761580799999,61309794.95215,94864,352399.114,35523162.19785
1761580800000,101.98,103.07,101.38,102.69,280552.745,1761584399999,28673488.75195,61392,156645.742,16010272.07445
1761584400000,102.68,102.97,101.66,101.85,109400.572,1761587999999,11179964.21119,29670,53255.422,5442643.56470
1761588000000,101.84,103.14,101.69,101.93,309056.865,1761591599999,31608305.29630,51601,166122.498,16997708.34562
1761591600000,101.93,102.28,101.33,102.00,104073.619,1761595199999,10591443.90389,27836,44486.364,4527746.47933
1761595200000,101.99,101.99,100.16,100.16,167766.355,1761598799999,16928229.82830,35135,52461.303,5293746.64599
1761598800000,100.16,100.72,100.09,100.17,56934.283,1761602399999,5714936.71187,17516,25996.894,2609987.53024
1761602400000,100.17,100.29,99.02,99.22,123130.936,1761605999999,12272936.03445,26322,56618.493,5645715.61232
1761606000000,99.22,99.48,98.60,99.33,97973.858,1761609599999,9699047.19816,20697,44618.113,4417981.13202
1761609600000,99.33,99.84,99.06,99.63,80070.759,1761613199999,7963999.18598,20662,43494.719,4326116.35124
1761613200000,99.63,100.72,99.11,100.21,168479.836,1761616799999,16825564.65986,31098,96923.460,9683933.35219
1761616800000,100.21,100.35,98.80,99.75,96185.068,1761620399999,9575771.72872,22921,42598.076,4244231.98232
1761620400000,99.74,100.08,99.04,99.98,76651.007,1761623999999,7639525.04295,21869,39205.238,3908225.86057
1761624000000,99.97,100.26,99.57,99.96,62330.556,1761627599999,6228290.07351,18489,33995.112,3397215.91600
1761627600000,99.95,100.24,99.09,99.45,86860.889,1761631199999,8659552.45825,20394,42530.662,4241019.68747
1761631200000,99.46,105.87,99.45,105.48,465620.114,1761634799999,48089786.14442,102983,256298.575,26450013.87256
1761634800000,105.48,106.97,102.21,102.39,651108.812,1761638399999,67984741.65858,149601,291087.886,30418812.16545
1761638400000,102.40,102.74,101.28,102.23,370006.450,1761641999999,37738517.55986,78119,168919.651,17236120.07561
1761642000000,102.23,102.55,100.76,101.93,276068.234,1761645599999,28010295.85455,54119,127206.770,12908884.56321
1761645600000,101.93,102.09,100.95,101.49,149449.990,1761649199999,15176328.17138,33207,69708.887,7080878.25650
1761649200000,101.50,102.30,101.15,102.15,192324.516,1761652799999,19560764.89008,38358,88893.267,9039035.02484
1761652800000,102.14,102.28,101.32,102.25,126912.091,1761656399999,12930264.34850,27668,57483.381,5857484.42156
1761656400000,102.25,102.75,101.46,101.63,222504.994,1761659999999,22732775.71101,45803,91710.634,9373620.98885
1761660000000,101.64,101.81,97.05,98.54,850490.345,1761663599999,84538322.88496,120090,356081.411,35373614.68840
1761663600000,98.54,99.32,98.41,99.02,210930.479,1761667199999,20849402.86142,43568,98227.447,9711247.00196
1761667200000,99.01,99.58,98.70,99.26,174174.932,1761670799999,17268640.16402,34386,100026.618,9918225.15899
1761670800000,99.26,99.99,99.26,99.84,93451.949,1761674399999,9314020.23183,21672,52547.498,5237561.93362
1761674400000,99.84,99.89,98.84,99.27,174671.865,1761677999999,17332685.25982,27740,64953.386,6447121.85110
1761678000000,99.28,99.33,97.81,98.24,189039.222,1761681599999,18613387.21485,35685,80998.237,7978674.28748
1761681600000,98.23,98.25,95.75,96.64,440178.920,1761685199999,42672488.67164,69754,181140.786,17557626.68445
1761685200000,96.63,97.13,95.21,96.82,157949.499,1761688799999,15194490.17716,34389,75736.289,7289459.42474
1761688800000,96.82,97.39,96.62,97.12,79460.714,1761692399999,7713091.43736,19906,44586.495,4328887.89811
1761692400000,97.12,97.21,96.42,96.58,85283.516,1761695999999,8252557.13985,18168,35942.354,3479395.29015
1761696000000,96.58,96.95,96.26,96.52,80034.940,1761699599999,7729810.49725,19917,42635.260,4118920.15907
1761699600000,96.51,97.08,96.36,96.72,66619.632,1761703199999,6435761.19853,19677,39683.578,3833995.24124
1761703200000,96.71,96.99,96.37,96.68,78175.586,1761706799999,7560462.14110,17471,46333.891,4481194.09388
1761706800000,96.68,96.68,96.15,96.37,62206.751,1761710399999,5993029.62302,15800,31830.073,3067046.12894
1761710400000,96.37,96.88,96.30,96.70,45701.908,1761713999999,4416346.26323,14204,25067.824,2422751.09631
1761714000000,96.69,97.27,96.63,97.13,64205.026,1761717599999,6228274.44964,18596,36735.930,3563657.93626
1761717600000,97.14,97.48,96.87,97.43,62820.562,1761721199999,6104294.70018,15940,28699.392,2788908.48972
1761721200000,97.42,98.74,97.37,98.62,108479.290,1761724799999,10632349.05689,25320,63918.395,6264568.23933
1761724800000,98.62,98.64,97.51,97.66,89772.735,1761728399999,8799238.22365,22124,41890.554,4105956.68945
1761728400000,97.66,97.70,97.09,97.54,102873.310,1761731999999,10026390.34964,21541,47185.516,4600145.11940
1761732000000,97.55,98.60,97.55,98.09,93529.826,1761735599999,9184773.91947,22728,48645.766,4777441.93708
1761735600000,98.09,98.59,98.03,98.39,61374.042,1761739199999,6038049.69248,16666,32700.491,3217389.17872
1761739200000,98.38,99.39,98.21,99.25,162885.005,1761742799999,16112737.55325,29289,100075.245,9897894.09454
1761742800000,99.24,100.67,99.22,99.92,248172.021,1761746399999,24846162.13013,57105,120014.467,12013158.09489
1761746400000,99.92,100.04,98.45,98.91,269736.045,1761749999999,26722109.97932,55284,118297.203,11715631.26787
1761750000000,98.92,99.01,97.68,98.15,189465.315,1761753599999,18629776.09947,43243,87193.430,8575312.70173
1761753600000,98.15,98.98,97.56,98.88,118831.861,1761757199999,11690723.51130,30685,62278.722,6129116.89891
1761757200000,98.88,99.50,98.34,99.36,91880.376,1761760799999,9097023.41383,24866,51278.117,5079612.37236
1761760800000,99.37,99.65,95.61,98.60,646570.784,1761764399999,63217972.25933,112458,313582.223,30670438.73933
1761764400000,98.60,99.78,98.22,98.69,236193.767,1761767999999,23384243.84470,47883,116668.303,11554858.42855
1761768000000,98.70,99.47,98.20,99.18,121521.287,1761771599999,12018303.44499,29605,61904.280,6123175.69213
1761771600000,99.19,99.77,98.89,99.55,55360.450,1761775199999,5500413.20702,15145,27130.322,2695849.68844
1761775200000,99.55,99.83,99.32,99.45,78285.140,1761778799999,7796655.65881,17515,38222.231,3808048.15199
1761778800000,99.45,99.64,98.31,98.48,108166.098,1761782399999,10694306.14056,23054,45125.029,4460072.58104
1761782400000,98.48,99.24,97.72,99.21,121764.388,1761785999999,11998972.92775,29566,55365.414,5458437.41699
1761786000000,99.21,99.29,98.53,98.89,64040.837,1761789599999,6338565.88898,21340,27632.553,2735455.86227
1761789600000,98.90,99.69,98.75,99.63,60807.528,1761793199999,6039989.91994,19325,30539.599,3033651.63150
1761793200000,99.63,99.63,98.53,98.88,72556.901,1761796799999,7184578.30673,19368,26046.898,2579234.51737
1761796800000,98.88,98.93,95.60,96.34,398044.732,1761800399999,38548636.15366,74533,189792.531,18369768.50605
1761800400000,96.33,98.23,96.17,98.08,133683.524,1761803999999,13000865.82615,35426,64748.663,6296120.73346
1761804000000,98.07,98.71,97.57,98.21,88181.033,1761807599999,8660671.17707,24151,40495.918,3978299.25215
1761807600000,98.21,98.95,98.07,98.67,84581.182,1761811199999,8343031.24874,18705,46063.344,4544749.64626
1761811200000,98.67,98.78,97.85,97.91,68015.123,1761814799999,6686066.88697,16650,32507.818,3195465.68620
1761814800000,97.92,98.04,97.20,97.28,105992.888,1761818399999,10339327.17668,21571,50025.273,4880136.45509
1761818400000,97.28,97.38,96.48,96.74,94123.882,1761821999999,9123268.01818,20871,44783.905,4340397.87812
1761822000000,96.74,97.10,96.49,96.64,58377.602,1761825599999,5649597.43119,17830,30327.762,2934985.09715
1761825600000,96.64,97.04,94.78,95.55,301451.813,1761829199999,28868172.20588,54285,128473.036,12309206.04922
1761829200000,95.54,95.76,93.10,93.20,369066.455,1761832799999,34756077.62527,67631,161267.451,15192728.08690
1761832800000,93.20,93.87,92.58,93.23,243547.643,1761836399999,22700296.51892,48417,122621.173,11430408.57796
1761836400000,93.22,93.40,91.63,92.09,183611.555,1761839999999,16961113.32684,42557,88835.522,8206997.15022
1761840000000,92.10,92.74,91.68,92.46,148685.268,1761843599999,13714113.98488,34321,74732.023,6893912.87776
1761843600000,92.47,92.49,91.00,92.07,221547.283,1761847199999,20310592.92552,41188,102959.813,9438493.34710
1761847200000,92.06,92.26,91.13,91.44,97545.693,1761850799999,8943620.01360,24503,45234.602,4147373.24715
1761850800000,91.43,91.67,90.32,90.61,163307.274,1761854399999,14851561.95846,38223,70975.983,6457823.00116
1761854400000,90.60,92.02,90.38,91.92,138698.674,1761857999999,12635557.94377,34022,71378.104,6502979.76169
1761858000000,91.93,92.58,91.69,92.27,75901.818,1761861599999,6987636.82592,19762,39509.753,3638277.69374
1761861600000,92.26,92.88,92.14,92.71,69902.068,1761865199999,6467174.94394,18235,40102.391,3710718.52345
1761865200000,92.72,93.42,92.49,93.33,78482.110,1761868799999,7297095.35001,20458,40181.999,3736537.57060
1761868800000,93.34,94.08,92.90,93.84,102122.034,1761872399999,9545946.36525,24923,43032.542,4023363.96441
1761872400000,93.85,94.50,93.62,93.77,100127.779,1761875999999,9416711.72397,24158,51457.345,4840499.60184
1761876000000,93.77,93.80,93.11,93.54,68138.244,1761879599999,6367627.45947,20478,29227.369,2731494.61338
1761879600000,93.54,94.02,93.32,93.83,58702.304,1761883199999,5502968.20269,17389,33394.383,3131079.63141
1761883200000,93.83,94.77,93.83,94.46,88718.499,1761886799999,8370911.33239,23625,50971.808,4809066.83720
1761886800000,94.45,94.45,94.02,94.11,48540.890,1761890399999,4573105.24152,13483,22583.204,2127674.21282
1761890400000,94.12,94.30,93.82,94.00,38860.851,1761893999999,3652605.46774,12572,17081.693,1605579.62505
1761894000000,93.99,94.37,93.65,94.21,64282.128,1761897599999,6043344.64264,14749,37047.494,3483711.47355
1761897600000,94.21,94.61,93.97,94.58,55404.336,1761901199999,5227075.11866,16522,27010.653,2548878.58314
1761901200000,94.59,94.77,94.14,94.31,43453.969,1761904799999,4101138.85159,12390,19084.679,1801499.71034
1761904800000,94.32,94.50,94.09,94.17,34254.068,1761908399999,3231357.47055,11526,18095.540,1707133.65671
1761908400000,94.17,95.04,93.91,94.95,71797.708,1761911999999,6783379.27228,16879,41141.932,3888303.33922
1761912000000,94.95,95.37,94.58,94.66,93467.385,1761915599999,8875437.92629,20516,47725.419,4533310.65853
1761915600000,94.67,95.58,94.58,94.97,87343.206,1761919199999,8295149.64764,22951,46379.375,4405132.53033
1761919200000,94.98,95.93,94.78,95.80,98267.602,1761922799999,9372076.91160,27014,54642.865,5212229.71115
1761922800000,95.79,96.06,95.41,95.58,88697.644,1761926399999,8487408.84770,22905,46629.162,4461859.13669
1761926400000,95.57,95.70,94.40,94.55,111847.202,1761929999999,10633191.52564,24505,51568.978,4903605.99535
1761930000000,94.55,94.96,93.92,94.64,127655.422,1761933599999,12055247.98811,30586,64019.712,6046438.82169
1761933600000,94.65,95.17,94.23,94.90,70879.731,1761937199999,6717802.73055,20916,37307.260,3536082.82890
1761937200000,94.89,96.22,94.65,96.08,122016.846,1761940799999,11660877.32624,24735,66053.075,6314344.65971
1761940800000,96.07,96.28,95.42,95.53,77899.885,1761944399999,7469345.04745,18364,34976.365,3354437.44460
1761944400000,95.53,96.07,95.32,95.61,46860.112,1761947999999,4483093.01628,13690,21152.542,2024111.83631
1761948000000,95.62,95.71,95.23,95.44,27379.147,1761951599999,2613074.49692,9473,13476.900,1286451.95539
1761951600000,95.44,95.80,95.31,95.34,28376.503,1761955199999,2712036.94389,8383,14195.117,1356701.75309
1761955200000,95.33,95.52,95.00,95.47,43534.307,1761958799999,4145954.52963,13321,20392.924,1942640.04314
1761958800000,95.48,95.89,95.25,95.48,81234.833,1761962399999,7765777.62443,16731,45170.152,4317832.75039
1761962400000,95.48,95.87,95.21,95.76,32717.198,1761965999999,3124946.70894,10473,16714.390,1596872.62464
1761966000000,95.77,96.22,95.72,96.07,48327.560,1761969599999,4639329.50035,13730,25744.878,2471750.07031
1761969600000,96.08,96.42,95.98,96.17,52509.118,1761973199999,5050586.48294,27415,23430.540,2253802.52752
1761973200000,96.16,96.22,95.60,95.72,32770.893,1761976799999,3143719.43319,11240,13406.631,1286269.85155
1761976800000,95.72,98.22,95.57,97.69,155712.193,1761980399999,15075268.22269,27071,91623.670,8871982.90024
1761980400000,97.69,99.42,97.02,99.04,249330.401,1761983999999,24451624.76936,49388,146158.655,14330749.27296
1761984000000,99.04,99.28,97.80,98.22,129536.336,1761987599999,12755148.57633,30385,58195.181,5730379.46778
1761987600000,98.23,99.20,97.78,97.90,243534.492,1761991199999,23970099.29495,36013,120941.029,11906032.06983
1761991200000,97.90,98.71,97.90,98.67,67920.211,1761994799999,6677866.23166,17939,31842.557,3130914.01543
1761994800000,98.67,98.88,98.28,98.60,71007.819,1761998399999,6997356.39164,17235,26510.325,2612632.95271
1761998400000,98.61,99.12,98.53,98.89,67095.671,1762001999999,6626537.46950,18010,34277.171,3385442.30005
1762002000000,98.89,99.55,98.36,99.20,107351.739,1762005599999,10629809.24703,27167,50238.253,4976735.94749
1762005600000,99.20,99.47,98.58,98.78,115565.701,1762009199999,11440801.48044,27258,51948.763,5143983.22482
1762009200000,98.78,99.75,98.44,98.61,104157.546,1762012799999,10312987.50743,26875,55339.829,5479974.63412
1762012800000,98.62,99.30,98.44,99.16,62791.317,1762016399999,6214710.90007,18327,32546.140,3221328.15431
1762016400000,99.16,99.71,98.82,99.17,106597.142,1762019999999,10582123.54790,24509,55873.415,5548720.13203
1762020000000,99.18,99.55,99.02,99.40,47838.540,1762023599999,4751086.99028,12620,25348.523,2517550.04431
1762023600000,99.40,99.79,99.21,99.68,38014.370,1762027199999,3784810.38256,10884,22640.714,2254478.48075
1762027200000,99.69,100.50,99.51,100.03,85607.633,1762030799999,8558651.70227,21499,50033.960,5003602.66919
1762030800000,100.04,100.57,99.75,99.78,71317.920,1762034399999,7145172.03453,20437,33654.603,3373019.88221
1762034400000,99.78,100.64,99.64,100.17,78720.766,1762037999999,7878848.60248,18129,45532.218,4558262.56866
1762038000000,100.18,101.87,100.06,101.31,155585.429,1762041599999,15717285.76780,35559,84007.529,8485208.54658
1762041600000,101.31,101.47,100.33,100.75,95457.677,1762045199999,9634403.35212,28080,44949.311,4536854.65889
1762045200000,100.74,100.95,99.84,99.94,94680.041,1762048799999,9502642.76629,22538,43758.888,4393159.49716
1762048800000,99.94,100.51,99.75,99.88,62166.598,1762052399999,6222189.13576,15891,30171.414,3020783.21085
1762052400000,99.87,100.28,99.32,99.49,69294.892,1762055999999,6916886.45830,16620,29388.571,2934810.48085
1762056000000,99.48,100.19,99.35,100.07,74352.278,1762059599999,7414381.22930,18838,38755.413,3865661.06284
1762059600000,100.08,100.40,99.61,100.38,51255.488,1762063199999,5125711.86159,13205,25350.594,2535403.29627
1762063200000,100.39,100.40,99.74,99.99,53229.656,1762066799999,5324256.98695,13285,26023.535,2603114.56088
1762066800000,99.99,100.84,99.75,100.62,68235.871,1762070399999,6847029.29860,15855,34202.895,3432878.74053
1762070400000,100.63,101.08,100.13,100.22,85575.304,1762073999999,8610986.18011,19188,42832.776,4309952.62607
1762074000000,100.23,101.04,100.13,100.50,82773.532,1762077599999,8323927.89273,19120,40528.187,4076072.81463
1762077600000,100.51,101.20,99.79,100.10,131242.654,1762081199999,13171376.96404,26031,59460.553,5969312.28386
1762081200000,100.09,101.12,100.02,100.83,99035.430,1762084799999,9966609.54140,22906,48890.763,4919283.90981
1762084800000,100.83,100.85,100.08,100.31,53002.300,1762088399999,5322156.08590,14729,25904.505,2601252.26080
1762088400000,100.30,100.50,98.71,99.23,230460.845,1762091999999,22943166.77082,39609,90197.704,8979891.39626
1762092000000,99.23,99.30,98.15,98.72,149116.946,1762095599999,14717258.03623,35788,64824.248,6399245.43461
1762095600000,98.71,99.05,98.19,98.36,85473.824,1762099199999,8429197.34701,24911,40607.652,4005697.27164
1762099200000,98.36,98.61,97.45,98.48,135028.574,1762102799999,13235095.70720,32597,57788.550,5667003.05473
1762102800000,98.48,98.50,97.93,98.13,48600.979,1762106399999,4771698.78164,14063,23242.096,2282200.62789
1762106400000,98.13,98.38,97.92,98.23,42015.606,1762109999999,4126250.33426,12984,18702.143,1836860.87567
1762110000000,98.24,98.37,97.72,98.23,42321.990,1762113599999,4150292.12759,14856,22100.773,2167464.37946
1762113600000,98.23,98.40,98.03,98.34,24891.898,1762117199999,2444253.95138,9845,12031.147,1181475.93425
1762117200000,98.35,98.80,98.19,98.54,31785.360,1762120799999,3129659.59227,11994,16896.537,1663542.36361
1762120800000,98.55,98.62,97.95,98.18,34361.864,1762124399999,3377511.65612,13276,15822.971,1555415.51868
1762124400000,98.19,99.57,98.19,99.36,86280.803,1762127999999,8544024.33866,21168,49484.376,4899861.46403
1762128000000,99.37,99.72,98.15,98.16,94574.633,1762131599999,9365010.16104,20093,45021.973,4459374.32611
1762131600000,98.16,98.65,97.53,97.81,99611.229,1762135199999,9770805.49677,25247,46427.733,4555245.71204
1762135200000,97.81,97.98,96.45,97.07,176819.112,1762138799999,17163748.06957,39866,68718.683,6673907.32754
1762138800000,97.07,97.33,93.80,94.11,428523.263,1762142399999,40782269.79447,68536,167053.953,15900831.57292
1762142400000,94.10,94.70,93.15,94.60,233596.204,1762145999999,21911410.65337,48923,115366.629,10823505.37220
1762146000000,94.59,94.97,93.56,93.63,105300.535,1762149599999,9937213.97277,25879,46466.620,4384204.33929
1762149600000,93.63,93.95,92.30,93.37,187962.616,1762153199999,17505241.21091,37748,89344.249,8325335.55062
1762153200000,93.36,93.83,92.84,93.16,107627.100,1762156799999,10043486.98446,25714,56274.332,5252359.96292
1762156800000,93.15,93.44,92.58,93.18,100435.014,1762160399999,9343295.64415,25223,49407.783,4597167.40763
1762160400000,93.17,93.84,92.23,92.37,128294.293,1762163999999,11927922.19337,26309,57783.268,5376268.01427
1762164000000,92.37,92.77,91.38,91.59,138833.293,1762167599999,12792752.21725,25726,59705.624,5506013.84640
1762167600000,91.60,92.56,91.59,91.67,156394.527,1762171199999,14384476.30578,28295,71215.111,6551042.73505
1762171200000,91.68,92.40,91.31,91.41,146602.400,1762174799999,13478258.32832,25615,70030.874,6441308.88596
1762174800000,91.40,92.42,91.31,91.93,114377.713,1762178399999,10499519.36735,23312,63076.052,5789364.43564
1762178400000,91.94,92.75,91.53,92.16,145781.503,1762181999999,13430751.38220,32610,62397.212,5749586.99689
1762182000000,92.16,92.29,85.18,87.64,1036982.978,1762185599999,91676881.63683,135372,472275.510,41741249.48230
1762185600000,87.65,89.23,87.39,88.11,363870.809,1762189199999,32149658.12095,61696,171608.445,15161797.22109
1762189200000,88.11,90.00,87.92,89.90,220467.315,1762192799999,19609283.57221,40868,109508.767,9739013.52441
1762192800000,89.90,89.94,88.65,88.69,112397.344,1762196399999,10040336.58909,28013,50382.234,4500359.08480
1762196400000,88.70,88.78,87.30,87.35,211184.798,1762199999999,18596642.09724,42989,86091.833,7583191.64083
1762200000000,87.36,87.59,86.52,86.89,152788.117,1762203599999,13306980.07015,34042,74459.590,6486570.29436
1762203600000,86.88,87.70,86.15,87.31,171438.708,1762207199999,14932407.07476,33105,87608.654,7633099.83917
1762207200000,87.31,87.34,86.21,86.81,103572.008,1762210799999,8998251.00303,23574,50878.661,4420433.01312
1762210800000,86.81,87.54,86.32,87.35,72036.432,1762214399999,6269547.04857,19484,35721.617,3108765.39507
1762214400000,87.36,88.68,86.84,88.28,126059.118,1762217999999,11071538.84703,32085,62758.046,5508507.96994
1762218000000,88.28,89.28,88.08,89.22,114232.428,1762221599999,10137995.38019,28613,57631.108,5114547.99093
1762221600000,89.21,89.85,88.91,89.03,106896.223,1762225199999,9548331.76470,26907,54616.882,4878623.05735
1762225200000,89.04,89.59,88.68,89.43,127347.626,1762228799999,11360774.93217,28944,68987.712,6155018.95121
1762228800000,89.44,91.18,88.68,89.06,281070.848,1762232399999,25300959.09682,54036,123618.062,11146686.38053
1762232400000,89.05,89.07,85.13,85.30,397157.167,1762235999999,34569881.49780,77387,188235.171,16387236.54238
1762236000000,85.29,88.21,85.27,86.72,240187.974,1762239599999,20839313.61055,53514,126505.455,10973881.42113
1762239600000,86.71,86.94,85.47,86.14,147052.997,1762243199999,12680729.60488,37779,73652.191,6352742.87886
1762243200000,86.14,87.53,85.58,86.90,160046.840,1762246799999,13852653.40254,40965,77928.447,6746636.12106
1762246800000,86.90,87.25,86.46,86.91,104702.989,1762250399999,9097318.44435,26731,48703.701,4232392.97946
1762250400000,86.91,87.80,86.83,87.17,107691.034,1762253999999,9402611.70411,26688,46679.242,4076160.74333
1762254000000,87.16,87.66,86.76,87.02,110147.707,1762257599999,9600480.12429,23397,55355.821,4825794.12241
1762257600000,87.03,87.09,86.16,86.58,120296.779,1762261199999,10408827.51552,25591,68545.517,5928516.65220
1762261200000,86.58,86.90,85.89,86.69,98424.880,1762264799999,8509935.98836,26123,52185.700,4512064.57380
1762264800000,86.68,88.98,86.22,88.51,253585.736,1762268399999,22215311.49712,56874,120779.162,10579632.87514
1762268400000,88.52,88.99,87.28,87.48,190902.509,1762271999999,16857543.50877,44477,90024.958,7948809.03435
1762272000000,87.48,88.29,85.81,86.20,218252.814,1762275599999,18977238.94450,51481,109786.211,9545949.31668
1762275600000,86.19,86.55,83.88,85.56,471315.483,1762279199999,40211243.74376,85133,227825.794,19440887.51836
1762279200000,85.55,85.57,82.32,84.33,498777.723,1762282799999,41770172.39334,88150,252285.982,21135454.57216
1762282800000,84.32,85.27,83.31,83.46,241783.115,1762286399999,20372688.91109,52235,122572.586,10331451.55663
1762286400000,83.46,84.00,79.94,83.09,629898.588,1762289999999,51576470.08049,111858,301512.887,24690802.06851
1762290000000,83.09,83.46,79.61,83.01,561366.083,1762293599999,45737631.41751,98681,295961.197,24107039.50106
1762293600000,83.02,85.71,82.67,85.44,263316.510,1762297199999,22242296.24552,58720,125504.478,10601577.57453
1762297200000,85.44,86.00,85.10,85.15,135988.204,1762300799999,11623926.65089,35692,70074.610,5990341.51020
1762300800000,85.15,85.34,83.60,84.37,187669.156,1762304399999,15835409.18568,40945,100173.727,8448488.25104
1762304400000,84.38,84.73,81.95,84.48,304527.069,1762307999999,25346678.87295,68121,158421.478,13181556.53729
1762308000000,84.48,87.01,84.48,86.94,250005.818,1762311599999,21430477.55738,55237,130392.953,11176499.78993
1762311600000,86.95,87.21,86.50,86.94,125486.235,1762315199999,10903055.65535,33156,55731.520,4842591.11188
1762315200000,86.94,87.45,86.55,87.16,85377.810,1762318799999,7428126.55384,25927,38825.225,3377849.81981
1762318800000,87.17,87.67,86.77,86.92,76835.245,1762322399999,6697058.77846,19986,34951.161,3047168.73007
1762322400000,86.91,87.31,86.38,87.22,72014.404,1762325999999,6246073.87711,18874,36104.347,3132424.53857
1762326000000,87.23,87.24,86.56,86.99,58125.320,1762329599999,5053431.61117,16349,28959.671,2517969.95671
1762329600000,86.99,87.04,85.73,86.23,106217.566,1762333199999,9165762.15058,27526,48434.355,4179607.63690
1762333200000,86.23,86.87,86.13,86.62,72619.112,1762336799999,6289040.17526,19237,36908.624,3196805.24224
1762336800000,86.62,86.64,85.31,85.40,84312.386,1762340399999,7248143.24712,20489,40237.000,3459824.20215
1762340400000,85.39,86.63,85.38,86.51,79178.359,1762343999999,6815792.81521,18893,47159.722,4059330.64241
1762344000000,86.52,86.92,85.97,86.71,104909.018,1762347599999,9077229.07743,22975,56668.443,4904299.61945
1762347600000,86.71,87.52,86.25,87.26,112746.437,1762351199999,9796532.17744,22605,55637.096,4834971.91031
1762351200000,87.26,87.49,86.19,86.91,124197.607,1762354799999,10792988.09387,29900,61872.344,5377470.69973
1762354800000,86.92,87.77,86.43,87.71,120751.868,1762358399999,10515945.01376,28013,71015.816,6185942.76057
1762358400000,87.72,88.53,86.94,88.42,115303.426,1762361999999,10115398.37455,28737,57054.793,5006429.62493
1762362000000,88.43,88.50,87.78,88.10,94541.637,1762365599999,8337656.38991,21362,46332.687,4085431.12859
1762365600000,88.10,89.08,87.83,88.80,79436.193,1762369199999,7030863.66445,19218,45709.606,4045758.01266
1762369200000,88.80,89.25,88.49,88.94,99570.927,1762372799999,8846147.17567,19669,47124.914,4187376.09114
1762372800000,88.95,89.38,88.65,88.86,73283.390,1762376399999,6520629.41156,19414,34859.181,3101918.84309
1762376400000,88.87,88.93,88.36,88.70,70258.554,1762379999999,6224971.96371,17315,35458.427,3142176.43906
1762380000000,88.70,89.51,88.46,89.46,50558.553,1762383599999,4496836.98908,15062,24779.683,2204744.38695
1762383600000,89.46,89.91,89.26,89.34,71047.293,1762387199999,6364891.82092,20671,34998.569,3135899.94495
1762387200000,89.34,89.34,88.21,88.58,117479.108,1762390799999,10410815.42531,24813,45207.198,4005518.25632
1762390800000,88.57,88.57,87.52,88.37,99980.355,1762394399999,8802659.04206,24418,48401.305,4262541.38361
1762394400000,88.37,89.15,87.68,88.52,80813.862,1762397999999,7140860.80117,23136,38218.540,3377070.07719
1762398000000,88.53,88.83,88.33,88.44,55636.606,1762401599999,4926781.51753,17756,28578.238,2530638.69502
1762401600000,88.45,88.70,88.23,88.45,50429.239,1762405199999,4461553.60109,16282,28169.809,2492486.33986
1762405200000,88.46,88.47,87.07,87.21,76404.721,1762408799999,6689345.08561,20219,32946.580,2885638.26682
1762408800000,87.21,87.69,86.87,86.88,60560.314,1762412399999,5285745.59155,15794,26405.113,2305570.23553
1762412400000,86.89,87.24,86.49,86.71,85479.957,1762415999999,7420997.35859,21015,36867.750,3201403.71882
1762416000000,86.70,87.07,86.46,86.80,56956.845,1762419599999,4942433.92564,17338,24272.535,2106349.08655
1762419600000,86.81,87.44,86.59,87.14,55753.026,1762423199999,4854029.88812,15946,28882.288,2515318.98967
1762423200000,87.15,87.66,86.83,87.28,72583.615,1762426799999,6333619.57296,17479,34229.028,2986919.00249
1762426800000,87.29,87.47,86.61,87.35,64558.881,1762430399999,5621048.85665,15300,31951.245,2781799.49560
1762430400000,87.35,87.61,86.51,86.54,79109.953,1762433999999,6875320.51404,19848,41185.247,3579537.79644
1762434000000,86.54,88.52,86.50,88.33,92771.363,1762437599999,8147453.51721,23509,48471.250,4255814.47197
1762437600000,88.34,88.39,86.77,86.96,122358.222,1762441199999,10703679.68314,32688,60358.856,5279230.09012
1762441200000,86.95,88.03,86.24,86.58,183539.393,1762444799999,15956982.44269,43772,96345.076,8376578.47971
1762444800000,86.59,87.21,85.25,86.24,159015.897,1762448399999,13708529.14596,39230,76662.549,6611296.11550
1762448400000,86.24,87.62,86.08,87.53,116299.876,1762451999999,10104176.97888,31516,60994.903,5299185.70313
1762452000000,87.53,88.12,86.43,87.72,101893.277,1762455599999,8892444.54069,27151,52562.295,4587420.95639
1762455600000,87.71,87.85,86.96,87.43,66213.225,1762459199999,5790747.24652,21176,29721.434,2599127.48336
1762459200000,87.43,87.88,86.58,86.77,89504.046,1762462799999,7801692.55043,25047,46176.333,4025867.53827
1762462800000,86.76,87.46,86.49,87.21,57715.119,1762466399999,5016017.45794,15962,29886.441,2597606.27433
1762466400000,87.21,87.52,86.57,87.39,46551.978,1762469999999,4052994.04155,14240,23032.451,2005279.46921
1762470000000,87.39,87.39,86.23,86.95,56343.057,1762473599999,4883926.57552,16651,24073.149,2087044.94857
1762473600000,86.95,88.01,86.83,87.77,79254.207,1762477199999,6930299.27153,26059,40272.458,3521112.87577
1762477200000,87.78,88.63,87.18,88.22,104663.270,1762480799999,9190340.93281,32444,57409.547,5042517.00676
1762480800000,88.21,88.82,87.68,88.66,79208.669,1762484399999,6992127.84326,24767,39845.634,3518242.46099
1762484400000,88.66,89.18,88.53,88.97,68818.842,1762487999999,6120541.84864,21077,35094.296,3121589.81620
1762488000000,88.97,89.05,88.31,88.94,53890.591,1762491599999,4781288.52918,18272,29289.776,2599230.54687
1762491600000,88.94,90.22,88.88,90.18,104626.671,1762495199999,9385616.74517,24520,56404.778,5061107.28888
1762495200000,90.17,90.22,89.38,89.47,85969.676,1762498799999,7726835.04889,20105,37882.449,3405629.46984
1762498800000,89.47,90.82,89.46,90.70,95049.021,1762502399999,8570542.76478,20130,55163.878,4973755.81596
1762502400000,90.70,90.81,89.76,90.24,91390.916,1762505999999,8248043.16703,19357,41393.098,3735173.09649
1762506000000,90.24,90.31,88.50,89.05,159603.229,1762509599999,14250093.03581,34136,67459.004,6022732.14072
1762509600000,89.05,89.53,87.97,88.30,132020.624,1762513199999,11713881.26198,29546,62396.476,5538889.43057
1762513200000,88.31,88.32,86.87,87.89,206000.303,1762516799999,18042581.91642,45758,94287.200,8257554.27104
1762516800000,87.88,88.10,85.91,86.61,225866.328,1762520399999,19561410.17490,39791,113356.586,9811789.34700
1762520400000,86.61,87.97,86.39,87.74,142029.907,1762523999999,12395702.84388,32727,73954.141,6454129.15742
1762524000000,87.74,89.88,86.66,89.59,228021.140,1762527599999,20135392.24708,54984,116573.184,10295998.97110
1762527600000,89.60,94.41,88.93,93.05,691699.897,1762531199999,63830975.34933,140219,355516.993,32800060.15427
1762531200000,93.05,104.37,92.37,103.28,1492025.796,1762534799999,149012695.89688,353539,819008.302,81793117.16340
1762534800000,103.27,104.65,101.50,103.88,622793.343,1762538399999,64097015.71733,190297,311476.202,32071884.25084
1762538400000,103.91,104.84,100.48,101.09,460441.852,1762541999999,47387352.60692,137162,209248.862,21562635.37284
1762542000000,101.09,102.26,100.33,100.58,346962.753,1762545599999,35146684.90817,81351,197293.072,19982732.82226
1762545600000,100.58,101.32,99.42,101.06,307381.555,1762549199999,30878707.47451,61087,139246.437,13990883.45649
1762549200000,101.06,102.25,100.83,102.09,134216.991,1762552799999,13637640.21893,36842,71394.024,7256046.74327
1762552800000,102.10,103.66,101.60,103.28,135960.276,1762556399999,13954673.99951,38267,70127.125,7202535.60993
1762556400000,103.28,103.54,101.64,101.85,140648.646,1762559999999,14385950.67527,30637,51203.069,5235415.97396
1762560000000,101.84,102.89,100.21,100.25,202012.119,1762563599999,20517540.99245,49591,87941.412,8934044.49769
1762563600000,100.24,102.79,99.98,102.60,197304.970,1762567199999,20084513.98285,56718,110068.020,11202790.81205
1762567200000,102.59,102.78,101.00,101.23,146468.193,1762570799999,14934284.30994,38676,79172.960,8077748.14847
1762570800000,101.23,102.32,100.75,100.85,124265.952,1762574399999,12604647.77118,38041,61961.274,6286410.66538
1762574400000,100.85,102.55,100.82,101.73,124064.313,1762577999999,12614724.57131,40583,59641.030,6064829.76000
1762578000000,101.73,102.12,99.79,100.15,210228.098,1762581599999,21145603.69364,46263,87277.083,8784911.23409
1762581600000,100.16,100.36,98.36,99.50,265904.218,1762585199999,26375809.64158,63876,119931.550,11898060.16725
1762585200000,99.50,100.28,99.39,99.87,90022.537,1762588799999,8987437.12070,27803,45257.349,4518338.71127
1762588800000,99.87,100.79,99.32,100.21,141253.490,1762592399999,14150412.49079,33351,83823.531,8399014.87951
1762592400000,100.20,100.21,98.75,99.25,136646.656,1762595999999,13580490.57362,32549,64441.105,6403449.06338
1762596000000,99.26,100.17,97.94,99.60,308419.189,1762599599999,30602627.96673,55217,130450.768,12959996.64738
1762599600000,99.61,100.09,98.91,99.72,166345.875,1762603199999,16545738.24069,34297,75933.114,7556732.72050
1762603200000,99.72,100.89,99.61,100.49,144467.889,1762606799999,14488901.38202,36388,78298.971,7854321.92865
1762606800000,100.50,100.79,99.35,99.61,144645.383,1762610399999,14465870.48535,43554,66822.601,6684661.43241
1762610400000,99.62,100.01,98.23,99.72,235376.308,1762613999999,23300380.65520,55229,107047.198,10600175.39842
1762614000000,99.72,100.24,98.37,98.62,149338.747,1762617599999,14803847.21443,45866,68847.146,6826803.85295
1762617600000,98.61,99.40,98.02,99.36,162245.838,1762621199999,16006244.89547,48098,84204.991,8311670.07575
1762621200000,99.36,99.85,98.55,99.81,152788.266,1762624799999,15171851.69730,34285,78827.505,7827845.84253
1762624800000,99.81,101.37,99.74,100.83,181467.166,1762628399999,18259090.68326,47955,101826.313,10245371.05609
1762628400000,100.83,100.92,99.64,100.61,80835.066,1762631999999,8098443.80208,26817,40015.992,4009049.33674
1762632000000,100.60,101.24,100.50,100.76,60666.258,1762635599999,6115659.62862,21444,29363.520,2960426.21077
1762635600000,100.76,101.28,100.52,101.11,53833.179,1762639199999,5429269.94131,17639,28671.290,2892321.97627
1762639200000,101.12,101.82,101.06,101.39,74320.137,1762642799999,7544330.24651,19670,44793.134,4548016.79624
1762642800000,101.39,107.55,101.19,106.89,422053.098,1762646399999,44116099.08817,101571,242423.635,25322072.65171
1762646400000,106.89,109.89,104.07,104.58,936265.232,1762649999999,99875820.68041,239023,474725.735,50677065.65555
1762650000000,104.57,106.51,104.06,105.04,332988.336,1762653599999,35014403.14925,97817,174096.410,18315161.24408
1762653600000,105.05,105.05,100.93,101.46,404636.549,1762657199999,41483808.91521,95990,153749.635,15762202.73190
1762657200000,101.47,101.92,99.40,100.00,249936.226,1762660799999,25108944.87747,67672,103569.769,10412749.04289
1762660800000,100.01,101.19,99.70,100.29,131830.254,1762664399999,13238893.49533,37581,68973.457,6926595.54753
1762664400000,100.29,100.63,99.33,100.45,127664.285,1762667999999,12773126.46394,36339,62194.760,6224341.99122
1762668000000,100.44,101.93,99.94,101.05,149074.254,1762671599999,15071482.17247,45587,81969.886,8288973.83350
1762671600000,101.04,101.61,100.71,101.46,85920.452,1762675199999,8695953.14398,27458,47166.907,4774239.48655
1762675200000,101.47,101.53,100.42,101.10,76699.332,1762678799999,7745271.61607,24371,32479.833,3280264.00178
1762678800000,101.11,101.44,99.81,99.82,101319.786,1762682399999,10197379.05294,29417,46741.378,4709403.30902
1762682400000,99.82,106.08,98.72,105.47,706144.635,1762685999999,72389172.86444,155019,365928.618,37592448.01973
1762686000000,105.46,106.58,101.61,101.99,646896.741,1762689599999,67366490.23421,161341,308405.763,32134494.56045
1762689600000,101.98,103.35,100.85,102.58,337908.373,1762693199999,34543173.82971,94684,160307.864,16390267.92116
1762693200000,102.60,105.01,101.91,104.78,236180.974,1762696799999,24453241.87829,83331,117558.501,12177171.09392
1762696800000,104.77,109.82,104.24,106.33,773603.711,1762700399999,83068045.24751,247002,385527.798,41414010.39411
1762700400000,106.33,109.81,105.98,106.80,455140.408,1762703999999,49135106.87165,153636,232793.327,25134294.34729
1762704000000,106.80,106.94,104.55,105.66,281647.378,1762707599999,29851129.26721,86278,130010.575,13789091.53773
1762707600000,105.66,105.92,104.58,105.13,162772.477,1762711199999,17125873.20299,47229,66528.666,7001613.94456
1762711200000,105.14,108.80,104.41,108.52,239799.095,1762714799999,25546899.08722,69122,127792.615,13612287.77239
1762714800000,108.52,109.68,107.62,109.46,259239.407,1762718399999,28187784.64615,84925,135918.027,14782795.41049
1762718400000,109.46,113.40,108.80,111.35,475753.513,1762721999999,52893218.48111,163734,248367.220,27627441.63836
1762722000000,111.35,111.97,110.04,110.89,222546.001,1762725599999,24703122.70978,82724,102875.353,11422294.25903
1762725600000,110.89,113.70,110.27,111.35,257946.878,1762729199999,28865891.62636,90903,142997.978,16015586.14134
1762729200000,111.35,112.42,108.81,110.22,241053.232,1762732799999,26504478.90893,77885,111430.308,12251331.57370
1762732800000,110.22,112.21,109.15,110.13,278950.172,1762736399999,30851104.18873,95599,138891.463,15363314.36747
1762736400000,110.12,111.30,108.71,109.91,318373.050,1762739999999,34981075.96568,97579,150429.092,16544084.04630
1762740000000,109.90,110.65,108.70,109.41,139252.407,1762743599999,15263391.15207,49578,68088.581,7466987.69575
1762743600000,109.41,109.76,107.22,108.30,202460.314,1762747199999,21978216.73897,59980,92698.033,10073484.60726
1762747200000,108.31,108.78,107.26,108.43,135559.181,1762750799999,14650077.16359,49121,61824.910,6685066.73820
1762750800000,108.44,109.12,107.79,109.00,113278.131,1762754399999,12291073.55706,35891,55853.350,6063311.03295
1762754400000,109.00,109.01,107.60,108.20,99702.885,1762757999999,10797184.49621,34209,38994.679,4223935.39285
1762758000000,108.20,108.46,107.10,107.20,97016.489,1762761599999,10449473.71313,33868,37738.134,4066864.78256
1762761600000,107.19,107.95,106.76,107.09,143945.694,1762765199999,15439194.08629,42470,69838.371,7494637.65592
1762765200000,107.10,108.58,106.93,108.37,143984.562,1762768799999,15526420.78392,41895,75307.824,8121720.47118
1762768800000,108.38,108.51,106.69,107.07,149012.387,1762772399999,16009018.12991,40318,65772.510,7069006.45774
1762772400000,107.07,107.96,106.92,107.09,119139.908,1762775999999,12803506.10079,31543,49260.373,5295645.18296
1762776000000,107.08,107.22,106.08,106.51,162301.263,1762779599999,17292101.69621,42897,71571.955,7626589.66232
1762779600000,106.51,107.69,106.50,107.39,119343.586,1762783199999,12792370.91508,34329,61819.357,6628423.18656
1762783200000,107.40,107.46,105.25,106.34,258541.623,1762786799999,27432727.17137,69282,108475.002,11512295.64235
1762786800000,106.33,109.71,106.19,107.36,394443.015,1762790399999,42521852.87845,99864,206793.524,22297536.13870
1762790400000,107.36,108.97,106.41,106.73,239734.753,1762793999999,25762088.49210,65518,114626.461,12322855.16574
1762794000000,106.73,109.04,106.35,107.94,200742.148,1762797599999,21679801.47478,53391,107953.014,11657456.68550
1762797600000,107.94,108.33,107.01,107.45,139659.998,1762801199999,15058227.95524,42739,76088.329,8204907.04681
1762801200000,107.46,107.98,106.91,107.54,93446.046,1762804799999,10046325.68881,28586,45467.692,4888597.70746
1762804800000,107.54,108.21,106.71,107.01,94485.054,1762808399999,10151495.19147,30722,45245.220,4862630.20109
1762808400000,107.01,107.03,103.29,104.59,332153.205,1762811999999,34911740.73701,79244,147218.017,15476793.37812
1762812000000,104.60,105.55,103.63,105.09,145913.728,1762815599999,15267971.42033,41977,73961.946,7741858.40224
1762815600000,105.09,105.56,104.04,104.20,140778.744,1762819199999,14750996.92814,35967,62380.136,6536771.90535
1762819200000,104.21,104.70,102.63,104.23,231948.562,1762822799999,24052739.25524,63621,106361.105,11036078.35834
1762822800000,104.23,106.96,104.13,104.52,234524.883,1762826399999,24690882.81218,72191,119457.964,12576559.80115
1762826400000,104.53,105.85,104.01,105.05,136514.508,1762829999999,14310301.45519,50185,67448.790,7070383.99206
1762830000000,105.04,105.90,104.94,105.15,97931.589,1762833599999,10330455.41498,36627,53827.204,5678610.86450
1762833600000,105.15,105.45,103.85,104.24,126191.373,1762837199999,13202124.78216,40819,58311.099,6100518.17557
1762837200000,104.25,104.41,103.08,103.28,130391.236,1762840799999,13529007.58636,41001,62108.058,6446056.29155
1762840800000,103.28,103.80,102.80,103.61,113177.110,1762844399999,11697657.55898,35432,52165.955,5393864.41123
1762844400000,103.62,103.81,102.02,102.08,165386.664,1762847999999,16976870.79495,45009,72164.032,7412679.26522
1762848000000,102.08,102.60,101.83,102.43,98482.368,1762851599999,10063513.32269,31352,54038.840,5523679.30223
1762851600000,102.43,103.24,102.25,102.26,96079.683,1762855199999,9876558.35443,29890,47822.392,4916877.82134
1762855200000,102.25,103.11,102.07,102.22,73929.382,1762858799999,7579307.89405,24628,37525.709,3847746.94599
1762858800000,102.22,102.84,102.16,102.62,61532.109,1762862399999,6305668.16863,20867,31237.955,3200654.39975
1762862400000,102.63,102.98,101.80,102.17,106355.621,1762865999999,10880932.35909,30384,48681.844,4983839.56477
1762866000000,102.18,102.34,101.13,101.60,136695.040,1762869599999,13919445.22192,35965,63615.866,6480829.70396
1762869600000,101.61,102.87,100.67,102.72,189315.746,1762873199999,19223519.60317,53242,96233.372,9780736.80165
1762873200000,102.71,102.87,99.54,100.98,407471.311,1762876799999,41221643.36412,105934,176989.634,17921306.46116
1762876800000,100.98,101.76,100.83,100.97,118730.870,1762880399999,12025588.33077,41372,64552.476,6538622.55533
1762880400000,100.97,101.30,99.99,100.55,117657.855,1762883999999,11828548.55413,34853,53321.608,5362543.87713
1762884000000,100.55,100.98,99.72,100.14,83652.830,1762887599999,8383741.06739,31538,43896.051,4400777.74495
1762887600000,100.13,100.62,99.38,100.20,80142.877,1762891199999,8016959.64522,27098,36435.770,3647814.11657
1762891200000,100.20,100.30,99.09,99.42,127550.308,1762894799999,12698275.43496,34942,53631.330,5343381.27279
1762894800000,99.43,100.07,99.06,99.44,94982.124,1762898399999,9459775.41430,26193,44926.412,4476294.74949
1762898400000,99.43,100.77,98.97,100.56,92985.849,1762901999999,9297861.89661,25795,54768.632,5480178.66774
1762902000000,100.57,100.61,99.34,99.64,121495.119,1762905599999,12149155.27250,29924,58819.751,5884354.26869
1762905600000,99.65,100.17,99.19,99.33,86282.824,1762909199999,8607949.07777,36757,39806.960,3971997.40683
1762909200000,99.34,100.22,99.18,99.42,92560.352,1762912799999,9225667.41958,34819,50980.407,5082452.20495
1762912800000,99.43,100.08,98.75,99.23,100975.191,1762916399999,10034324.79691,34189,50169.703,4987840.83656
1762916400000,99.24,99.91,99.06,99.42,56057.799,1762919999999,5580745.17414,21568,31964.273,3182582.53901
1762920000000,99.43,99.62,99.16,99.51,42606.691,1762923599999,4233433.64975,15475,23045.374,2289884.37465
1762923600000,99.52,99.84,99.27,99.71,53789.773,1762927199999,5356036.08630,16877,26286.766,2617395.33340
1762927200000,99.72,99.96,99.27,99.41,53878.614,1762930799999,5364798.17929,19254,30250.693,3012006.08782
1762930800000,99.41,100.19,99.27,99.53,60583.590,1762934399999,6043169.15692,19275,31230.861,3115203.31302
1762934400000,99.54,102.71,99.53,101.22,226366.960,1762937999999,22944760.98951,60595,118192.923,11975207.03247
1762938000000,101.22,102.53,100.58,101.77,215121.002,1762941599999,21848652.20774,47203,109066.403,11081384.80614
1762941600000,101.76,102.61,101.63,102.20,109573.267,1762945199999,11183444.13119,29148,53920.416,5503385.54937
1762945200000,102.19,102.85,101.62,102.00,149894.619,1762948799999,15313104.32492,34224,82813.205,8461810.46952
1762948800000,102.00,103.08,101.64,102.69,116968.428,1762952399999,11979846.60576,32211,60389.269,6185285.44216
1762952400000,102.69,104.24,102.34,103.83,157812.480,1762955999999,16303638.50954,44069,80597.957,8330573.09741
1762956000000,103.82,103.89,100.28,101.46,285468.335,1762959599999,29110583.40712,68559,127893.568,13045166.59923
1762959600000,101.46,102.11,99.59,99.98,274987.445,1762963199999,27703948.49875,88339,115777.883,11674318.66045
1762963200000,99.98,100.26,95.12,95.24,663699.608,1762966799999,64532339.89842,151735,267028.175,25979207.31009
1762966800000,95.23,96.98,95.10,96.10,258628.393,1762970399999,24826683.83386,67869,132442.743,12714240.52469
1762970400000,96.09,97.12,96.05,96.37,167236.482,1762973999999,16150740.96648,55804,80098.461,7738104.31294
1762974000000,96.38,97.90,94.85,97.10,280477.535,1762977599999,26947923.20967,71907,138600.739,13324341.92887
1762977600000,97.11,98.59,96.82,98.34,201394.816,1762981199999,19707730.95861,69109,100401.913,9827279.30953
1762981200000,98.34,98.84,97.45,98.26,152829.344,1762984799999,14994973.06373,53006,79485.033,7799002.39768
1762984800000,98.25,98.26,97.23,98.10,97664.807,1762988399999,9543107.79701,31482,46039.539,4501259.02324
1762988400000,98.11,98.11,97.34,97.56,48371.263,1762991999999,4726196.41922,17313,22996.337,2246431.54704
1762992000000,97.56,98.53,97.44,98.00,61901.052,1762995599999,6064167.79725,24551,33693.770,3301573.07583
1762995600000,97.99,99.36,97.94,98.83,132962.967,1762999199999,13137885.16154,40162,75111.554,7423464.28163
1762999200000,98.83,99.71,98.65,99.14,80400.848,1763002799999,7973714.31613,24133,37565.937,3726151.58310
1763002800000,99.15,99.92,97.56,98.97,155489.888,1763006399999,15392025.41258,48134,74069.427,7337320.84094
1763006400000,98.98,99.79,98.40,99.52,112227.998,1763009999999,11132890.96611,34814,55483.230,5503991.30046
1763010000000,99.51,101.10,98.93,101.04,101409.803,1763013599999,10155765.26533,31833,53420.770,5352280.82517
1763013600000,101.04,101.73,100.71,100.84,127990.805,1763017199999,12944774.24871,37427,64949.446,6569403.71676
1763017200000,100.83,101.71,100.41,100.53,114415.043,1763020799999,11553218.29053,32644,56560.017,5715528.68152
1763020800000,100.54,101.03,100.06,100.28,116727.935,1763024399999,11721291.17592,33211,54839.762,5507864.02868
1763024400000,100.28,100.42,98.92,99.61,134144.426,1763027999999,13347568.52611,36532,57825.971,5753043.07628
1763028000000,99.61,100.44,99.10,99.29,100709.490,1763031599999,10031346.85274,26621,39606.421,3947668.19776
1763031600000,99.29,100.38,99.29,100.14,100551.262,1763035199999,10041056.26802,23078,54627.374,5454937.37116
1763035200000,100.15,101.00,99.76,100.92,84748.632,1763038799999,8510403.95548,27333,48695.762,4890763.56707
1763038800000,100.92,101.16,99.86,100.73,143361.018,1763042399999,14427994.92524,47218,68728.578,6918465.24863
1763042400000,100.73,102.68,100.05,101.70,418981.605,1763045999999,42433077.88660,110162,218333.302,22118003.96407
1763046000000,101.70,101.70,98.55,99.54,261521.231,1763049599999,26126604.63585,82039,115018.625,11494887.19009
1763049600000,99.53,100.07,97.01,97.34,290429.711,1763053199999,28624011.24585,76822,120836.331,11913852.21956
1763053200000,97.33,97.45,95.46,95.75,257835.170,1763056799999,24922986.75445,72681,121356.836,11733904.92799
1763056800000,95.75,96.05,93.62,95.27,342394.927,1763060399999,32467886.12219,87851,170184.206,16140138.08574
1763060400000,95.27,95.91,94.39,94.93,239218.468,1763063999999,22763270.42347,69904,119787.294,11402313.19236
1763064000000,94.92,95.51,94.26,94.71,213001.271,1763067599999,20210218.69189,60632,109554.579,10398938.38191
1763067600000,94.72,95.41,94.15,94.91,120171.631,1763071199999,11384045.58267,33446,57374.249,5438522.84365
1763071200000,94.92,96.70,94.63,96.44,125731.391,1763074799999,12065208.65487,36183,66743.994,6401833.60801
1763074800000,96.43,97.51,95.85,96.49,139056.889,1763078399999,13461236.42975,35473,79847.979,7724551.38944
1763078400000,96.49,97.23,95.62,95.90,163907.620,1763081999999,15798529.69716,49860,76363.462,7365154.41940
1763082000000,95.89,96.22,95.44,95.68,125968.240,1763085599999,12071186.20285,43996,66145.853,6339826.37409
1763085600000,95.68,96.89,95.65,96.24,85790.179,1763089199999,8266489.93857,26389,49888.345,4805712.83187
1763089200000,96.24,96.47,95.62,96.31,76689.415,1763092799999,7361704.54970,22835,35409.377,3400038.91668
1763092800000,96.31,96.48,93.12,95.31,352453.784,1763096399999,33362416.02381,78115,161803.704,15319826.44856
1763096400000,95.31,96.57,95.01,96.17,175749.491,1763099999999,16820300.74593,51290,95628.479,9154042.11873
1763100000000,96.17,97.71,95.10,97.51,239951.635,1763103599999,23083403.92838,55911,121375.028,11683892.17076
1763103600000,97.51,99.04,96.59,98.15,227945.237,1763107199999,22325252.65543,67307,130389.158,12773916.69995
1763107200000,98.14,98.18,96.83,97.41,141978.825,1763110799999,13861895.89933,38797,67265.405,6567567.49894
1763110800000,97.40,97.58,95.50,95.62,193148.193,1763114399999,18629676.90440,45464,86020.124,8295715.34346
1763114400000,95.63,96.70,95.58,96.17,105406.680,1763117999999,10139564.31420,27742,54134.955,5208302.37555
1763118000000,96.17,96.43,95.28,96.04,121882.180,1763121599999,11683132.43150,34537,58468.962,5605428.37379
1763121600000,96.05,96.40,94.15,95.95,295039.277,1763125199999,28112071.71797,76586,145793.247,13898473.23028
1763125200000,95.95,96.58,94.09,95.22,210603.126,1763128799999,20063220.33445,68026,101099.491,9634730.61607
1763128800000,95.22,96.92,93.68,96.39,378173.843,1763132399999,36120381.04651,106967,181366.933,17332483.55229
1763132400000,96.39,97.83,95.34,96.86,250726.388,1763135999999,24223022.10461,66943,141176.450,13650649.41967
1763136000000,96.86,98.06,96.04,97.59,177669.027,1763139599999,17266976.48556,50625,89654.570,8712439.50711
1763139600000,97.60,97.99,95.77,96.50,125082.050,1763143199999,12106802.12962,36278,62459.363,6045946.01022
1763143200000,96.49,98.52,96.41,96.72,213391.253,1763146799999,20777208.31897,54300,105771.690,10296701.72951
1763146800000,96.72,100.11,96.70,99.89,216195.593,1763150399999,21373907.63273,57500,114771.085,11341480.62945
1763150400000,99.89,100.11,97.03,98.14,305550.755,1763153999999,30046926.61849,71037,131981.956,12991944.75810
1763154000000,98.13,99.67,97.78,98.76,150718.801,1763157599999,14889547.60061,45451,82368.792,8137477.86254
1763157600000,98.76,99.07,97.53,98.34,118766.850,1763161199999,11702550.61853,35044,57316.379,5649191.65587
1763161200000,98.35,98.44,96.03,97.63,159602.663,1763164799999,15539532.61097,54666,73882.288,7194196.13290
1763164800000,97.63,98.73,97.50,98.35,129355.366,1763168399999,12697100.42689,43596,60626.179,5954680.05714
1763168400000,98.34,102.00,97.73,101.81,272324.451,1763171999999,27314237.29962,74162,170680.145,17109529.03972
1763172000000,101.80,105.32,101.32,105.20,314891.481,1763175599999,32438257.41896,88618,183488.438,18921830.18503
1763175600000,105.21,106.55,103.63,103.98,302511.648,1763179199999,31704221.44258,94121,156635.366,16433389.41220
1763179200000,103.97,105.99,103.91,104.36,163229.316,1763182799999,17090344.12316,53462,74592.067,7809131.32096
1763182800000,104.35,104.36,102.84,103.94,172130.008,1763186399999,17821829.78266,43517,83049.353,8599280.64602
1763186400000,103.94,104.94,103.61,103.65,140619.251,1763189999999,14664025.06311,43203,75666.475,7892088.63243
1763190000000,103.64,104.06,102.24,102.72,148652.996,1763193599999,15329896.42732,39652,64563.191,6658273.50080
1763193600000,102.71,102.84,101.63,102.01,156143.458,1763197199999,15965071.61351,44502,67912.833,6945842.43489
1763197200000,102.00,103.37,101.85,102.46,129860.527,1763200799999,13325221.59248,36208,60937.483,6254416.25008
1763200800000,102.45,102.47,101.43,102.24,123795.299,1763204399999,12625557.40405,31410,56714.675,5785059.64157
1763204400000,102.24,103.13,102.18,102.75,83616.180,1763207999999,8580998.47129,26304,43141.942,4427831.49160
1763208000000,102.75,106.69,102.22,106.68,348710.875,1763211599999,36570083.45087,83561,215762.899,22639135.31162
1763211600000,106.68,109.50,106.20,106.47,755814.397,1763215199999,81588460.20508,181935,378752.250,40895856.70633
1763215200000,106.48,107.13,104.41,105.14,401719.440,1763218799999,42373974.07820,86290,181500.988,19151828.87351
1763218800000,105.15,105.52,104.06,104.15,195859.814,1763222399999,20519565.42498,45788,94217.311,9872210.85909
1763222400000,104.15,104.38,103.11,104.01,172433.816,1763225999999,17873457.91470,46301,80654.052,8360208.21047
1763226000000,104.00,104.26,102.07,103.30,238536.332,1763229599999,24558619.23059,61132,103842.140,10699684.55596
1763229600000,103.31,103.83,103.04,103.82,96761.863,1763233199999,10002790.47261,29075,47287.740,4889974.29653
1763233200000,103.83,104.03,103.08,103.30,79131.568,1763236799999,8195987.27307,23026,35561.204,3683899.60279
1763236800000,103.29,103.53,102.05,102.19,112006.904,1763240399999,11500584.82824,30765,46369.935,4763002.61804
1763240400000,102.18,102.91,101.52,101.90,168364.972,1763243999999,17196130.36327,39679,75064.927,7673020.83171
1763244000000,101.89,102.58,101.78,102.25,62568.581,1763247599999,6393384.43237,20777,33176.477,3390618.82090
1763247600000,102.25,102.70,101.58,101.67,62678.729,1763251199999,6406639.46957,21217,30384.748,3107439.76327
1763251200000,101.67,101.76,100.68,101.42,142125.115,1763254799999,14396591.46905,36343,60712.898,6153302.44921
1763254800000,101.41,101.41,100.06,100.56,160348.941,1763258399999,16152796.02955,42187,73586.561,7414284.09044
1763258400000,100.55,101.92,99.78,101.91,150390.319,1763261999999,15162951.27945,39318,81274.761,8205050.59563
1763262000000,101.91,103.33,101.82,102.43,177695.555,1763265599999,18236206.22845,42868,98854.261,10143448.07341
1763265600000,102.43,102.93,101.84,102.00,94584.400,1763269199999,9679003.80926,24097,39230.867,4015650.60488
1763269200000,102.00,102.51,101.76,101.85,64896.473,1763272799999,6625595.70715,20160,33730.748,3444738.21827
1763272800000,101.85,102.36,101.26,101.40,126323.167,1763276399999,12874943.81232,22298,63879.902,6512332.43904
1763276400000,101.41,102.03,101.32,101.97,62983.317,1763279999999,6403491.20411,17809,34993.284,3558000.95303
1763280000000,101.96,102.01,101.32,101.65,55749.749,1763283599999,5661596.96528,18265,27995.486,2842947.76570
1763283600000,101.66,102.70,101.43,102.47,89336.395,1763287199999,9110995.03901,24956,50845.160,5184850.27152
1763287200000,102.47,102.50,101.91,102.07,85116.695,1763290799999,8701017.41551,21616,44074.262,4505893.63058
1763290800000,102.08,102.19,100.10,100.54,219928.323,1763294399999,22194861.47920,47879,83619.462,8436468.07899
1763294400000,100.53,101.80,100.41,101.41,122425.851,1763297999999,12373047.98825,31350,55457.342,5606826.31458
1763298000000,101.40,101.44,100.03,100.55,125855.180,1763301599999,12673262.79899,33266,54829.552,5522112.19694
1763301600000,100.56,101.19,100.37,100.88,96647.003,1763305199999,9739339.74841,24527,49211.905,4959906.10584
1763305200000,100.89,100.92,97.59,97.76,392360.687,1763308799999,38834336.38926,80644,146806.114,14529727.74553
1763308800000,97.77,98.64,97.02,97.26,271914.757,1763312399999,26597091.65965,67142,122089.474,11948999.98170
1763312400000,97.26,97.32,95.01,95.55,362740.747,1763315999999,34882250.11598,80674,142550.752,13704664.93643
1763316000000,95.54,97.12,95.49,96.02,266103.110,1763319599999,25635144.65614,69849,147523.413,14215935.07609
1763319600000,96.02,96.92,95.70,95.87,124136.016,1763323199999,11948881.08332,35947,66093.500,6363810.70628
1763323200000,95.88,96.56,95.67,95.72,96794.752,1763326799999,9308322.22781,26873,47260.466,4545638.52913
1763326800000,95.73,95.90,94.81,95.68,156405.725,1763330399999,14891622.82180,34073,61941.922,5899809.34637
1763330400000,95.67,96.96,95.13,96.30,147186.670,1763333999999,14121883.18110,37571,75448.655,7243509.66940
1763334000000,96.31,96.73,94.13,95.74,262877.201,1763337599999,25105953.35799,78035,118992.772,11376276.46238
1763337600000,95.74,97.39,95.03,97.29,168048.079,1763341199999,16193859.77595,53852,94013.182,9064854.96350
1763341200000,97.30,97.54,96.33,96.37,99677.173,1763344799999,9670821.62118,33650,45133.455,4380317.81214
1763344800000,96.38,97.24,96.09,97.07,91585.239,1763348399999,8866341.59296,29938,49211.049,4763210.69043
1763348400000,97.07,97.86,96.98,97.11,79396.400,1763351999999,7732368.08645,27373,40039.002,3899068.03814
1763352000000,97.12,97.49,96.57,96.68,98413.702,1763355599999,9551709.38537,25315,48040.583,4664003.43784
1763355600000,96.69,97.05,96.10,96.90,88862.395,1763359199999,8580380.47700,22855,40024.382,3866110.91524
1763359200000,96.91,97.33,96.52,97.17,62249.120,1763362799999,6036091.25365,18825,30384.366,2946644.86144
1763362800000,97.18,97.48,96.93,96.97,84217.067,1763366399999,8185834.16085,23309,41017.351,3987945.15518
1763366400000,96.97,97.18,96.29,96.35,104026.455,1763369999999,10060293.06272,21153,47030.921,4548796.50878
1763370000000,96.35,97.17,96.17,96.25,86184.110,1763373599999,8325714.07153,21481,45847.348,4430236.47537
1763373600000,96.25,96.72,95.96,96.53,65360.587,1763377199999,6300565.09300,18405,32509.114,3134876.40575
1763377200000,96.53,97.11,96.34,96.50,73311.497,1763380799999,7091035.10426,18077,37305.275,3609297.33833
1763380800000,96.49,96.68,95.60,95.94,83642.985,1763384399999,8036800.89756,21145,34280.320,3295040.35712
1763384400000,95.93,96.01,93.64,94.21,254250.795,1763387999999,24063800.77229,58008,113752.145,10762731.00991
1763388000000,94.22,97.44,93.70,95.68,405836.336,1763391599999,38840142.31120,99634,204400.211,19549919.96472
1763391600000,95.68,96.10,94.44,94.60,256730.416,1763395199999,24435639.04438,81783,125675.732,11970210.98304
1763395200000,94.60,95.36,93.35,95.26,230611.265,1763398799999,21739674.83050,64523,110879.200,10459309.93398
1763398800000,95.27,95.88,93.35,93.53,193534.000,1763402399999,18296740.42645,51351,90297.389,8536976.79514
1763402400000,93.53,94.22,92.33,92.70,246484.188,1763405999999,22944408.85825,66132,109431.578,10190489.91757
1763406000000,92.69,93.12,91.43,91.92,230732.862,1763409599999,21252971.44649,58352,105355.836,9707767.96659
1763409600000,91.91,92.48,91.17,91.97,188177.480,1763413199999,17285382.56560,57571,91122.760,8372738.82418
1763413200000,91.98,92.60,90.70,91.65,228635.155,1763416799999,20900292.49619,45809,88066.351,8050437.09153
1763416800000,91.65,91.97,91.20,91.31,82387.015,1763420399999,7548494.88593,25195,44691.573,4095364.26272
1763420400000,91.31,91.49,90.53,91.20,121170.711,1763423999999,11020086.96022,28573,62518.126,5687659.73317
1763424000000,91.20,92.06,90.35,91.96,168686.937,1763427599999,15386104.53182,47815,87665.761,7998977.91250
1763427600000,91.96,92.23,91.36,91.88,104451.794,1763431199999,9590750.50342,36557,52689.333,4838790.78090
1763431200000,91.87,92.94,90.88,91.58,193847.295,1763434799999,17821975.94682,55472,85398.049,7858043.26089
1763434800000,91.58,93.20,90.74,93.04,196248.278,1763438399999,18055426.49590,59207,97516.163,8983498.68189
1763438400000,93.04,93.81,91.92,93.76,151683.537,1763441999999,14055533.21517,46537,76886.824,7127402.99048
1763442000000,93.76,94.42,93.00,93.91,145512.571,1763445599999,13646660.49605,40691,75533.939,7085916.02309
1763445600000,93.92,94.56,93.33,93.75,113405.939,1763449199999,10652171.93924,36454,57267.210,5380860.61990
1763449200000,93.74,95.80,93.41,95.39,164270.154,1763452799999,15576447.17592,49910,89407.156,8474692.35539
1763452800000,95.39,96.45,95.32,95.73,190300.900,1763456399999,18231905.61746,46046,91431.271,8760558.88248
1763456400000,95.73,96.18,95.14,96.13,133054.993,1763459999999,12713815.15408,35699,64996.097,6212925.83239
1763460000000,96.13,96.34,94.83,95.05,130738.550,1763463599999,12478442.25454,31635,60285.307,5753328.98161
1763463600000,95.04,95.34,94.31,95.24,130682.399,1763467199999,12391245.43037,30134,64934.398,6160517.19285
1763467200000,95.23,96.00,94.27,95.91,153181.861,1763470799999,14590622.78672,34309,85880.281,8186624.81536
1763470800000,95.90,96.04,94.64,95.79,132282.397,1763474399999,12616105.13886,32160,67628.393,6455627.39208
1763474400000,95.79,96.34,94.82,94.87,234307.963,1763477999999,22421783.14653,58982,112305.573,10748439.97779
1763478000000,94.86,97.52,94.77,96.30,310026.658,1763481599999,29911560.82499,76076,168934.156,16303601.88326
1763481600000,96.29,97.31,95.86,96.48,152047.481,1763485199999,14689554.03719,46794,77699.794,7509174.87504
1763485200000,96.48,96.62,95.29,96.10,136355.623,1763488799999,13074505.28324,33730,63949.847,6132763.37762
1763488800000,96.10,96.51,95.20,95.31,144039.170,1763492399999,13807630.78350,30641,70965.292,6805434.85852
1763492400000,95.31,95.33,94.59,95.06,127589.852,1763495999999,12115646.17303,28086,56997.043,5413209.38448
1763496000000,95.06,95.76,95.04,95.28,75344.503,1763499599999,7182087.49522,21635,32685.220,3115157.34999
1763499600000,95.28,95.54,94.71,94.73,92023.674,1763503199999,8757302.22377,19374,31815.948,3028315.62005
1763503200000,94.73,96.57,94.72,96.12,84289.380,1763506799999,8087138.13130,21540,51299.508,4921268.85887
1763506800000,96.12,96.26,95.46,95.61,83042.188,1763510399999,7959662.68158,20130,33493.161,3211365.43347
1763510400000,95.61,95.92,94.67,95.75,108716.597,1763513999999,10359662.33677,28542,57781.873,5507584.03234
1763514000000,95.76,95.77,94.84,95.32,70747.522,1763517599999,6738258.68087,25657,31717.975,3020887.43460
1763517600000,95.32,95.70,94.91,95.23,63465.308,1763521199999,6048122.96892,18765,32376.031,3085801.20385
1763521200000,95.22,95.35,94.34,94.44,69027.704,1763524799999,6537898.87218,21496,28308.146,2681370.68985
1763524800000,94.43,94.51,93.67,93.86,101242.487,1763528399999,9521315.60529,26596,39980.721,3759740.43061
1763528400000,93.85,94.01,92.25,92.95,152333.144,1763531999999,14177278.85035,37372,72186.892,6718289.83683
1763532000000,92.96,93.93,92.82,93.86,131160.307,1763535599999,12258989.65890,30124,71762.936,6707619.97132
1763535600000,93.86,94.93,93.81,94.42,89615.099,1763539199999,8460408.88105,24910,46539.032,4392936.35642
1763539200000,94.42,94.84,94.00,94.32,79470.389,1763542799999,7499135.67159,21116,37725.490,3560161.30026
1763542800000,94.32,94.32,93.35,93.60,125372.972,1763546399999,11749209.18244,23672,48247.606,4523640.63673
1763546400000,93.60,94.07,93.49,93.69,63982.414,1763549999999,5996873.85080,16524,34040.904,3191061.36012
1763550000000,93.68,94.14,93.43,93.45,47511.820,1763553599999,4455540.66662,14983,23546.528,2208684.41150
1763553600000,93.45,93.76,93.28,93.64,57537.555,1763557199999,5380301.48079,17621,27430.774,2565591.23740
1763557200000,93.64,93.65,92.71,92.80,82440.074,1763560799999,7676201.99602,23849,36709.757,3418927.82197
1763560800000,92.81,93.75,92.29,93.56,143949.916,1763564399999,13383471.43661,43934,73550.097,6840392.43748
1763564400000,93.57,94.53,91.44,91.67,291330.583,1763567999999,27008173.61351,68085,133990.844,12432491.66735
1763568000000,91.67,92.14,90.48,90.78,205935.779,1763571599999,18784117.53842,53316,85593.209,7808581.89014
1763571600000,90.77,91.10,89.33,89.99,290715.754,1763575199999,26139778.26292,66288,135103.516,12153007.69957
1763575200000,89.99,90.47,88.78,89.39,220465.078,1763578799999,19715524.38821,52870,116579.846,10432298.75895
1763578800000,89.39,90.33,89.02,89.88,155849.386,1763582399999,13961275.93982,39092,73824.037,6613242.97898
1763582400000,89.88,91.00,89.60,90.85,125128.463,1763585999999,11290246.55473,33610,69511.852,6273169.75849
1763586000000,90.86,92.66,90.61,92.38,222493.727,1763589599999,20438357.16326,53119,117038.492,10753041.72088
1763589600000,92.38,92.45,91.63,92.22,94991.985,1763593199999,8741393.44034,22550,37812.684,3481141.27068
1763593200000,92.22,93.20,92.18,92.85,100458.633,1763596799999,9323986.81179,30244,61201.142,5679888.26167
1763596800000,92.84,93.14,92.20,92.60,90085.825,1763600399999,8350014.58464,22527,43254.425,4010355.08396
1763600400000,92.60,93.50,92.42,93.35,86199.511,1763603999999,8023303.28165,23688,51133.189,4759628.17407
1763604000000,93.36,93.76,92.91,93.11,71302.832,1763607599999,6648938.41505,22177,34272.837,3196428.75989
1763607600000,93.12,93.48,93.09,93.18,51385.910,1763611199999,4792156.56256,15086,26102.334,2434660.25460
1763611200000,93.18,93.68,92.66,93.64,81898.271,1763614799999,7618098.63878,20962,37071.084,3449605.36036
1763614800000,93.63,93.71,92.71,92.81,68556.098,1763618399999,6384170.69810,16853,28500.417,2654383.98704
1763618400000,92.81,93.15,92.26,92.74,87219.735,1763621999999,8086326.95196,17801,37394.669,3468011.44248
1763622000000,92.74,93.25,92.57,93.10,62867.308,1763625599999,5841745.54072,20468,32210.966,2993109.84375
1763625600000,93.11,93.11,92.62,92.78,45955.719,1763629199999,4267059.35309,12619,22952.551,2131336.34086
1763629200000,92.78,92.87,92.12,92.55,80051.979,1763632799999,7403734.67437,16264,38438.537,3555059.57483
1763632800000,92.56,92.70,92.07,92.58,56625.850,1763636399999,5232252.66891,15414,24249.092,2240754.66234
1763636400000,92.58,92.68,92.17,92.57,43910.611,1763639999999,4058456.47687,13960,22427.377,2072595.59067
1763640000000,92.57,92.93,92.26,92.78,61363.175,1763643599999,5683076.25904,16285,30736.205,2847132.83992
1763643600000,92.78,93.19,91.82,91.86,148734.750,1763647199999,13747831.33647,37993,71905.243,6649063.09848
1763647200000,91.86,92.73,91.19,92.06,193212.336,1763650799999,17764827.90366,50899,97275.320,8948599.50344
1763650800000,92.06,92.10,90.20,90.34,176671.497,1763654399999,16077394.70644,43492,80804.546,7355402.79057
1763654400000,90.33,90.45,86.56,86.97,615320.020,1763657999999,54300937.16534,126938,261471.116,23059410.98878
1763658000000,86.97,87.40,85.90,87.01,361573.538,1763661599999,31356959.64617,87886,180053.186,15618284.79836
1763661600000,87.01,87.56,86.54,86.74,160503.694,1763665199999,13971314.93409,44826,81918.798,7131992.94975
1763665200000,86.74,87.14,86.01,86.98,178770.078,1763668799999,15471976.92160,39511,85391.359,7393907.00690
1763668800000,86.98,87.30,86.30,86.71,110484.579,1763672399999,9600431.21835,28276,55789.631,4848906.12870
1763672400000,86.71,88.03,86.70,87.70,124177.922,1763675999999,10860541.67716,31476,69652.097,6091972.36942
1763676000000,87.70,89.00,87.61,88.67,132597.978,1763679599999,11738351.60921,33208,72469.770,6414530.11357
1763679600000,88.66,88.73,86.98,87.19,137210.360,1763683199999,12058010.57967,31422,55615.660,4892091.20279
1763683200000,87.19,88.42,87.07,88.21,101483.014,1763686799999,8913090.20918,28546,58708.743,5158597.53960
1763686800000,88.22,88.61,87.64,87.99,70376.651,1763690399999,6203309.02896,23102,32060.323,2827175.13385
1763690400000,87.99,88.07,86.38,86.62,168785.294,1763693999999,14744142.29655,40406,65373.343,5711476.74193
1763694000000,86.61,87.77,86.61,86.99,122772.433,1763697599999,10705985.35289,35236,60598.172,5283693.74046
1763697600000,86.98,87.48,86.16,87.38,124596.270,1763701199999,10823095.67973,35100,64237.509,5582177.16662
1763701200000,87.38,87.54,86.43,86.86,96378.377,1763704799999,8377537.27218,26389,42850.566,3725284.89746
1763704800000,86.87,87.16,86.31,86.90,103615.678,1763708399999,8995046.27981,25723,46582.750,4043516.70130
1763708400000,86.91,87.22,80.00,84.54,777307.762,1763711999999,65373925.28128,131806,342511.822,28809735.46229
1763712000000,84.55,85.86,83.95,84.12,245383.615,1763715599999,20791446.30111,65284,106741.945,9049888.30882
1763715600000,84.12,84.60,82.93,83.09,197623.458,1763719199999,16535393.95514,49580,86414.710,7228755.15576
1763719200000,83.08,83.67,82.54,82.92,203839.877,1763722799999,16946967.60977,54432,109963.583,9145120.24865
1763722800000,82.92,83.55,81.66,81.71,167310.040,1763726399999,13809814.42214,43312,79378.391,6555939.71487
1763726400000,81.71,83.12,79.97,82.58,492413.037,1763729999999,40156855.49548,108854,240382.320,19615040.66082
1763730000000,82.57,83.73,82.20,83.39,235323.447,1763733599999,19512091.52875,55388,116533.452,9664441.66744
1763733600000,83.39,84.40,82.51,83.78,266770.591,1763737199999,22279447.76757,65462,132262.887,11055245.11821
1763737200000,83.79,84.07,81.57,81.98,364370.745,1763740799999,30168851.71049,68137,173847.094,14406224.06095
1763740800000,81.97,83.73,80.94,83.68,294708.217,1763744399999,24143997.04569,74893,144506.380,11842041.60960
1763744400000,83.68,84.52,83.15,83.33,223801.551,1763747999999,18776261.29824,56469,95197.792,7988347.23984
1763748000000,83.33,83.94,81.68,83.17,199237.798,1763751599999,16486699.96454,57489,100299.361,8300952.43270
1763751600000,83.17,83.65,82.71,82.93,90314.330,1763755199999,7516874.63745,28732,45075.877,3752665.33214
1763755200000,82.93,82.98,81.36,81.99,162958.750,1763758799999,13368031.05364,46289,80350.286,6592271.54192
1763758800000,81.98,83.21,81.35,82.61,145710.441,1763762399999,12003635.86864,38440,73802.620,6079694.54524
1763762400000,82.61,83.26,80.91,80.97,170111.246,1763765999999,13977946.27849,37236,92879.633,7634089.74001
1763766000000,80.98,82.85,80.27,82.61,155862.445,1763769599999,12750170.51044,38865,72620.606,5935471.19887
1763769600000,82.60,83.29,82.50,82.88,100559.959,1763773199999,8334641.32795,28675,48509.937,4021140.72041
1763773200000,82.88,83.82,82.63,83.80,89105.459,1763776799999,7421467.48251,25972,50710.830,4225198.99552
1763776800000,83.81,83.86,82.78,83.36,88794.254,1763780399999,7390146.39781,23335,44335.671,3688950.75059
1763780400000,83.36,83.73,83.08,83.21,58048.704,1763783999999,4842578.98159,20313,30341.157,2531185.92631
1763784000000,83.21,83.32,81.62,82.54,143055.144,1763787599999,11776572.07690,35491,68546.538,5644475.54399
1763787600000,82.54,82.74,81.65,82.24,72191.888,1763791199999,5926304.62040,27089,38289.093,3143932.75421
1763791200000,82.23,83.28,81.82,83.20,89406.755,1763794799999,7390248.07610,26890,47474.424,3924147.02415
1763794800000,83.21,83.50,82.64,83.15,64492.091,1763798399999,5359816.64874,20367,33329.190,2769417.55755
1763798400000,83.16,83.16,81.38,81.64,134287.028,1763801999999,11019411.25230,30098,60878.487,4993403.46416
1763802000000,81.65,82.34,81.18,81.85,100235.170,1763805599999,8195957.34827,26287,48867.641,3998330.10617
1763805600000,81.84,82.14,81.22,82.04,81538.817,1763809199999,6665908.88359,20443,43217.362,3534448.61967
1763809200000,82.03,83.06,81.67,82.83,117899.882,1763812799999,9733569.87774,25094,58694.648,4846937.63276
1763812800000,82.84,82.85,81.62,81.97,81168.611,1763816399999,6661569.96720,23469,36355.417,2984458.23880
1763816400000,81.96,82.19,80.75,81.25,98658.886,1763819999999,8026249.58486,29120,49011.503,3986999.28571
1763820000000,81.26,82.42,81.18,81.91,103024.807,1763823599999,8427971.77888,30266,50979.358,4170624.92382
1763823600000,81.90,82.09,80.86,81.47,122098.935,1763827199999,9945629.66040,27809,59278.590,4830672.37612
1763827200000,81.48,82.34,81.39,82.12,95352.119,1763830799999,7804466.65857,24521,51099.002,4182908.56534
1763830800000,82.12,82.32,81.77,81.97,52199.004,1763834399999,4281562.41039,15720,23843.566,1956029.58049
1763834400000,81.96,82.49,81.75,82.33,59355.323,1763837999999,4872948.91464,16148,30077.373,2469649.11225
1763838000000,82.33,82.54,81.76,82.03,35815.172,1763841599999,2941216.28752,14242,15795.945,1297281.46434
1763841600000,82.03,82.45,81.25,81.48,52231.589,1763845199999,4272418.01151,19579,26509.558,2169600.35245
1763845200000,81.48,81.83,81.31,81.81,27056.175,1763848799999,2208018.78276,14252,15171.615,1237978.47037
1763848800000,81.81,83.06,81.53,82.85,64988.652,1763852399999,5354239.68724,19322,33676.142,2773868.71990
1763852400000,82.84,82.98,81.92,82.05,60165.530,1763855999999,4956321.43602,17230,29327.724,2415463.03289
1763856000000,82.06,82.55,81.78,82.09,53152.739,1763859599999,4365733.48633,19704,27617.164,2268468.02353
1763859600000,82.10,83.39,82.02,83.20,102520.511,1763863199999,8499697.61723,26173,60572.113,5022101.54120
1763863200000,83.21,84.11,82.88,83.81,118978.189,1763866799999,9945010.39743,29375,63890.526,5341753.18297
1763866800000,83.80,83.93,83.18,83.64,53171.785,1763870399999,4439262.92806,17168,24899.288,2078673.89013
1763870400000,83.64,84.33,83.50,83.93,96420.035,1763873999999,8095914.08438,23976,47171.613,3961538.80042
1763874000000,83.92,83.93,83.35,83.73,51241.802,1763877599999,4283966.31170,14218,21290.858,1780330.17463
1763877600000,83.74,83.98,82.88,83.00,85211.427,1763881199999,7092528.83386,17429,33380.322,2779998.03864
1763881200000,82.99,83.09,82.45,83.06,65133.650,1763884799999,5390711.12394,17035,34806.022,2880977.59518
1763884800000,83.07,83.40,83.00,83.27,49320.271,1763888399999,4102453.37276,14176,25602.192,2130083.76420
1763888400000,83.28,83.64,83.20,83.22,48131.001,1763891999999,4014442.67049,13631,29193.959,2435311.99947
1763892000000,83.22,83.32,82.87,83.07,66204.649,1763895599999,5498857.59333,14142,28849.536,2396854.99448
1763895600000,83.06,83.22,82.52,83.04,54533.570,1763899199999,4519676.69581,12702,26400.287,2188285.46746
1763899200000,83.04,83.84,82.97,83.41,96167.315,1763902799999,8031552.03950,18021,47476.766,3964601.43505
1763902800000,83.41,83.83,83.21,83.83,54671.646,1763906399999,4564684.11810,12449,30126.427,2516240.67274
1763906400000,83.82,84.12,82.88,82.98,100621.929,1763909999999,8402004.87142,20750,39047.337,3260933.71073
1763910000000,82.98,83.90,82.83,83.71,77226.303,1763913599999,6439568.50690,18141,38477.807,3209599.90685
1763913600000,83.70,84.00,83.32,83.35,66682.690,1763917199999,5579421.32114,18288,27889.275,2334601.34788
1763917200000,83.35,83.49,82.87,82.97,63875.313,1763920799999,5313437.24486,16972,26337.932,2191416.27019
1763920800000,82.97,83.90,82.96,83.46,53094.007,1763924399999,4429764.96944,13992,32822.298,2736915.96447
1763924400000,83.46,84.13,83.39,83.80,42966.654,1763927999999,3602572.47373,14012,20338.172,1705903.11664
1763928000000,83.80,84.00,83.56,83.74,33223.975,1763931599999,2783378.00270,11328,16570.033,1388311.16769
1763931600000,83.74,84.36,83.33,84.27,52855.389,1763935199999,4433853.31316,13970,28711.116,2409277.55623
1763935200000,84.27,84.40,83.86,84.06,46711.731,1763938799999,3927467.20538,14660,21914.521,1842881.41657
1763938800000,84.06,84.22,82.80,83.03,72211.466,1763942399999,6012821.58945,20298,33030.583,2749751.74604
1763942400000,83.04,83.49,82.12,83.05,117503.305,1763945999999,9722681.13121,26568,63122.145,5224295.41984
1763946000000,83.04,83.32,82.48,83.28,66435.165,1763949599999,5507233.69473,20714,32257.579,2674531.60205
1763949600000,83.28,84.96,83.21,84.30,158176.796,1763953199999,13315478.36111,38851,79562.425,6695833.43205
1763953200000,84.29,84.80,83.98,84.15,47726.305,1763956799999,4025602.13119,19680,21140.006,1783178.95854
1763956800000,84.15,84.38,82.96,83.37,83709.189,1763960399999,6982372.06687,22463,43722.297,3646428.04470
1763960400000,83.36,84.85,83.27,84.20,104805.311,1763963999999,8840234.63985,25562,48261.878,4068552.44126
1763964000000,84.21,84.29,83.40,83.86,85411.901,1763967599999,7152510.77695,24005,40997.963,3433016.33881
1763967600000,83.86,84.26,83.51,83.84,44130.761,1763971199999,3700093.85030,15309,21788.708,1826786.78719
1763971200000,83.83,84.40,83.54,84.29,46051.002,1763974799999,3864854.81529,16712,24048.796,2018255.35290
1763974800000,84.29,84.31,82.57,83.08,131715.445,1763978399999,10952829.48319,29306,64534.740,5362869.95524
1763978400000,83.07,83.60,82.86,83.21,62690.514,1763981999999,5212383.98546,16363,33117.470,2753232.73967
1763982000000,83.20,83.32,82.81,83.17,48678.879,1763985599999,4043497.23589,13439,24772.893,2057842.51919
1763985600000,83.17,83.17,82.35,82.60,80806.217,1763989199999,6690485.01055,18896,36875.729,3054508.43253
1763989200000,82.60,83.44,82.51,82.88,108710.088,1763992799999,9032505.86632,20400,55477.725,4609676.71886
1763992800000,82.87,83.64,82.19,83.40,216651.983,1763996399999,17953647.14659,44834,108565.801,9001553.07260
1763996400000,83.40,84.48,83.16,84.15,149520.440,1763999999999,12515391.02920,37875,71220.328,5962337.76048
1764000000000,84.14,85.34,84.08,84.87,167041.246,1764003599999,14162771.29070,37667,80072.370,6789906.55432
1764003600000,84.87,86.86,84.87,86.73,214178.040,1764007199999,18417104.68437,43207,116529.993,10017881.37401
1764007200000,86.73,86.91,86.02,86.26,145528.592,1764010799999,12584469.97726,33896,72802.597,6295797.83868
1764010800000,86.26,86.58,85.86,85.97,85598.036,1764014399999,7380521.53441,21059,34693.860,2992749.89001
1764014400000,85.98,87.18,85.74,86.89,133218.396,1764017999999,11532881.86471,30380,74854.536,6481501.15421
1764018000000,86.88,86.90,85.73,85.98,73648.619,1764021599999,6355103.69870,21364,26135.831,2254831.49235
1764021600000,85.97,86.52,85.81,86.07,63191.637,1764025199999,5442957.48815,17238,33012.451,2844349.74083
1764025200000,86.06,86.23,85.39,85.43,59880.697,1764028799999,5141065.20155,15437,25978.338,2231306.22490
1764028800000,85.43,86.17,85.38,86.04,90718.341,1764032399999,7783433.33471,19803,49956.183,4286798.91069
1764032400000,86.04,86.47,85.78,85.82,70017.716,1764035999999,6031875.80858,18141,35508.142,3059237.03271
1764036000000,85.82,86.00,85.16,85.82,99368.048,1764039599999,8503208.37803,20660,56603.348,4843837.24618
1764039600000,85.82,86.02,85.20,85.36,61400.911,1764043199999,5259986.56112,13647,30807.403,2639465.14895
1764043200000,85.35,85.80,84.78,85.27,106364.106,1764046799999,9079212.47274,18316,53830.678,4597104.40890
1764046800000,85.27,85.28,84.56,84.81,85033.851,1764050399999,7222089.93248,17307,43052.699,3656326.78836
1764050400000,84.80,85.05,84.31,84.44,69771.617,1764053999999,5908493.53313,13438,33820.167,2865073.80861
1764054000000,84.45,84.63,83.93,84.05,93058.705,1764057599999,7847113.75354,17270,40127.362,3385210.91848
1764057600000,84.05,84.48,83.50,83.61,108053.889,1764061199999,9087011.69003,20327,44198.520,3719382.03238
1764061200000,83.62,84.54,83.46,84.43,122530.834,1764064799999,10284900.33249,21460,74344.149,6243397.83121
1764064800000,84.42,84.42,83.74,83.94,96588.280,1764068399999,8115210.05022,16435,40375.898,3392703.96026
1764068400000,83.93,84.01,83.57,83.69,70574.752,1764071999999,5909497.65476,15262,35868.656,3003217.18278
1764072000000,83.69,84.34,83.62,84.09,102708.632,1764075599999,8631030.72552,23151,55336.877,4649722.28072
1764075600000,84.08,84.27,83.37,83.62,99206.727,1764079199999,8318746.08952,22710,42494.377,3564914.88648
1764079200000,83.63,84.50,83.02,83.98,201455.180,1764082799999,16882972.87379,40115,95661.566,8014400.72929
1764082800000,83.98,84.49,83.35,84.18,125591.227,1764086399999,10534487.95729,30518,63680.246,5341818.29469
1764086400000,84.17,85.68,84.16,85.10,180522.707,1764089999999,15358220.02777,32869,101531.753,8636280.51673
1764090000000,85.09,86.52,84.79,86.16,137235.276,1764093599999,11784890.37760,28438,71463.697,6135968.61407
1764093600000,86.15,86.71,85.57,85.60,91923.985,1764097199999,7929911.07542,22762,39205.354,3384396.19239
1764097200000,85.59,85.81,84.46,85.35,126310.643,1764100799999,10747187.15516,28162,55915.920,4758716.68646
1764100800000,85.35,86.08,85.13,85.77,90287.560,1764104399999,7720520.66490,19949,49227.268,4209614.26443
1764104400000,85.77,85.94,84.83,84.86,89635.755,1764107999999,7639960.33516,21051,38073.732,3244908.36779
1764108000000,84.85,85.68,84.09,85.49,143088.568,1764111599999,12119993.75115,29661,74899.464,6350308.40613
1764111600000,85.48,86.05,85.18,85.26,130942.087,1764115199999,11214160.99341,23432,65694.260,5626895.94163
1764115200000,85.25,85.59,85.04,85.34,50261.147,1764118799999,4288865.17728,13239,23468.179,2003405.91739
1764118800000,85.33,86.15,85.10,85.73,58250.177,1764122399999,4988453.36938,15274,25455.428,2180143.57371
1764122400000,85.72,85.82,85.05,85.10,68906.006,1764125999999,5880430.39052,14125,33002.246,2816043.82843
1764126000000,85.10,85.19,84.46,84.48,81752.337,1764129599999,6935318.85214,16990,36950.510,3135445.48054
1764129600000,84.47,84.89,84.36,84.64,44194.947,1764133199999,3741234.20632,11580,25300.833,2141967.67099
1764133200000,84.64,85.32,84.63,85.18,37011.882,1764136799999,3147235.75325,10281,19092.478,1623525.16451
1764136800000,85.18,85.41,84.64,85.13,103116.729,1764140399999,8762066.88867,14840,47288.765,4018525.82853
1764140400000,85.14,85.39,84.91,85.35,64072.016,1764143999999,5454821.12615,12210,32323.007,2753329.20456
1764144000000,85.34,85.43,84.75,84.77,47069.046,1764147599999,4004647.30570,12449,20966.728,1784133.67428
1764147600000,84.76,85.00,84.52,84.80,52927.210,1764151199999,4484246.37072,12767,22789.107,1930950.14919
1764151200000,84.80,85.19,84.25,84.63,69052.726,1764154799999,5845025.04964,12860,29593.278,2505349.09431
1764154800000,84.62,84.64,83.82,84.13,112117.953,1764158399999,9438058.39040,17022,44452.771,3739563.89142
1764158400000,84.12,84.23,83.53,83.76,95443.581,1764161999999,7993175.28634,19742,46154.286,3865610.00811
1764162000000,83.77,84.61,83.66,84.45,78184.229,1764165599999,6578080.02792,17630,38792.225,3264194.29417
1764165600000,84.45,84.73,83.61,83.83,159003.575,1764169199999,13406594.67942,26835,79703.793,6727265.93192
1764169200000,83.82,84.23,83.25,83.78,113812.956,1764172799999,9535723.65535,24434,55721.926,4670477.38378
1764172800000,83.79,84.68,83.75,84.21,113856.717,1764176399999,9592802.44148,20982,55373.178,4665496.82936
1764176400000,84.22,86.29,84.22,86.15,238849.051,1764179999999,20446090.67300,43015,118544.222,10144071.24189
1764180000000,86.16,87.08,86.14,86.96,180876.155,1764183599999,15670589.66532,35183,92668.223,8028884.05814
1764183600000,86.95,86.98,86.35,86.58,65279.693,1764187199999,5650320.24812,15282,29767.675,2576708.14587
1764187200000,86.58,86.64,86.07,86.60,79009.585,1764190799999,6825991.17490,15711,37460.944,3237037.63096
1764190800000,86.60,87.43,86.24,86.99,88700.111,1764194399999,7708035.27401,17374,47796.195,4153799.86952
1764194400000,87.00,87.21,86.69,87.11,51669.719,1764197999999,4493757.59074,11411,31401.970,2731672.76114
1764198000000,87.11,87.68,86.71,86.80,109672.095,1764201599999,9569407.45085,18435,62517.585,5456618.62732
1764201600000,86.80,86.89,86.29,86.61,70490.268,1764205199999,6100972.21898,14976,31026.074,2685346.45472
1764205200000,86.62,86.99,86.40,86.82,40612.682,1764208799999,3519657.22424,13442,21488.302,1862385.08486
1764208800000,86.81,87.15,86.46,86.49,57267.288,1764212399999,4973565.44196,16230,28917.716,2512728.01618
1764212400000,86.49,86.72,85.90,86.14,55899.623,1764215999999,4822945.73744,13023,21008.713,1813475.66980
1764216000000,86.15,86.56,86.10,86.34,32211.241,1764219599999,2781572.89329,9294,15971.213,1379423.96052
1764219600000,86.33,86.62,86.16,86.40,72269.938,1764223199999,6242386.46236,13456,36823.710,3180840.65545
1764223200000,86.39,86.74,86.17,86.54,48191.391,1764226799999,4166292.91203,10083,24278.871,2098944.31208
1764226800000,86.53,86.57,86.27,86.43,27676.232,1764230399999,2392525.18877,6860,13656.147,1180492.20433
1764230400000,86.43,86.57,85.98,86.56,44911.859,1764233999999,3871061.61419,9047,19999.701,1724226.35871
1764234000000,86.57,87.29,86.39,86.98,63633.467,1764237599999,5529070.26729,12717,34086.505,2962649.88226
1764237600000,86.98,87.23,86.33,86.63,74398.998,1764241199999,6453941.87334,13039,35146.229,3049599.28514
1764241200000,86.64,86.72,86.22,86.37,41852.154,1764244799999,3618154.01937,10347,18981.359,1640923.21509
1764244800000,86.38,86.56,85.94,86.34,76129.879,1764248399999,6569297.02939,15992,28260.168,2438719.98503
1764248400000,86.34,86.64,86.04,86.55,76764.371,1764251999999,6632655.24378,14035,30500.543,2635297.27920
1764252000000,86.56,86.87,86.37,86.70,57695.145,1764255599999,4995624.35210,13447,27705.350,2398740.38863
1764255600000,86.70,87.25,86.52,87.18,67191.103,1764259199999,5837202.63907,15353,34452.905,2993381.10725
1764259200000,87.19,87.59,86.93,87.14,87933.434,1764262799999,7675314.79568,18874,44048.625,3845826.56983
1764262800000,87.14,87.22,86.78,87.09,57710.514,1764266399999,5019085.67288,11726,27263.978,2371507.62714
1764266400000,87.09,87.44,86.92,87.31,50321.231,1764269999999,4387991.63203,10037,30679.375,2675906.15816
1764270000000,87.31,87.31,86.99,87.25,30696.030,1764273599999,2675604.95051,7855,14728.466,1284069.90139
1764273600000,87.26,87.75,87.22,87.50,50311.759,1764277199999,4404451.01670,11738,28036.395,2454754.89293
1764277200000,87.51,87.70,87.20,87.28,40953.859,1764280799999,3581054.99398,13540,18867.281,1650253.78257
1764280800000,87.27,87.37,86.38,86.57,55105.465,1764284399999,4785646.14502,11687,21872.568,1900674.34172
1764284400000,86.58,86.81,86.45,86.53,41428.809,1764287999999,3589685.12935,9779,20930.225,1813688.94056
1764288000000,86.53,86.71,86.01,86.10,57349.236,1764291599999,4950624.38302,12140,26259.170,2267315.82720
1764291600000,86.11,86.17,85.01,85.03,112468.606,1764295199999,9621206.69617,20435,48025.007,4108267.33959
1764295200000,85.04,85.34,84.60,85.30,131048.221,1764298799999,11134032.42709,23290,63145.120,5369456.13388
1764298800000,85.30,85.53,85.10,85.24,48610.566,1764302399999,4145775.23787,11605,22161.612,1890345.50343
1764302400000,85.25,85.42,84.94,84.95,41901.886,1764305999999,3569051.18445,9830,18171.287,1548021.20195
1764306000000,84.96,85.24,84.76,85.15,48229.360,1764309599999,4101242.74897,10507,23829.376,2026529.74560
1764309600000,85.16,85.17,84.35,84.66,78675.296,1764313199999,6659946.38462,13762,36132.990,3059035.23556
1764313200000,84.66,85.00,84.51,84.57,57257.761,1764316799999,4853087.52652,14652,25923.282,2197795.84462
1764316800000,84.58,86.28,84.56,86.02,109011.928,1764320399999,9319045.14214,21995,55768.048,4764980.43046
1764320400000,86.03,86.05,85.52,85.67,61897.028,1764323999999,5305305.74803,13701,32494.760,2785365.57420
1764324000000,85.67,85.84,85.41,85.76,39534.853,1764327599999,3383820.38299,9316,19978.321,1710025.87294
1764327600000,85.75,85.75,84.50,85.00,78114.763,1764331199999,6638827.49636,17102,37526.917,3188757.53460
1764331200000,84.99,85.33,84.86,84.99,41134.841,1764334799999,3498624.83832,10608,24015.629,2042903.11718
1764334800000,84.98,86.05,84.62,85.63,91388.989,1764338399999,7801528.61256,17613,45522.150,3885400.66030
1764338400000,85.62,86.20,85.36,85.98,127277.646,1764341999999,10913526.04267,25073,62138.259,5328962.27064
1764342000000,85.99,86.73,85.68,85.94,126613.437,1764345599999,10914425.79538,24775,56549.858,4875664.85660
1764345600000,85.95,85.97,84.36,84.61,130514.798,1764349199999,11098426.11427,26500,64876.450,5514432.88300
1764349200000,84.62,84.76,83.43,83.65,193305.069,1764352799999,16228287.89791,32457,82217.160,6906202.88114
1764352800000,83.65,83.99,83.06,83.95,119640.565,1764356399999,9995588.14633,23069,50773.854,4243896.33563
1764356400000,83.96,84.80,83.96,84.72,67239.471,1764359999999,5672724.62683,16126,32870.623,2772968.31937
1764360000000,84.72,84.75,84.23,84.59,36016.666,1764363599999,3043301.35389,10901,13038.201,1101867.59179
1764363600000,84.60,84.77,84.32,84.34,31239.869,1764367199999,2641053.52138,8114,14831.596,1253789.59070
1764367200000,84.35,84.79,84.20,84.70,54551.681,1764370799999,4606933.36506,11265,25667.431,2167869.73434
1764370800000,84.71,84.88,84.17,84.18,45229.970,1764374399999,3823800.73453,12215,17573.879,1486199.73877
1764374400000,84.18,84.47,84.05,84.43,52805.835,1764377999999,4448915.32173,11103,30265.675,2549758.57576
1764378000000,84.43,84.94,84.41,84.55,48057.484,1764381599999,4068824.45023,10861,26700.091,2260702.48803
1764381600000,84.56,84.66,84.19,84.35,47783.617,1764385199999,4033655.59954,8999,22071.713,1863526.72266
1764385200000,84.36,84.65,84.26,84.38,32024.671,1764388799999,2704213.73557,8903,14406.537,1216316.73808
1764388800000,84.38,85.63,84.23,85.60,80982.007,1764392399999,6885246.97208,14726,53764.158,4572697.85020
1764392400000,85.60,85.70,84.65,84.81,94059.374,1764395999999,8004807.57685,17027,51233.312,4361868.19169
1764396000000,84.80,84.97,83.88,84.40,76208.780,1764399599999,6434312.82336,15058,32481.127,2741810.33783
1764399600000,84.40,84.58,83.93,84.16,41840.818,1764403199999,3523982.00748,10021,18873.385,1589193.02781
1764403200000,84.16,84.32,83.99,84.15,37539.752,1764406799999,3158838.91052,10089,20509.883,1725939.67121
1764406800000,84.14,84.41,84.06,84.40,27210.793,1764410399999,2291285.88071,9404,13088.394,1101978.94512
1764410400000,84.40,84.62,83.96,84.47,41996.475,1764413999999,3544531.09884,12818,17607.653,1486026.42198
1764414000000,84.48,84.66,84.25,84.57,41783.377,1764417599999,3527405.13471,9216,17398.917,1468935.42069
1764417600000,84.57,84.66,84.05,84.08,37745.140,1764421199999,3182163.94965,9420,13706.294,1155340.27802
1764421200000,84.08,84.24,83.91,84.14,33028.688,1764424799999,2776775.16218,9255,17760.246,1493099.35415
1764424800000,84.14,84.18,83.90,83.99,27963.514,1764428399999,2350465.76639,7666,12116.672,1018586.28653
1764428400000,83.99,84.60,83.95,84.36,62031.578,1764431999999,5226173.75402,13834,33673.086,2836217.72215
1764432000000,84.37,84.49,84.03,84.16,33761.896,1764435599999,2844564.50236,9012,14380.345,1211578.06189
1764435600000,84.16,84.26,83.32,83.46,85283.330,1764439199999,7139067.56005,14646,31409.808,2630212.92851
1764439200000,83.47,83.68,83.10,83.53,111308.905,1764442799999,9277057.42835,17747,53294.939,4443943.95161
1764442800000,83.53,83.87,83.47,83.67,31282.654,1764446399999,2618983.52430,8593,16211.700,1357247.76602
1764446400000,83.67,84.21,83.47,84.16,32051.820,1764449999999,2684461.50188,10721,14395.809,1205994.02350
1764450000000,84.16,84.20,83.82,84.00,50678.439,1764453599999,4258296.02724,30674,23112.400,1942134.89395
1764453600000,84.00,84.20,83.79,83.83,46498.531,1764457199999,3904698.02947,17069,22647.805,1901678.53640
1764457200000,83.84,84.14,83.67,83.89,21070.428,1764460799999,1768565.05498,7210,10412.672,874044.27549
1764460800000,83.90,84.15,83.84,84.01,23770.178,1764464399999,1996550.22950,8308,10826.194,909346.03750
1764464400000,84.01,84.33,83.92,84.23,22173.708,1764467999999,1867338.95205,8024,11261.753,948458.80768
1764468000000,84.23,84.49,83.89,83.94,28856.643,1764471599999,2428539.26837,11100,12353.709,1039966.22650
1764471600000,83.94,84.14,83.34,84.14,45938.766,1764475199999,3846273.36460,14339,24741.640,2071960.52963
1764475200000,84.14,84.21,83.83,83.94,22200.012,1764478799999,1865120.03676,7308,11488.164,965107.34544
1764478800000,83.93,83.94,83.48,83.72,21589.835,1764482399999,1807420.27437,7868,10285.221,861016.82917
1764482400000,83.72,84.12,83.60,83.87,38727.154,1764485999999,3250458.08423,12132,15427.263,1294507.87186
1764486000000,83.87,84.15,83.78,84.09,16892.598,1764489599999,1418071.63356,5426,9665.146,811426.00642
1764489600000,84.09,84.67,84.00,84.18,50599.270,1764493199999,4264951.17396,13023,26819.523,2260642.85431
1764493200000,84.18,84.40,83.94,84.27,33207.146,1764496799999,2794077.09524,8755,18323.177,1541958.35397
1764496800000,84.27,84.34,83.95,83.96,27809.862,1764500399999,2338984.47819,8761,10358.241,871372.00103
1764500400000,83.96,84.13,83.71,83.87,47438.411,1764503999999,3981003.42920,25307,21025.835,1764738.00222
1764504000000,83.88,84.48,83.75,84.32,41643.771,1764507599999,3503333.33367,10195,18550.693,1560591.31650
1764507600000,84.32,84.78,84.23,84.75,64268.759,1764511199999,5433751.87716,13685,27964.430,2364644.42741
1764511200000,84.74,84.78,84.07,84.17,40480.560,1764514799999,3415793.55122,9519,16038.316,1353373.35829
1764514800000,84.17,84.17,83.68,83.87,51794.352,1764518399999,4344491.32253,12320,20199.602,1694290.00924
1764518400000,83.88,84.47,83.86,84.30,51553.607,1764521999999,4344357.84178,10896,25330.499,2134672.56487
1764522000000,84.30,84.37,84.00,84.27,39286.016,1764525599999,3307763.38323,9767,16846.227,1418444.89999
1764525600000,84.27,84.29,83.80,83.95,57888.382,1764529199999,4861987.85120,31034,25728.987,2160996.62876
1764529200000,83.95,84.04,83.77,83.92,40125.148,1764532799999,3366667.77492,14600,20282.527,1701860.31126
1764532800000,83.92,84.22,83.55,83.81,27097.360,1764536399999,2271583.52919,7935,13346.567,1118705.33716
1764536400000,83.81,83.88,83.50,83.76,36686.128,1764539999999,3069671.37427,8404,16862.740,1411005.96547
1764540000000,83.77,84.17,83.60,84.01,34242.743,1764543599999,2871898.08325,9002,17067.972,1431303.67382
1764543600000,84.01,84.04,82.21,82.32,148719.791,1764547199999,12332139.09052,26246,50865.461,4219079.81473
1764547200000,82.32,82.44,77.84,77.94,903635.628,1764550799999,72249561.36174,133989,398972.414,31902760.05156
1764550800000,77.94,79.20,77.84,78.41,187633.354,1764554399999,14759848.93866,44310,90971.177,7155629.79660
1764554400000,78.41,78.94,78.32,78.42,134915.668,1764557999999,10606780.00107,28319,62183.079,4889615.14415
1764558000000,78.42,78.60,77.61,77.99,141155.539,1764561599999,11022616.66319,25236,62382.577,4873235.91701
1764561600000,77.98,78.10,76.87,77.11,183842.808,1764565199999,14216378.69789,30879,73748.415,5706120.00861
1764565200000,77.11,77.68,77.09,77.24,86505.652,1764568799999,6692384.56073,18545,48407.550,3745395.71997
1764568800000,77.25,77.57,77.05,77.38,76638.369,1764572399999,5925069.96557,15702,39099.606,3023601.25245
1764572400000,77.38,77.59,76.92,77.45,76422.647,1764575999999,5905334.08310,17954,44019.257,3402349.64686
1764576000000,77.46,77.90,77.40,77.86,71717.402,1764579599999,5568515.57344,15085,37679.294,2925925.20756
1764579600000,77.86,78.13,77.49,77.61,86636.789,1764583199999,6737459.35386,15866,47339.409,3682095.17766
1764583200000,77.61,77.89,77.61,77.79,56423.327,1764586799999,4389567.06290,14646,29123.665,2265724.98586
1764586800000,77.79,77.88,77.29,77.39,64606.379,1764590399999,5006733.42781,17098,30756.114,2383390.60500
1764590400000,77.40,77.48,75.68,76.87,245910.648,1764593999999,18846731.00064,38524,95782.224,7342966.77652
1764594000000,76.87,77.35,76.10,76.54,105059.145,1764597599999,8051105.01671,25642,53713.897,4117374.75989
1764597600000,76.53,77.33,76.45,76.68,127167.763,1764601199999,9764552.72890,28282,61599.087,4730105.86725
1764601200000,76.69,76.78,74.61,75.60,335671.833,1764604799999,25337325.38922,53058,127308.626,9615411.28318
1764604800000,75.61,75.84,74.97,75.15,150948.074,1764608399999,11375094.26728,29945,74533.120,5616747.30025
1764608400000,75.15,75.93,75.13,75.57,100650.323,1764611999999,7603559.74665,20834,54202.376,4095233.17559
1764612000000,75.57,76.19,75.47,76.03,94136.480,1764615599999,7140461.11191,20005,48593.707,3686363.72574
1764615600000,76.03,76.10,75.59,75.98,61546.521,1764619199999,4668436.05783,15031,29933.004,2270610.61972
1764619200000,75.98,76.90,75.97,76.77,132930.198,1764622799999,10176361.03160,24543,69579.481,5325494.13957
1764622800000,76.78,77.31,76.69,77.28,97326.431,1764626399999,7498074.03383,18939,54455.080,4195490.93331
1764626400000,77.28,77.84,77.16,77.45,74658.176,1764629999999,5786660.76976,15044,38227.182,2963713.57080
1764630000000,77.46,77.92,77.44,77.48,42844.153,1764633599999,3328123.62184,12384,21026.825,1633687.79704
1764633600000,77.49,77.82,77.47,77.70,43315.108,1764637199999,3362462.00843,12467,20210.718,1569202.65075
1764637200000,77.69,78.50,77.48,77.57,72551.341,1764640799999,5655256.74510,17646,37960.306,2959908.52872
1764640800000,77.58,77.98,77.31,77.60,44761.986,1764644399999,3476299.66072,14068,20012.823,1555035.76733
1764644400000,77.59,77.96,77.25,77.82,33609.506,1764647999999,2607631.00441,11290,16293.599,1264289.04354
1764648000000,77.81,78.01,77.47,77.50,34524.779,1764651599999,2681800.65740,10047,17459.804,1356383.57031
1764651600000,77.51,77.61,77.32,77.46,36102.793,1764655199999,2796870.07443,9368,15254.752,1181665.58326
1764655200000,77.46,77.97,77.36,77.93,42211.450,1764658799999,3278197.43693,9989,25685.414,1994430.42470
1764658800000,77.93,78.04,77.65,78.00,34602.585,1764662399999,2693893.61267,10054,20771.326,1617143.08500
1764662400000,77.99,78.07,77.26,77.33,63378.631,1764665999999,4919442.52929,13736,28165.756,2186436.50155
1764666000000,77.32,77.91,77.30,77.82,40196.446,1764669599999,3120566.85862,10192,21387.868,1660012.31238
1764669600000,77.82,78.73,77.82,78.43,63773.173,1764673199999,4989922.63456,13535,36190.175,2832315.51335
1764673200000,78.43,78.74,78.18,78.58,63699.659,1764676799999,4997002.99753,13409,34265.716,2688143.57619
1764676800000,78.58,78.62,78.25,78.48,52955.885,1764680399999,4152267.27499,10802,23788.752,1865513.53101
1764680400000,78.47,79.42,78.29,79.32,92818.049,1764683999999,7322955.43485,17581,50602.815,3993904.93844
1764684000000,79.32,80.36,79.08,80.32,192711.624,1764687599999,15363978.27655,32187,97506.676,7775600.64442
1764687600000,80.32,83.04,80.32,82.45,435394.435,1764691199999,35606482.50184,65290,216848.660,17738669.30947
1764691200000,82.46,82.82,81.71,82.06,178406.858,1764694799999,14650046.37652,35401,85206.848,6997331.29907
1764694800000,82.07,82.68,81.81,82.15,87561.026,1764698399999,7204098.58204,20222,47032.058,3869055.68837
1764698400000,82.15,82.87,82.08,82.67,103582.957,1764701999999,8549333.44052,20017,58604.757,4837136.40204
1764702000000,82.66,83.14,82.60,82.71,73380.082,1764705599999,6081268.55578,14438,39874.614,3304844.85510
1764705600000,82.71,82.79,82.16,82.73,95029.480,1764709199999,7835482.89335,17151,42554.996,3509593.24681
1764709200000,82.74,83.12,82.63,83.04,72729.854,1764712799999,6028764.81457,13887,36817.465,3051412.26847
1764712800000,83.04,83.26,82.82,83.23,47878.172,1764716399999,3976471.28726,11262,26443.444,2196355.76457
1764716400000,83.24,83.25,82.62,82.75,55720.940,1764719999999,4617357.57327,11109,21655.510,1794597.61793
1764720000000,82.75,83.32,82.46,83.28,66706.500,1764723599999,5527636.40764,14110,32778.111,2717435.37842
1764723600000,83.27,83.41,82.91,83.18,62555.111,1764727199999,5203461.85131,13587,29842.314,2482519.46320
1764727200000,83.18,83.94,83.14,83.69,97669.135,1764730799999,8169249.00153,19989,57611.839,4818839.28331
1764730800000,83.69,84.17,83.56,83.95,70564.477,1764734399999,5920647.27733,16146,41818.457,3508934.84199
1764734400000,83.95,85.06,83.70,84.99,111953.552,1764737999999,9439700.26127,22840,64530.867,5442351.83430
1764738000000,85.00,85.93,84.96,85.05,120479.939,1764741599999,10279330.91026,27654,60829.164,5191219.06246
1764741600000,85.05,85.52,84.65,84.98,82829.715,1764745199999,7048521.51066,18899,36571.437,3113382.02966
1764745200000,84.97,85.15,84.75,85.15,42641.176,1764748799999,3622246.74721,11631,20449.920,1737418.03099
1764748800000,85.15,85.36,84.92,85.26,50302.975,1764752399999,4284169.56277,13758,20879.328,1778367.25690
1764752400000,85.26,85.43,85.04,85.21,48621.736,1764755999999,4143094.61238,12273,22735.517,1937485.64273
1764756000000,85.21,85.85,84.90,85.10,73461.870,1764759599999,6266078.93115,15429,32901.488,2807781.51197
1764759600000,85.09,85.45,84.83,85.45,53065.497,1764763199999,4516921.00591,12847,28387.364,2416686.83976
1764763200000,85.45,85.79,85.25,85.64,65733.025,1764766799999,5620136.80722,14388,36255.846,3100128.98918
1764766800000,85.64,85.67,85.05,85.12,53579.305,1764770399999,4571109.50810,13624,28814.002,2458472.95108
1764770400000,85.12,85.93,83.64,84.64,355767.638,1764773999999,30102817.94468,63376,166275.881,14074045.33146
1764774000000,84.65,85.34,84.40,85.10,100911.398,1764777599999,8572069.81105,27241,54803.725,4655474.19912
1764777600000,85.10,85.35,84.65,85.22,57981.777,1764781199999,4930995.00584,16696,29876.163,2541323.32485
1764781200000,85.21,85.61,84.93,85.45,68827.309,1764784799999,5869018.11209,16441,34298.277,2924661.31004
1764784800000,85.46,85.85,85.21,85.42,59918.990,1764788399999,5125335.08823,14643,32518.649,2782027.12454
1764788400000,85.42,86.10,85.37,85.71,78705.402,1764791999999,6757135.59069,23539,39414.765,3384283.16644
1764792000000,85.71,86.34,85.50,85.84,69082.919,1764795599999,5928622.89830,13374,31871.724,2736229.38733
1764795600000,85.84,86.55,85.78,86.51,63955.531,1764799199999,5514794.40336,12746,39825.581,3434450.94653
1764799200000,86.51,86.70,85.75,86.09,153664.056,1764802799999,13228333.57504,27341,77961.473,6711721.63390
1764802800000,86.10,86.57,85.75,85.79,61041.505,1764806399999,5257302.66810,15736,29059.087,2503583.96643
1764806400000,85.79,86.30,85.45,86.18,66188.370,1764809999999,5680127.76117,14757,32800.247,2816934.22228
1764810000000,86.18,86.80,85.98,86.04,79488.744,1764813599999,6866237.17527,20040,39414.620,3404841.07593
1764813600000,86.05,86.51,86.01,86.38,32201.912,1764817199999,2778768.73989,9794,16429.309,1417533.28309
1764817200000,86.39,86.45,86.03,86.14,30456.653,1764820799999,2623979.21726,8732,13601.622,1171923.85797
1764820800000,86.15,86.17,85.69,85.85,37316.342,1764824399999,3205474.07269,8971,15165.779,1302616.32081
1764824400000,85.85,85.98,85.58,85.97,46527.922,1764827999999,3990474.88463,9481,21130.755,1812570.56560
1764828000000,85.97,86.14,85.61,85.67,53986.616,1764831599999,4634292.18229,11211,26741.419,2295134.17576
1764831600000,85.66,85.68,85.23,85.55,53443.129,1764835199999,4565517.65400,12726,27343.584,2335766.76184
1764835200000,85.56,85.72,84.96,85.10,51118.941,1764838799999,4359213.58376,13041,23610.870,2013592.10679
1764838800000,85.10,85.32,84.58,84.88,166875.668,1764842399999,14170940.21967,22149,79120.031,6718302.02586
1764842400000,84.88,85.13,84.50,84.59,57537.926,1764845999999,4882810.88785,13941,34740.987,2948872.64108
1764846000000,84.59,84.66,83.95,84.02,73572.392,1764849599999,6198425.98074,21579,32089.651,2703816.20306
1764849600000,84.02,84.34,83.98,84.23,71469.523,1764853199999,6016827.22509,18211,35132.644,2958128.59556
1764853200000,84.24,84.35,83.90,83.99,65854.980,1764856799999,5536706.29334,17447,25967.117,2183497.28857
1764856800000,84.00,84.28,83.26,83.40,97071.070,1764860399999,8133489.96560,22981,39554.183,3314670.68026
1764860400000,83.40,84.81,83.38,84.43,110685.852,1764863999999,9311127.61977,26855,63075.811,5306961.33333
1764864000000,84.43,84.65,83.69,83.72,90974.110,1764867599999,7657361.55203,22503,41414.043,3487195.73062
1764867600000,83.72,83.91,83.32,83.69,93154.393,1764871199999,7789235.46841,17840,37046.829,3098313.65722
1764871200000,83.70,83.85,83.29,83.59,57606.423,1764874799999,4812355.41427,15388,31596.405,2639630.47138
1764874800000,83.59,83.63,82.11,83.29,160457.071,1764878399999,13300077.55602,33367,76290.723,6327175.28208
1764878400000,83.29,84.01,83.14,83.94,88263.735,1764881999999,7381017.06473,16963,44975.526,3762146.87847
1764882000000,83.94,84.12,83.51,83.53,46316.579,1764885599999,3885721.50214,11561,21090.827,1769657.29150
1764885600000,83.54,83.97,83.50,83.76,35414.874,1764889199999,2964451.75170,9510,19680.574,1647513.03553
1764889200000,83.76,83.97,83.45,83.48,25922.815,1764892799999,2169233.69603,8260,12452.956,1042101.66739
1764892800000,83.49,83.89,83.33,83.65,45141.165,1764896399999,3773680.99728,12332,23622.587,1974713.76006
1764896400000,83.65,83.99,83.60,83.62,42941.709,1764899999999,3597315.18891,11386,21251.625,1780486.28611
1764900000000,83.62,84.09,83.41,83.75,44158.374,1764903599999,3698921.47473,11188,22909.863,1919405.82958
1764903600000,83.76,83.86,83.20,83.35,34701.631,1764907199999,2898879.68032,9181,15200.394,1269582.35946
1764907200000,83.35,83.65,83.02,83.29,42194.636,1764910799999,3514870.24978,11118,22997.461,1916052.81370
1764910800000,83.29,83.49,83.06,83.29,29843.567,1764914399999,2484502.19822,8174,14817.887,1234048.31005
1764914400000,83.30,83.76,83.28,83.61,38276.125,1764917999999,3198410.86428,11092,21993.730,1837763.83926
1764918000000,83.61,83.90,83.50,83.58,30952.058,1764921599999,2589934.78687,9491,16699.702,1397463.97446
1764921600000,83.58,83.64,83.10,83.27,36770.162,1764925199999,3065263.37604,9942,17379.715,1448665.84979
1764925200000,83.27,83.28,82.02,82.10,146415.161,1764928799999,12073296.06696,24648,59991.834,4947247.42137
1764928800000,82.10,82.58,81.90,82.23,75469.619,1764932399999,6209123.29763,17390,33281.260,2738959.50863
1764932400000,82.23,82.31,81.66,82.16,56636.646,1764935999999,4644403.76545,14771,27610.749,2264751.06796
1764936000000,82.17,82.51,82.01,82.33,61680.157,1764939599999,5069953.32472,20278,35513.923,2919148.00097
1764939600000,82.33,82.44,81.58,82.05,65169.657,1764943199999,5344286.99649,16683,32271.894,2646573.49350
1764943200000,82.06,82.33,81.50,81.75,80372.853,1764946799999,6583975.09635,20467,37131.156,3042602.07522
1764946800000,81.75,82.96,81.75,81.96,135252.348,1764950399999,11140553.59179,29030,67287.362,5542493.59241
1764950400000,81.96,82.00,79.86,80.46,239605.652,1764953999999,19362144.80429,46661,100939.703,8157063.14659
1764954000000,80.46,80.80,79.72,80.48,103615.749,1764957599999,8322077.34585,30194,46707.023,3752743.14207
1764957600000,80.47,81.07,79.83,79.92,76759.864,1764961199999,6175568.11959,20447,34142.337,2747296.90553
1764961200000,79.93,80.74,79.55,80.36,105130.321,1764964799999,8420616.97666,22789,47557.519,3811036.51297
1764964800000,80.35,80.41,79.90,79.98,54026.796,1764968399999,4331849.63088,11516,24621.288,1974159.84211
1764968400000,79.97,80.20,79.72,79.97,48618.449,1764971999999,3888778.75940,11102,21570.697,1725843.73672
1764972000000,79.98,80.35,79.80,80.23,43272.967,1764975599999,3463249.88879,9387,22506.361,1801879.83508
1764975600000,80.23,80.44,79.81,80.33,39303.552,1764979199999,3151460.26458,11196,20862.056,1673475.83752
1764979200000,80.33,80.43,79.89,80.38,36651.613,1764982799999,2937560.92445,10283,20141.662,1614527.78800
1764982800000,80.38,80.59,80.11,80.25,33346.193,1764986399999,2679312.24325,9340,17813.525,1431131.84541
1764986400000,80.24,80.50,80.04,80.48,20016.489,1764989999999,1606123.18566,8805,10726.165,860663.38234
1764990000000,80.48,80.86,80.42,80.62,40917.776,1764993599999,3300803.00876,10974,22697.933,1831075.18099
1764993600000,80.62,80.65,80.25,80.37,36738.520,1764997199999,2953274.90398,17056,17507.891,1407474.73988
1764997200000,80.37,80.41,80.05,80.22,28601.036,1765000799999,2295024.36149,10014,14768.791,1185253.29115
1765000800000,80.22,80.58,80.10,80.40,31277.461,1765004399999,2515173.22686,7859,14796.078,1189756.49509
1765004400000,80.40,80.49,79.99,80.13,32912.709,1765007999999,2641133.66337,12075,16063.751,1289122.84651
1765008000000,80.13,80.21,79.85,79.97,38835.133,1765011599999,3107504.48409,10830,18009.462,1441412.90302
1765011600000,79.97,80.62,79.97,80.46,34397.278,1765015199999,2765791.83412,9448,16022.276,1288143.15568
1765015200000,80.45,80.74,80.30,80.56,24358.882,1765018799999,1961575.76162,7524,13684.754,1101908.37824
1765018800000,80.55,81.24,80.49,81.05,68918.821,1765022399999,5577671.86237,11300,42620.844,3448459.55751
1765022400000,81.05,81.23,80.89,81.22,39753.869,1765025999999,3221742.06348,9644,22571.332,1829420.06043
1765026000000,81.23,81.67,81.09,81.50,44855.984,1765029599999,3650608.48377,12211,24583.912,2001023.90128
1765029600000,81.50,82.03,81.43,81.61,81753.600,1765033199999,6683202.26020,16117,45759.856,3740775.57182
1765033200000,81.60,81.65,80.85,80.88,93581.520,1765036799999,7591638.68905,15466,40382.635,3276821.24896
1765036800000,80.87,81.22,80.78,81.06,56628.294,1765040399999,4585756.83943,11773,30207.002,2446280.95391
1765040400000,81.06,81.63,81.01,81.63,41372.626,1765043999999,3364212.08013,8838,24351.046,1980149.10913
1765044000000,81.62,82.46,81.47,81.96,119025.257,1765047599999,9776313.97802,19023,67296.457,5526417.80899
1765047600000,81.96,82.14,81.31,81.62,70774.620,1765051199999,5777576.16426,12900,31131.932,2539761.25057
1765051200000,81.63,81.86,81.49,81.71,27160.807,1765054799999,2218665.41584,7316,15422.492,1259908.58822
1765054800000,81.70,82.05,81.62,81.81,31519.729,1765058399999,2579296.99627,11022,15557.335,1273127.30306
1765058400000,81.80,81.86,81.49,81.67,23050.340,1765061999999,1882142.49481,6269,10707.619,874426.60476
1765062000000,81.67,81.78,81.24,81.65,38318.546,1765065599999,3123173.27095,9940,17943.199,1462998.99232
1765065600000,81.64,82.27,81.63,82.18,43939.359,1765069199999,3599282.44186,11055,22043.858,1805934.06118
1765069200000,82.18,82.25,81.88,81.98,22498.847,1765072799999,1846455.64603,6745,12904.349,1059175.27384
1765072800000,81.98,82.28,81.96,82.18,31980.425,1765076399999,2627257.30111,14506,15627.998,1283900.19937
1765076400000,82.17,82.21,82.00,82.14,56347.706,1765079999999,4626288.62752,23257,23626.338,1939924.85611
1765080000000,82.14,82.34,81.97,82.08,58546.218,1765083599999,4810751.49734,41940,30378.489,2496365.77413
1765083600000,82.08,82.19,81.85,82.06,25147.080,1765087199999,2061993.38150,5431,10514.272,862357.03873
1765087200000,82.05,82.69,82.00,82.65,25366.487,1765090799999,2089977.33689,7125,15290.955,1259985.57560
1765090800000,82.65,82.70,82.07,82.33,42171.171,1765094399999,3472145.62152,9171,14042.798,1156705.29090
1765094400000,82.33,82.39,81.74,82.03,56643.303,1765097999999,4646529.55931,11899,20952.338,1718735.93642
1765098000000,82.04,82.23,81.39,81.54,46049.981,1765101599999,3760562.08031,10363,14608.070,1193493.37404
1765101600000,81.54,81.87,81.28,81.74,46905.218,1765105199999,3825232.01295,9193,25871.154,2110600.64470
1765105200000,81.75,82.08,81.63,81.65,29224.855,1765108799999,2392329.90078,7810,13026.336,1066595.70147
1765108800000,81.65,82.34,81.64,82.27,37597.302,1765112399999,3081380.86052,9264,19225.881,1576047.59221
1765112400000,82.27,82.33,81.49,81.68,57330.508,1765115999999,4694423.09067,12556,22310.342,1826418.20061
1765116000000,81.68,81.73,79.82,79.93,252625.356,1765119599999,20327105.95944,46060,105019.340,8450613.33598
1765119600000,79.92,81.64,79.84,81.58,141747.161,1765123199999,11449413.14433,32825,72120.644,5828275.89682
1765123200000,81.58,81.60,80.96,81.54,76372.516,1765126799999,6204430.27946,17306,33456.681,2718299.53292
1765126800000,81.54,83.13,81.21,82.97,180399.922,1765130399999,14863382.55795,33423,82077.035,6764304.75157
1765130400000,82.98,83.70,82.98,83.11,96936.035,1765133999999,8074902.11271,19955,43476.549,3622192.88578
1765134000000,83.11,83.27,82.93,83.20,37532.130,1765137599999,3117945.33204,9713,16809.270,1396629.64901
1765137600000,83.20,83.30,83.00,83.14,34537.589,1765141199999,2871107.08874,7146,15417.319,1281878.26908
1765141200000,83.13,83.16,81.24,81.61,95094.734,1765144799999,7818640.03870,18133,38016.291,3124705.16533
1765144800000,81.60,81.62,80.07,80.96,158648.969,1765148399999,12826299.13097,35748,75454.112,6100297.71671
1765148400000,80.96,81.48,80.55,81.38,50294.476,1765151999999,4075180.67059,16050,24207.545,1961449.82195
1765152000000,81.39,81.76,80.96,81.19,56756.798,1765155599999,4615006.50060,14025,32922.659,2677374.38268
1765155600000,81.19,82.93,81.18,82.05,93033.025,1765159199999,7646205.03904,20503,52642.589,4327450.64406
1765159200000,82.06,82.58,81.82,82.50,36785.739,1765162799999,3019909.21454,11643,19692.765,1616839.65632
1765162800000,82.50,82.71,82.33,82.40,44244.176,1765166399999,3649814.60858,10530,16352.327,1348962.85868
1765166400000,82.40,83.08,82.40,82.76,41105.037,1765169999999,3402639.92952,10802,21258.681,1759287.38933
1765170000000,82.75,83.40,82.55,83.25,94120.868,1765173599999,7820339.22661,25761,59144.738,4914830.08717
1765173600000,83.25,83.68,83.25,83.48,63887.224,1765177199999,5331842.42777,11432,39489.683,3295341.82042
1765177200000,83.48,83.85,82.88,83.16,86608.054,1765180799999,7215805.88749,16254,46073.110,3838305.10301
1765180800000,83.16,83.56,83.13,83.44,40212.845,1765184399999,3351314.08051,10152,20510.703,1709387.90542
1765184400000,83.44,84.16,83.42,83.79,105805.331,1765187999999,8872314.02040,22992,56772.420,4760498.01529
1765188000000,83.80,83.96,83.65,83.80,40052.333,1765191599999,3356517.82223,10990,19898.386,1667545.06698
1765191600000,83.81,83.97,83.40,83.55,53583.085,1765195199999,4485178.68020,12367,23090.890,1933001.63517
1765195200000,83.55,83.58,83.20,83.55,42595.449,1765198799999,3552221.85866,10642,20444.530,1705102.96801
1765198800000,83.56,83.94,83.37,83.46,69427.118,1765202399999,5809261.02872,14770,34916.683,2922331.08470
1765202400000,83.46,83.95,83.00,83.33,140460.936,1765205999999,11722645.49889,27092,57601.524,4809707.47709
1765206000000,83.34,83.62,82.66,83.29,148511.670,1765209599999,12351162.10967,30506,66385.010,5520912.54141
1765209600000,83.30,84.07,82.95,83.57,94818.017,1765213199999,7929887.09065,22822,53115.075,4442556.47825
1765213200000,83.58,84.04,83.34,83.84,76721.314,1765216799999,6419449.80004,17846,42739.956,3577189.64964
1765216800000,83.84,84.18,82.93,83.17,88053.690,1765220399999,7366675.51460,18239,39656.110,3320336.98900
1765220400000,83.17,83.58,83.10,83.20,43814.323,1765223999999,3651637.29993,11631,21116.428,1759800.80699
1765224000000,83.21,83.97,83.21,83.88,44829.035,1765227599999,3748021.62357,12054,26181.234,2188761.43648
1765227600000,83.89,84.45,83.80,84.26,56145.821,1765231199999,4724878.18117,12577,30536.225,2570017.36584
1765231200000,84.27,84.30,83.75,84.10,33024.759,1765234799999,2773065.94875,8134,16920.090,1420851.06289
1765234800000,84.10,84.19,83.59,83.83,40448.960,1765238399999,3390962.91437,9655,16250.525,1362558.46446
1765238400000,83.82,84.33,83.77,83.97,39448.011,1765241999999,3314661.41205,11279,19689.445,1654093.17293
1765242000000,83.97,84.11,83.22,83.45,40364.717,1765245599999,3378434.22257,11846,16374.779,1370934.75685
1765245600000,83.45,83.79,83.15,83.15,29795.176,1765249199999,2489235.73400,8806,14217.028,1187925.13341
1765249200000,83.16,83.57,82.68,83.50,51704.839,1765252799999,4294541.32113,12352,27880.678,2315992.40107
1765252800000,83.51,83.57,82.94,83.00,41088.261,1765256399999,3421708.98723,10158,18114.717,1508577.95798
1765256400000,83.00,83.28,82.47,82.83,62396.102,1765259999999,5169291.15864,13126,23654.940,1959784.17423
1765260000000,82.84,83.06,82.41,82.82,39092.906,1765263599999,3232837.16886,10919,17864.416,1477423.79799
1765263600000,82.83,83.55,82.81,83.39,42777.786,1765267199999,3561801.49426,10893,24610.384,2049286.09577
1765267200000,83.39,83.81,83.32,83.47,57566.027,1765270799999,4809782.23446,11751,30044.325,2510204.86093
1765270800000,83.47,83.53,83.15,83.35,57709.248,1765274399999,4807704.92762,10610,23296.025,1941089.69906
1765274400000,83.34,83.45,82.75,83.35,43005.904,1765277999999,3575189.93630,10130,19213.191,1597153.52258
1765278000000,83.35,83.46,82.96,83.28,29034.989,1765281599999,2414723.35838,8773,15493.776,1288392.72853
1765281600000,83.29,84.13,83.17,84.09,75953.833,1765285199999,6358029.96587,14667,34983.931,2929723.33030
1765285200000,84.09,84.72,83.93,84.45,115692.048,1765288799999,9753632.48341,23514,59064.587,4980586.65167
1765288800000,84.46,84.79,83.39,83.64,96887.538,1765292399999,8128814.04709,22244,48000.208,4027330.43062
1765292400000,83.65,85.89,83.61,85.84,235605.963,1765295999999,20005482.90868,48823,117528.968,9979235.88099
1765296000000,85.84,87.43,85.82,87.03,322390.887,1765299599999,27962677.45142,58772,185154.734,16060524.22891
1765299600000,87.02,87.52,86.46,86.62,196439.062,1765303199999,17088690.78774,37187,76404.870,6645205.57100
1765303200000,86.63,86.92,86.29,86.47,102610.853,1765306799999,8890631.98199,19193,52457.452,4545398.51147
1765306800000,86.47,86.76,86.18,86.36,62096.869,1765310399999,5365538.82427,13668,25501.657,2203858.88850
1765310400000,86.36,86.39,85.34,85.93,114060.985,1765313999999,9789568.22068,24047,44131.187,3786929.92581
1765314000000,85.93,85.97,84.80,85.36,80378.812,1765317599999,6867428.49604,17182,33993.370,2902469.05542
1765317600000,85.36,86.29,85.36,86.16,42231.494,1765321199999,3626937.37149,12897,25153.157,2160383.63037
1765321200000,86.15,86.43,85.78,85.79,55550.970,1765324799999,4784841.86967,10858,27224.278,2346156.38232
1765324800000,85.78,85.95,85.20,85.21,61929.402,1765328399999,5305394.75603,14227,29873.718,2559950.74550
1765328400000,85.21,85.42,84.87,85.07,44769.818,1765331999999,3810582.60034,12873,18463.331,1571514.94340
1765332000000,85.07,85.23,84.72,84.95,42811.654,1765335599999,3636180.99329,11022,21089.572,1791538.45368
1765335600000,84.95,85.02,84.39,84.61,53303.806,1765339199999,4510778.92356,11171,25497.444,2157465.19635
1765339200000,84.61,84.71,84.22,84.53,47991.744,1765342799999,4053581.84007,11683,24447.492,2065388.09766
1765342800000,84.53,84.81,84.42,84.47,46546.110,1765346399999,3936756.34534,10047,28045.282,2372281.20001
1765346400000,84.48,84.55,84.25,84.29,32279.230,1765349999999,2724363.65695,7133,12684.719,1070654.51305
1765350000000,84.29,84.30,83.91,84.19,43385.543,1765353599999,3648034.20122,9789,21135.467,1777289.68462
1765353600000,84.19,84.31,84.06,84.14,31913.692,1765357199999,2686189.03027,9098,16054.734,1351330.53518
1765357200000,84.14,84.63,84.02,84.60,42174.231,1765360799999,3557179.39512,11121,20969.847,1768739.62266
1765360800000,84.59,85.07,83.76,83.78,95916.512,1765364399999,8087571.40872,18875,39867.205,3362352.13177
1765364400000,83.78,84.17,83.71,84.10,52230.606,1765367999999,4383038.78320,12368,23138.673,1941949.89899
1765368000000,84.11,84.21,83.88,84.18,31644.337,1765371599999,2660099.32034,9402,14717.127,1237245.24589
1765371600000,84.18,84.56,84.11,84.35,37747.052,1765375199999,3183851.97771,10568,20264.818,1709457.91817
1765375200000,84.35,84.43,83.95,84.21,42923.511,1765378799999,3613954.41781,12985,19296.727,1624673.98933
1765378800000,84.20,84.45,83.87,84.17,52927.110,1765382399999,4457296.73819,15064,28459.438,2397011.82263
1765382400000,84.16,84.99,84.01,84.60,92579.777,1765385999999,7830696.31643,16973,43386.212,3670457.07401
1765386000000,84.60,85.10,84.53,84.80,51580.649,1765389599999,4373843.11510,11796,29165.974,2472994.45203
1765389600000,84.81,85.62,84.48,84.93,112414.385,1765393199999,9549622.18583,21249,45816.489,3894936.08142
1765393200000,84.93,85.87,84.24,85.62,233199.654,1765396799999,19891368.70557,52354,120063.483,10243124.52116
1765396800000,85.63,87.04,85.17,85.31,204257.282,1765400399999,17598404.98391,42415,117374.764,10116337.58246
1765400400000,85.31,85.73,84.74,84.84,85519.729,1765403999999,7293212.01079,22192,45980.982,3922232.16974
1765404000000,84.84,85.33,84.13,85.20,60360.634,1765407599999,5114109.79868,19362,28894.842,2448837.25184
1765407600000,85.20,85.37,84.23,84.28,37890.782,1765411199999,3211832.53744,12145,15359.248,1302234.63308
1765411200000,84.28,84.56,82.65,82.75,207862.040,1765414799999,17333638.65546,36385,76794.921,6404508.50189
1765414800000,82.75,82.77,81.47,81.53,159815.362,1765418399999,13117768.54260,41118,76214.627,6256643.40853
1765418400000,81.53,81.64,80.76,80.87,193613.875,1765421999999,15734524.08192,38856,103130.260,8383059.54653
1765422000000,80.88,80.93,80.25,80.60,98648.202,1765425599999,7947767.57235,24387,50292.194,4052358.11079
1765425600000,80.60,81.66,80.25,81.54,106826.465,1765429199999,8652347.93288,23232,55587.278,4501329.93769
1765429200000,81.54,81.56,81.30,81.52,45477.153,1765432799999,3703018.67902,13985,20033.812,1631330.30185
1765432800000,81.53,81.53,80.94,81.21,45501.269,1765436399999,3696499.36023,12771,16435.236,1335334.02504
1765436400000,81.22,81.26,80.77,80.83,42380.088,1765439999999,3432057.65445,11947,16062.297,1300474.97778
1765440000000,80.83,80.96,80.40,80.87,59468.604,1765443599999,4797091.26456,15860,25827.846,2083689.18912
1765443600000,80.87,81.19,80.80,80.94,52049.365,1765447199999,4215677.79956,11851,25564.658,2070759.74491
1765447200000,80.95,81.04,80.56,80.81,39105.181,1765450799999,3159808.60985,9125,18474.412,1492953.64265
1765450800000,80.82,81.04,80.76,80.94,39845.699,1765454399999,3224444.18385,9241,20950.013,1695254.47182
1765454400000,80.93,80.94,80.57,80.65,59187.564,1765457999999,4778989.70140,12126,31615.134,2553002.26518
1765458000000,80.65,80.96,80.46,80.93,49448.771,1765461599999,3989871.64444,11743,25072.848,2023521.23042
1765461600000,80.94,81.44,80.51,80.80,116106.658,1765465199999,9404759.72571,26781,55880.460,4527690.73318
1765465200000,80.80,81.45,80.55,80.98,95912.517,1765468799999,7763580.19365,26175,47877.573,3875804.23934
1765468800000,80.97,81.52,80.52,81.13,66675.749,1765472399999,5397311.78038,16770,33805.020,2737079.98672
1765472400000,81.14,81.73,81.08,81.33,56019.824,1765475999999,4559564.23093,13338,25967.620,2113480.82542
1765476000000,81.33,82.17,81.15,81.69,77704.304,1765479599999,6343791.43782,18270,36149.821,2951713.94678
1765479600000,81.70,82.34,81.53,81.63,74936.606,1765483199999,6138715.51951,16971,33937.635,2780519.40495
1765483200000,81.63,82.44,81.58,82.35,71451.340,1765486799999,5861096.54363,15379,35833.551,2939879.48295
1765486800000,82.35,83.47,82.24,83.19,131374.902,1765490399999,10908253.04957,25532,65040.668,5400125.52987
1765490400000,83.20,83.40,82.56,82.83,51209.043,1765493999999,4247471.50188,13059,21456.968,1780005.38600
1765494000000,82.82,83.14,82.54,82.89,34193.425,1765497599999,2832885.96795,10568,18120.460,1501381.62204
1765497600000,82.89,83.31,82.19,82.25,43987.102,1765501199999,3643895.50674,12031,17410.948,1442972.13514
1765501200000,82.25,83.12,82.25,82.81,39910.064,1765504799999,3305016.85192,11846,18990.847,1572367.82015
1765504800000,82.82,83.33,82.80,83.22,33046.698,1765508399999,2746667.14450,9451,15902.536,1321873.48665
1765508400000,83.23,83.38,82.74,82.89,37674.154,1765511999999,3126592.37108,10236,16888.274,1401360.53609
1765512000000,82.89,82.89,82.55,82.69,27712.894,1765515599999,2291854.78690,8546,11576.979,957429.05082
1765515600000,82.70,83.15,82.51,83.13,28699.695,1765519199999,2376303.13575,8869,16469.919,1363737.36934
1765519200000,83.13,83.63,83.13,83.37,35180.106,1765522799999,2935035.91078,10742,21036.098,1755183.21748
1765522800000,83.37,83.48,83.20,83.35,34328.428,1765526399999,2860581.72208,12876,17858.190,1488220.77720
1765526400000,83.34,83.52,83.06,83.38,31620.669,1765529999999,2632932.50005,9117,15699.421,1307335.68602
1765530000000,83.37,83.92,83.26,83.89,37155.647,1765533599999,3103959.82928,9694,17514.740,1463809.29383
1765533600000,83.89,84.38,83.86,83.88,102806.812,1765537199999,8644841.56911,14102,59921.335,5037713.60932
1765537200000,83.88,84.15,83.76,84.01,43063.836,1765540799999,3617378.89723,10097,22039.135,1851432.41848
1765540800000,84.02,84.30,83.87,84.24,43145.292,1765544399999,3627498.63871,9846,18087.375,1521191.81606
1765544400000,84.24,84.43,83.85,84.03,72067.455,1765547999999,6065189.14823,12803,31349.040,2638359.68115
1765548000000,84.04,84.35,83.84,84.18,73862.388,1765551599999,6210242.76405,15219,34604.582,2909968.60807
1765551600000,84.17,84.17,80.92,81.32,302207.375,1765555199999,24927802.82011,52595,130361.642,10750506.00094
1765555200000,81.31,81.56,80.41,80.89,218445.343,1765558799999,17701740.52486,44791,98552.742,7985224.35496
1765558800000,80.89,81.88,80.82,81.50,94840.452,1765562399999,7726394.16966,20823,45701.361,3722068.12967
1765562400000,81.50,82.17,81.36,81.67,86712.679,1765565999999,7097003.54736,16696,51912.443,4250099.40237
1765566000000,81.68,81.73,81.06,81.27,45176.102,1765569599999,3677048.88611,11650,22402.737,1823529.33442
1765569600000,81.27,81.67,81.20,81.55,30532.314,1765573199999,2485365.92976,9862,15447.566,1257395.70157
1765573200000,81.54,81.96,81.46,81.76,25563.166,1765576799999,2090404.71784,9149,12585.206,1029112.51994
1765576800000,81.76,82.10,81.73,82.00,22275.133,1765580399999,1825174.18446,6362,11574.178,948274.22827
1765580400000,82.00,82.11,81.83,81.91,21055.310,1765583999999,1725575.53296,5744,10536.823,863500.67554
1765584000000,81.91,82.13,81.73,81.92,36885.287,1765587599999,3022059.14442,7219,16950.768,1388589.51348
1765587600000,81.92,82.06,81.80,82.06,26073.917,1765591199999,2136149.11901,5558,13717.280,1123828.96950
1765591200000,82.06,82.42,81.97,82.11,33046.969,1765594799999,2717354.71613,6862,20106.744,1653598.44223
1765594800000,82.10,82.38,82.02,82.31,25783.982,1765598399999,2120822.66836,12787,14550.757,1196855.73673
1765598400000,82.31,82.40,82.20,82.27,27389.741,1765601999999,2253892.05027,5499,11787.339,970068.97481
1765602000000,82.26,82.37,82.09,82.16,20042.593,1765605599999,1648159.00459,4887,8903.098,732159.02633
1765605600000,82.16,82.16,81.61,81.63,35018.516,1765609199999,2866971.68024,7108,14840.566,1215224.10318
1765609200000,81.63,81.82,81.58,81.78,30941.719,1765612799999,2527867.04673,6712,16623.918,1358111.30644
1765612800000,81.79,82.25,81.79,81.95,42808.474,1765616399999,3511332.68743,8190,18744.762,1537514.75657
1765616400000,81.95,82.04,81.68,81.81,35576.181,1765619999999,2911600.54133,6538,17623.854,1442492.03050
1765620000000,81.80,82.03,81.71,81.78,33012.019,1765623599999,2702747.78568,6638,12216.591,1000040.51456
1765623600000,81.78,81.80,81.51,81.56,35291.644,1765627199999,2882270.77288,6863,16512.413,1348727.74410
1765627200000,81.56,81.85,81.33,81.53,34702.386,1765630799999,2831135.42957,8758,16536.868,1349216.95250
1765630800000,81.53,81.64,81.27,81.34,31139.228,1765634399999,2534989.62768,7382,13399.391,1091081.71135
1765634400000,81.34,81.46,81.16,81.40,34546.029,1765637999999,2809518.80505,8207,18257.806,1485045.56868
1765638000000,81.39,81.88,81.38,81.68,33595.920,1765641599999,2743595.02227,8781,16756.452,1368443.29803
1765641600000,81.68,81.95,81.61,81.86,30751.207,1765645199999,2515146.93873,8234,14753.052,1206564.55386
1765645200000,81.87,81.87,81.46,81.55,23561.171,1765648799999,1922291.35506,5893,8886.847,725028.01628
1765648800000,81.55,81.62,81.24,81.26,23391.842,1765652399999,1905681.28016,6308,10837.195,883030.32419
1765652400000,81.26,81.47,81.23,81.36,19651.176,1765655999999,1598714.62999,7508,9251.148,752535.19065
1765656000000,81.37,81.49,81.27,81.33,10755.715,1765659599999,875592.59109,4538,5104.532,415582.23165
1765659600000,81.34,81.35,80.73,81.22,42600.113,1765663199999,3452026.07332,8896,18482.362,1497616.12373
1765663200000,81.22,81.37,81.10,81.25,16777.334,1765666799999,1363412.34455,5373,9534.192,774814.78189
1765666800000,81.25,81.55,81.14,81.44,21742.856,1765670399999,1768711.00080,6049,13332.793,1084583.93641
1765670400000,81.43,81.54,81.20,81.44,29745.861,1765673999999,2419615.01813,7619,18299.351,1488493.81109
1765674000000,81.45,81.95,81.33,81.46,43529.239,1765677599999,3554169.25356,11286,22788.954,1860060.69177
1765677600000,81.47,81.74,81.47,81.64,15922.412,1765681199999,1299234.56307,5283,8738.340,713054.85532
1765681200000,81.65,81.72,81.42,81.44,17975.296,1765684799999,1465746.25906,4814,8697.386,709318.81739
1765684800000,81.43,81.49,81.04,81.12,47526.585,1765688399999,3865998.19907,18145,22833.173,1857734.72015
1765688400000,81.12,81.14,80.85,81.02,32470.208,1765691999999,2630230.78083,11012,15492.831,1255113.34509
1765692000000,81.03,81.03,80.64,80.85,25065.397,1765695599999,2025958.76031,6733,10727.334,867047.81281
1765695600000,80.86,81.12,80.78,81.00,24519.892,1765699199999,1984441.90818,5778,12210.925,988372.69298
1765699200000,81.00,81.20,80.87,80.91,26972.756,1765702799999,2186122.48923,6439,11466.020,929157.32148
1765702800000,80.91,81.09,80.79,80.85,23617.598,1765706399999,1911073.48993,6164,11507.365,931190.38273
1765706400000,80.86,80.94,80.30,80.51,93028.429,1765709999999,7497608.92922,32287,34963.867,2818894.17455
1765710000000,80.51,80.59,79.33,79.96,160594.211,1765713599999,12848490.71563,31420,66562.801,5327461.53294
1765713600000,79.95,80.48,79.73,80.19,54758.594,1765717199999,4384633.63479,13023,28277.092,2264136.49130
1765717200000,80.19,80.25,79.86,80.24,34337.105,1765720799999,2747166.38334,9949,16264.101,1301295.61082
1765720800000,80.23,80.36,79.05,79.31,76673.478,1765724399999,6100163.43747,16109,29050.573,2312087.05475
1765724400000,79.31,79.36,78.72,78.88,92573.184,1765727999999,7308780.27987,17517,39622.814,3127879.86546
1765728000000,78.87,79.50,78.79,79.31,62579.442,1765731599999,4951476.80078,15972,30030.016,2376149.51768
1765731600000,79.31,79.46,78.74,78.91,52968.283,1765735199999,4183050.74520,13986,26224.397,2071084.08273
1765735200000,78.91,79.37,78.79,79.36,42315.431,1765738799999,3349139.74484,10299,21786.613,1724357.35538
1765738800000,79.35,79.36,78.86,79.07,32115.375,1765742399999,2538442.03358,8614,16423.485,1298165.48460
1765742400000,79.06,79.46,78.76,78.95,60765.931,1765745999999,4809136.92360,12412,26948.493,2133433.76127
1765746000000,78.94,79.15,78.03,78.18,81909.985,1765749599999,6427927.81579,15185,28233.801,2217071.60195
1765749600000,78.18,78.66,78.12,78.62,49033.804,1765753199999,3844264.17472,13560,27093.092,2124132.12954
1765753200000,78.63,79.11,77.90,78.92,109208.136,1765756799999,8579066.84861,21988,55876.310,4390874.95749
1765756800000,78.92,79.67,78.89,79.37,80085.234,1765760399999,6351827.24952,17762,40326.732,3198700.95641
1765760400000,79.37,80.39,79.29,80.30,58137.826,1765763999999,4642736.66987,15202,30320.917,2421689.99902
1765764000000,80.31,80.99,80.03,80.13,91467.046,1765767599999,7360740.00294,18629,42376.495,3410441.22016
1765767600000,80.14,80.44,80.00,80.34,40206.393,1765771199999,3226856.01055,10341,20114.153,1614352.93903
1765771200000,80.35,80.85,80.35,80.75,48682.098,1765774799999,3923885.89774,10374,28117.989,2266347.90945
1765774800000,80.75,81.15,80.66,81.11,47781.823,1765778399999,3865742.53768,9024,28119.444,2275178.00553
1765778400000,81.12,81.29,80.77,80.99,42601.106,1765781999999,3450426.60148,9155,22338.959,1809564.73831
1765782000000,81.00,81.15,80.45,80.74,48015.085,1765785599999,3877157.85069,9604,20064.497,1619894.67040
1765785600000,80.74,81.04,80.63,80.83,32912.535,1765789199999,2660359.86750,7949,15103.415,1220960.63949
1765789200000,80.83,81.22,80.81,80.97,39919.289,1765792799999,3235276.60609,9057,20134.209,1631970.83992
1765792800000,80.98,81.39,80.81,80.93,38092.465,1765796399999,3087668.06886,9218,17940.020,1454355.10277
1765796400000,80.94,81.09,80.84,81.01,24701.426,1765799999999,2000304.64909,7217,11900.798,963689.26144
1765800000000,81.02,81.09,80.71,80.93,27855.855,1765803599999,2254051.70338,8266,14417.641,1166697.56319
1765803600000,80.93,80.98,80.37,80.58,68453.004,1765807199999,5515539.16923,13130,32729.022,2637371.87251
1765807200000,80.58,81.09,79.19,79.56,219032.366,1765810799999,17555083.80993,34662,81282.681,6519680.72052
1765810800000,79.56,79.58,77.41,77.79,390660.771,1765814399999,30588517.24432,76867,184951.017,14488047.49579
1765814400000,77.79,78.18,76.61,77.04,189415.130,1765817999999,14663089.98597,42156,74982.886,5805675.35684
1765818000000,77.03,77.14,76.34,76.42,125510.382,1765821599999,9634181.30881,27691,52004.280,3992333.07952
1765821600000,76.41,76.80,75.69,76.75,176084.911,1765825199999,13439137.74696,32419,88018.273,6720128.56133
1765825200000,76.76,77.40,76.72,76.95,97512.304,1765828799999,7516993.04728,21119,44343.648,3418945.76770
1765828800000,76.94,76.94,76.23,76.24,99908.254,1765832399999,7650717.44114,17799,54768.460,4195873.83398
1765832400000,76.25,77.03,76.17,76.98,48820.062,1765835999999,3741320.39937,12230,25355.642,1943580.95180
1765836000000,76.98,77.37,76.78,77.37,46951.805,1765839599999,3616622.46464,14365,23179.568,1785731.01589
1765839600000,77.37,77.77,77.34,77.48,51786.085,1765843199999,4016403.54606,12507,30302.527,2349949.63331
1765843200000,77.47,77.72,77.08,77.11,53608.204,1765846799999,4149948.86831,11246,23436.833,1815519.59032
1765846800000,77.12,77.60,77.02,77.14,59884.186,1765850399999,4627237.45739,13870,30190.060,2332751.63704
1765850400000,77.13,77.70,76.74,77.44,65816.107,1765853999999,5078883.25563,14918,39645.091,3058289.55018
1765854000000,77.44,77.84,77.03,77.81,60797.344,1765857599999,4710884.16398,13144,27140.445,2103145.04774
1765857600000,77.81,77.95,76.40,77.39,86047.012,1765861199999,6642770.32423,17658,36845.346,2845475.43186
1765861200000,77.39,77.49,77.20,77.31,36945.457,1765864799999,2856508.91824,10796,18795.206,1453340.82415
1765864800000,77.32,78.05,77.32,77.99,40477.824,1765868399999,3143178.88418,9786,24742.287,1921433.08453
1765868400000,77.99,78.04,77.04,77.13,61133.363,1765871999999,4735738.19177,12566,24956.597,1933975.93088
1765872000000,77.12,77.57,77.06,77.23,33341.978,1765875599999,2577815.23312,10629,16945.900,1310281.21850
1765875600000,77.23,77.56,77.16,77.54,40447.825,1765879199999,3129462.13900,9601,25183.664,1948482.92943
1765879200000,77.54,78.97,77.44,78.41,97557.839,1765882799999,7638930.33857,19826,51697.826,4046698.85827
1765882800000,78.41,79.07,78.23,78.91,67620.324,1765886399999,5321720.39932,16878,33401.357,2628651.02072
1765886400000,78.91,79.17,78.58,78.81,41707.676,1765889999999,3289806.81401,12244,17261.691,1361713.20342
1765890000000,78.81,79.21,77.55,77.58,135077.149,1765893599999,10573861.44685,31234,54205.181,4246656.52761
1765893600000,77.57,78.57,77.12,78.23,145035.528,1765897199999,11302949.90140,37136,71009.734,5536171.49868
1765897200000,78.24,79.54,77.90,79.38,153007.476,1765900799999,12056690.05399,32878,84972.699,6698892.24293
1765900800000,79.38,79.44,78.59,78.97,66546.749,1765904399999,5257758.33935,19102,28684.673,2265913.71041
1765904400000,78.98,79.31,78.69,78.74,48499.055,1765907999999,3830750.91625,13387,21517.304,1699555.20658
1765908000000,78.74,80.09,78.53,79.41,114669.240,1765911599999,9094205.05163,20840,69780.083,5538972.94893
1765911600000,79.40,79.41,78.78,79.16,54685.997,1765915199999,4323515.91763,13940,26024.295,2057514.63667
1765915200000,79.15,79.30,78.87,78.92,35524.934,1765918799999,2809677.31804,10425,13453.116,1064287.90378
1765918800000,78.92,79.40,78.72,79.27,37376.680,1765922399999,2956968.15066,9911,19785.871,1566189.03939
1765922400000,79.26,79.45,78.96,79.19,25168.459,1765925999999,1993751.47158,7728,13325.787,1055637.75056
1765926000000,79.20,79.26,78.93,79.04,18849.393,1765929599999,1489913.82944,6985,10265.192,811321.19981
1765929600000,79.04,79.10,78.77,79.08,31102.634,1765933199999,2455303.07227,8973,14367.671,1134259.37291
1765933200000,79.08,79.73,79.08,79.21,44566.676,1765936799999,3538671.25389,10683,17881.773,1419486.63022
1765936800000,79.21,79.41,78.80,79.32,28563.076,1765940399999,2259251.55169,9323,14527.980,1148842.61722
1765940400000,79.32,79.47,79.07,79.12,37034.262,1765943999999,2934960.32405,9481,15398.528,1220180.92988
1765944000000,79.12,79.37,78.68,78.83,29971.711,1765947599999,2366139.97343,8925,14002.963,1105413.38640
1765947600000,78.83,79.28,78.40,79.19,51688.841,1765951199999,4074776.75183,13908,25424.537,2005110.95344
1765951200000,79.19,79.37,78.82,78.94,33511.945,1765954799999,2650903.26378,9375,15019.296,1188557.40141
1765954800000,78.95,79.16,78.71,78.82,22269.313,1765958399999,1757732.99372,7508,11393.278,899254.13159
1765958400000,78.82,78.82,78.26,78.32,39687.086,1765961999999,3114203.56776,9404,17411.606,1366345.53547
1765962000000,78.32,78.43,78.04,78.07,29881.613,1765965599999,2337248.15987,8231,13031.346,1019614.20025
1765965600000,78.07,78.48,77.85,78.22,41498.912,1765969199999,3243800.82238,10062,17569.609,1373708.31531
1765969200000,78.21,78.94,78.20,78.75,46796.354,1765972799999,3678178.63216,10461,27685.272,2175685.93891
1765972800000,78.75,78.95,78.27,78.41,45709.042,1765976399999,3592340.99167,10159,21035.246,1653205.30074
1765976400000,78.41,79.34,78.24,79.23,67617.049,1765979999999,5328040.07664,14645,38359.181,3022101.00360
1765980000000,79.23,80.29,78.06,80.27,198928.622,1765983599999,15759318.80847,38111,96680.873,7666513.23184
1765983600000,80.26,81.00,77.97,78.18,311134.960,1765987199999,24806202.39074,61513,150932.799,12037809.20952
1765987200000,78.17,78.63,75.99,77.07,319479.578,1765990799999,24587808.53412,62637,142343.427,10956666.84756
1765990800000,77.07,77.20,76.26,76.34,102794.795,1765994399999,7888387.74267,24274,51618.819,3961582.59300
1765994400000,76.35,76.93,75.35,75.52,114557.307,1765997999999,8705366.74200,27720,50164.172,3814555.02805
1765998000000,75.52,76.16,75.10,76.15,93309.819,1766001599999,7045662.36839,25693,47331.680,3574507.77190
1766001600000,76.15,76.67,75.92,76.17,59224.465,1766005199999,4522016.45000,15299,26773.346,2044119.76948
1766005200000,76.16,76.32,75.41,75.57,56795.807,1766008799999,4302379.98217,12769,32417.404,2454500.86406
1766008800000,75.57,76.24,75.29,76.18,46703.216,1766012399999,3539414.58385,17535,27385.930,2075779.90962
1766012400000,76.18,76.18,75.68,75.98,43535.680,1766015999999,3304222.09664,10149,20292.731,1540150.35378
1766016000000,75.98,76.26,75.83,76.21,52792.897,1766019599999,4014208.76525,11745,25876.915,1967519.95163
1766019600000,76.21,76.21,75.46,75.62,36070.476,1766023199999,2730240.68554,11441,15055.886,1139486.95273
1766023200000,75.63,76.39,75.46,76.21,41114.578,1766026799999,3127685.61024,12523,20552.031,1563347.62694
1766026800000,76.21,76.21,75.52,75.72,36770.828,1766030399999,2786781.78797,9667,17565.093,1330470.51312
1766030400000,75.72,75.99,75.69,75.81,25023.370,1766033999999,1897853.60158,8550,12675.047,961257.65649
1766034000000,75.81,75.82,74.79,74.90,84437.716,1766037599999,6344776.63611,17642,34340.826,2581134.11778
1766037600000,74.90,75.25,74.74,75.20,56660.477,1766041199999,4251473.39747,13299,33066.248,2481281.24560
1766041200000,75.21,75.44,75.13,75.31,44548.160,1766044799999,3354457.65555,12443,23725.849,1786710.86750
1766044800000,75.32,76.04,75.30,75.90,55340.742,1766048399999,4189623.25814,14282,28389.663,2149367.66950
1766048400000,75.90,76.33,75.66,75.92,47815.035,1766051999999,3633989.61947,12625,25418.605,1931792.36332
1766052000000,75.92,76.19,75.78,76.13,32548.869,1766055599999,2474096.89433,9133,13960.660,1060977.43433
1766055600000,76.14,76.19,75.80,76.18,32331.955,1766059199999,2456672.98650,9771,17404.972,1322506.04500
1766059200000,76.18,76.44,75.87,76.36,55852.799,1766062799999,4253954.51713,11397,25190.408,1919918.48409
1766062800000,76.35,78.12,76.35,78.08,238368.244,1766066399999,18421704.73452,42527,122174.743,9444616.16621
1766066400000,78.08,78.52,76.72,77.29,192771.327,1766069999999,14961884.32950,39792,88566.632,6875613.45418
1766070000000,77.29,78.27,76.82,77.63,95030.270,1766073599999,7374866.71540,24913,44257.669,3434432.37911
1766073600000,77.63,77.86,77.15,77.39,56112.965,1766077199999,4349151.11801,15332,26107.014,2024284.15922
1766077200000,77.40,77.42,73.52,75.08,452820.160,1766080799999,33879757.77408,82922,196187.916,14661948.32662
1766080800000,75.08,75.72,74.12,74.42,148758.253,1766084399999,11143850.59593,29383,67436.780,5054059.80742
1766084400000,74.42,74.54,72.60,72.71,200863.321,1766087999999,14782044.70454,39787,85852.344,6315751.11072
1766088000000,72.70,73.69,72.66,73.20,118430.947,1766091599999,8687916.33170,27112,60050.772,4404761.89323
1766091600000,73.20,74.51,73.20,74.49,89971.889,1766095199999,6651266.69071,20662,46587.150,3443283.31492
1766095200000,74.50,74.65,74.16,74.25,33064.534,1766098799999,2460110.46326,10369,15513.605,1154384.73784
1766098800000,74.26,74.33,73.97,74.24,38266.092,1766102399999,2837681.64970,11606,20175.010,1496319.51208
1766102400000,74.25,74.45,73.73,74.19,54562.034,1766105999999,4043755.35217,12863,31183.208,2311287.17542
1766106000000,74.20,74.21,73.64,73.85,34704.203,1766109599999,2564937.03292,10779,17950.415,1326874.70599
1766109600000,73.85,74.40,73.52,74.22,45764.712,1766113199999,3385338.52576,12529,25478.000,1884611.57320
1766113200000,74.23,76.21,74.18,75.73,167856.284,1766116799999,12667761.13107,34535,75119.579,5668283.98158
1766116800000,75.73,76.03,75.56,75.83,64033.178,1766120399999,4853222.74604,13167,33368.668,2529405.43019
1766120400000,75.84,75.85,75.35,75.55,53227.978,1766123999999,4020599.47059,13265,23948.083,1808900.50788
1766124000000,75.56,75.72,75.20,75.64,56391.680,1766127599999,4252414.23537,10614,26102.765,1968365.80659
1766127600000,75.64,76.53,75.63,75.80,118467.541,1766131199999,9000268.76036,21777,62604.340,4754926.03704
1766131200000,75.80,76.11,75.56,76.00,55313.830,1766134799999,4194975.63938,12094,30038.992,2278075.89156
1766134800000,76.00,76.13,75.85,76.05,48400.191,1766138399999,3677809.57725,10889,27574.025,2095685.88501
1766138400000,76.06,76.35,75.95,76.08,59925.443,1766141999999,4561512.01735,14558,37018.252,2818331.93447
1766142000000,76.08,76.24,75.85,76.20,43616.221,1766145599999,3319166.68381,10005,23362.280,1778055.79261
1766145600000,76.20,76.45,76.09,76.20,49815.457,1766149199999,3798217.15269,11738,25443.013,1940260.16718
1766149200000,76.21,76.47,76.05,76.16,41787.492,1766152799999,3186357.35099,10164,20259.271,1545002.80275
1766152800000,76.16,76.90,75.83,76.52,109197.754,1766156399999,8332089.94552,24473,51369.562,3921555.44358
1766156400000,76.52,77.41,76.04,76.20,137853.054,1766159999999,10562052.05158,31000,62701.100,4805280.51458
1766160000000,76.20,77.33,76.16,76.62,72810.599,1766163599999,5593618.93776,21135,33503.967,2574635.52439
1766163600000,76.62,77.06,75.96,75.98,82049.874,1766167199999,6277331.17939,20769,38198.962,2922516.17425
1766167200000,75.99,76.62,75.97,76.49,60897.975,1766170799999,4644351.23809,14409,32709.172,2494422.00393
1766170800000,76.50,77.72,76.50,77.63,63741.645,1766174399999,4927131.00672,14853,35331.607,2730924.62522
1766174400000,77.63,77.98,77.47,77.76,51429.530,1766177999999,3997307.56486,14405,26935.266,2094076.00195
1766178000000,77.76,77.77,77.27,77.34,31609.908,1766181599999,2451129.61700,8987,14392.053,1116197.94506
1766181600000,77.35,77.71,77.35,77.60,19608.242,1766185199999,1520716.54076,6275,9526.868,738776.20292
1766185200000,77.59,77.68,77.44,77.45,20968.195,1766188799999,1626145.31905,5243,9388.797,728224.34378
1766188800000,77.44,77.65,77.27,77.40,34283.731,1766192399999,2655414.28318,7604,16760.606,1298275.14250
1766192400000,77.40,77.59,77.21,77.25,19363.895,1766195999999,1497826.42349,6560,9852.319,762090.63663
1766196000000,77.26,77.45,77.11,77.21,24565.478,1766199599999,1897451.95736,6440,12673.592,979225.40703
1766199600000,77.21,77.26,76.87,76.91,28142.745,1766203199999,2169306.89838,5728,12429.013,958218.36045
1766203200000,76.91,76.91,76.45,76.49,43036.208,1766206799999,3297849.13642,8112,19331.385,1481350.99188
1766206800000,76.50,76.83,76.40,76.71,29174.836,1766210399999,2234535.48654,7754,17891.638,1370271.05771
1766210400000,76.71,76.88,76.67,76.78,21371.976,1766213999999,1641009.12446,5637,12432.652,954693.15632
1766214000000,76.79,77.12,76.63,77.08,27895.205,1766217599999,2144045.11376,6943,14672.378,1128024.77320
1766217600000,77.07,77.55,77.04,77.36,36572.052,1766221199999,2828278.11383,8281,20278.620,1568530.60511
1766221200000,77.35,77.69,77.30,77.48,28174.770,1766224799999,2184749.67077,5760,13597.948,1054230.97246
1766224800000,77.48,77.55,77.07,77.14,35406.627,1766228399999,2735362.14957,7235,12197.681,942405.72219
1766228400000,77.14,77.43,77.07,77.34,25609.427,1766231999999,1979354.38708,6381,15631.899,1208402.12948
1766232000000,77.34,77.34,76.99,77.06,33655.614,1766235599999,2595230.26847,7151,14445.632,1114001.20992
1766235600000,77.05,77.10,76.61,76.98,43758.765,1766239199999,3361952.45053,9182,19237.298,1478239.30773
1766239200000,76.98,76.99,76.62,76.96,22558.332,1766242799999,1732417.93458,5947,13008.750,999066.08375
1766242800000,76.97,76.99,76.63,76.67,34244.607,1766246399999,2628714.86188,7292,15863.875,1217822.00621
1766246400000,76.68,76.83,76.53,76.81,70622.838,1766249999999,5414456.39808,29080,36801.864,2821480.47526
1766250000000,76.82,77.03,76.76,76.93,33388.244,1766253599999,2567877.58740,14496,17810.829,1369934.48789
1766253600000,76.93,77.32,76.81,77.21,25498.030,1766257199999,1964107.35868,9124,13101.864,1009457.93407
1766257200000,77.21,77.40,77.10,77.27,18178.783,1766260799999,1405223.81819,6797,8169.553,631454.98371
1766260800000,77.28,77.56,77.26,77.53,21992.295,1766264399999,1702094.33036,7252,12290.102,951395.36394
1766264400000,77.53,77.89,77.52,77.86,46902.881,1766267999999,3645459.07126,14670,24405.150,1896777.10634
1766268000000,77.86,78.39,77.86,78.35,49104.982,1766271599999,3834160.04806,10838,28189.363,2201376.93862
1766271600000,78.35,79.39,77.75,77.80,142888.705,1766275199999,11213935.31787,26148,70394.880,5526204.22306
1766275200000,77.81,78.01,77.64,77.77,39515.769,1766278799999,3074830.94004,9240,18246.464,1419763.18918
1766278800000,77.77,77.80,77.18,77.19,39986.530,1766282399999,3096922.28720,9082,16439.323,1273197.54686
1766282400000,77.19,77.44,76.75,76.94,38046.316,1766285999999,2930412.85746,10460,19878.950,1531165.41476
1766286000000,76.95,77.37,76.91,77.17,30542.399,1766289599999,2357621.42750,10912,16829.660,1299219.83018
1766289600000,77.18,77.25,76.94,77.02,22278.025,1766293199999,1717609.43964,5810,8671.732,668499.04830
1766293200000,77.01,77.44,76.98,77.06,33454.211,1766296799999,2583566.22070,9149,16318.476,1260259.94340
1766296800000,77.07,77.27,77.04,77.16,24541.317,1766300399999,1893153.53652,7025,14204.577,1095781.09784
1766300400000,77.15,77.18,76.95,77.15,28401.256,1766303999999,2189064.31069,11406,14504.961,1118097.35648
1766304000000,77.15,77.55,76.87,77.40,50666.683,1766307599999,3915287.04134,12089,29184.804,2254996.79256
1766307600000,77.40,77.79,77.21,77.64,44753.096,1766311199999,3470432.66444,12519,23103.988,1791813.86526
1766311200000,77.65,77.89,77.25,77.39,33847.293,1766314799999,2627043.93003,9758,15380.594,1194323.79647
1766314800000,77.39,77.57,77.31,77.37,33184.237,1766318399999,2568666.43222,16088,17230.576,1333901.18392
1766318400000,77.37,77.57,76.78,76.96,48155.751,1766321999999,3713111.95243,10047,19447.162,1500671.38535
1766322000000,76.96,76.96,75.39,75.60,168780.408,1766325599999,12848771.04313,32063,69675.425,5305722.58031
1766325600000,75.60,76.25,75.52,75.96,63494.472,1766329199999,4822065.92123,15855,32458.624,2465087.80024
1766329200000,75.96,76.12,75.63,75.91,52312.974,1766332799999,3966013.69836,10940,24943.990,1891193.81442
1766332800000,75.90,76.34,75.75,76.30,42538.503,1766336399999,3236645.13176,10569,19446.372,1479828.99490
1766336400000,76.30,76.66,76.14,76.20,38351.425,1766339999999,2929783.48788,8985,18484.807,1412043.15498
1766340000000,76.21,76.32,75.86,76.32,36634.414,1766343599999,2787757.79794,9029,17390.550,1323639.01259
1766343600000,76.32,76.78,76.19,76.58,31714.834,1766347199999,2424783.20263,8625,15682.325,1199279.56776
1766347200000,76.58,76.59,76.18,76.24,20848.673,1766350799999,1590581.48510,5906,7225.471,551262.78678
1766350800000,76.23,76.40,75.95,76.01,26820.727,1766354399999,2043610.23104,7800,14755.497,1124502.78649
1766354400000,76.00,76.59,75.92,76.56,23902.527,1766357999999,1822404.72405,6892,11602.732,884442.20363
1766358000000,76.56,76.94,76.44,76.73,32606.616,1766361599999,2501686.57067,9377,14196.198,1089295.51839
1766361600000,76.74,78.21,76.73,77.07,130945.112,1766365199999,10144229.20006,27833,64525.671,4998856.08727
1766365200000,77.08,77.84,77.05,77.13,56604.874,1766368799999,4383929.99223,18790,27838.687,2156464.94076
1766368800000,77.14,77.62,76.37,77.44,138139.376,1766372399999,10637738.11213,19614,75778.672,5838737.26437
1766372400000,77.45,78.27,77.28,77.95,56471.530,1766375999999,4395812.70171,13422,30369.525,2363896.48775
1766376000000,77.96,78.08,77.54,77.88,84230.111,1766379599999,6549226.05775,16713,32836.383,2553442.30217
1766379600000,77.87,78.24,77.56,77.56,40965.966,1766383199999,3192567.58506,10217,17328.734,1350508.66232
1766383200000,77.56,77.75,77.37,77.48,38248.591,1766386799999,2966643.73289,9103,17742.008,1376132.48381
1766386800000,77.48,77.88,77.42,77.78,27694.662,1766390399999,2153068.79798,7229,16503.086,1282929.49796
1766390400000,77.78,78.32,77.65,77.73,62310.352,1766393999999,4858609.02163,14278,30581.297,2384834.16432
1766394000000,77.74,78.08,77.68,77.85,32190.029,1766397599999,2506996.89781,8336,19067.209,1485135.82381
1766397600000,77.86,78.00,77.66,77.88,36776.997,1766401199999,2862999.24421,7892,18210.941,1417728.44926
1766401200000,77.89,78.06,77.64,77.88,41826.360,1766404799999,3255810.19853,9134,21173.529,1648404.08253
1766404800000,77.89,78.30,77.65,78.12,66859.260,1766408399999,5211153.28747,14388,36274.418,2828208.54766
1766408400000,78.12,78.15,77.78,78.07,48243.721,1766411999999,3760270.86223,10293,22526.577,1756030.29643
1766412000000,78.07,78.54,77.67,78.51,93181.365,1766415599999,7282646.88916,20549,44756.260,3500209.91332
1766415600000,78.52,79.48,78.24,79.27,148324.207,1766419199999,11689726.52202,34219,75149.519,5927092.22907
1766419200000,79.28,79.36,78.71,78.84,86973.080,1766422799999,6877473.90259,17237,35103.809,2775615.80214
1766422800000,78.84,78.85,78.28,78.49,44456.927,1766426399999,3488974.54035,11149,18872.868,1481318.10221
1766426400000,78.50,78.76,78.17,78.28,33676.976,1766429999999,2643401.92393,9759,15656.632,1229059.93785
1766430000000,78.28,78.29,76.88,77.03,107724.200,1766433599999,8347359.03916,22312,43167.635,3343541.77600
1766433600000,77.02,77.15,76.38,76.39,87420.328,1766437199999,6706657.42723,20128,45438.222,3486056.65119
1766437200000,76.38,76.94,76.32,76.70,53410.965,1766440799999,4091483.09409,11111,28122.553,2154882.22936
1766440800000,76.69,77.27,76.54,77.14,42529.042,1766444399999,3266932.19730,10035,23931.807,1838183.41032
1766444400000,77.15,77.18,76.91,77.01,36071.152,1766447999999,2777567.74009,7427,22982.600,1769703.79315
1766448000000,77.00,77.40,76.92,77.09,53230.626,1766451599999,4106019.18113,9510,28950.615,2233807.46710
1766451600000,77.10,77.20,76.49,76.86,47740.312,1766455199999,3665148.60435,10157,22127.241,1698473.38425
1766455200000,76.85,77.07,76.37,76.49,38791.809,1766458799999,2974114.95912,9689,16516.329,1266488.72095
1766458800000,76.50,76.97,76.11,76.74,60381.929,1766462399999,4622513.95674,12026,27311.806,2090569.32577
1766462400000,76.73,77.04,76.61,76.78,52381.043,1766465999999,4024918.77699,20636,28291.336,2174147.16176
1766466000000,76.77,76.95,76.26,76.95,52065.206,1766469599999,3990734.28694,15552,24456.732,1874764.57015
1766469600000,76.94,76.94,76.35,76.60,54622.518,1766473199999,4188292.55679,15831,28076.861,2153140.95698
1766473200000,76.61,76.96,76.52,76.74,36093.189,1766476799999,2770692.02992,9224,17978.084,1380106.74855
1766476800000,76.74,76.99,76.45,76.50,32229.081,1766480399999,2472898.92466,8793,12091.671,927898.40931
1766480400000,76.50,76.63,76.27,76.56,33875.889,1766483999999,2590698.73215,8242,15228.534,1164756.46277
1766484000000,76.56,76.73,76.36,76.55,68323.092,1766487599999,5231174.43743,11811,35099.722,2687200.79679
1766487600000,76.55,76.93,76.47,76.87,36927.664,1766491199999,2835464.26829,8464,19529.030,1499744.05130
1766491200000,76.88,77.06,76.60,76.87,50755.989,1766494799999,3899755.73068,12111,27427.589,2107166.30623
1766494800000,76.87,76.89,76.14,76.34,59419.480,1766498399999,4546197.71437,13395,25044.013,1916502.73348
1766498400000,76.34,76.65,75.47,75.95,109435.883,1766501999999,8323263.84249,24931,45623.862,3471565.81661
1766502000000,75.94,76.70,75.74,76.63,80497.896,1766505599999,6148648.25542,21904,40882.994,3123357.46895
1766505600000,76.63,77.50,76.47,77.20,112346.617,1766509199999,8656829.29002,21890,61947.584,4771607.84512
1766509200000,77.20,77.70,76.43,76.45,86632.190,1766512799999,6690933.62283,16090,43386.217,3355642.79089
1766512800000,76.46,77.40,76.36,77.22,71340.852,1766516399999,5482266.53202,16771,37049.008,2849571.37888
1766516400000,77.22,77.32,76.98,77.18,28984.794,1766519999999,2236577.59324,8740,16107.559,1243079.55315
1766520000000,77.18,77.91,77.05,77.41,50689.725,1766523599999,3929567.28608,15185,22697.037,1759838.80139
1766523600000,77.41,77.57,77.03,77.04,32595.213,1766527199999,2519703.92484,8217,10939.014,845840.61553
1766527200000,77.05,77.11,76.62,76.79,28292.013,1766530799999,2174864.48963,8526,10855.855,834517.00318
1766530800000,76.79,77.03,76.52,76.96,32255.359,1766534399999,2476628.50512,9101,12421.656,954046.58157
1766534400000,76.96,77.24,76.77,77.13,47906.990,1766537999999,3688632.57049,8967,27439.412,2112591.81787
1766538000000,77.14,77.38,76.85,77.03,28460.731,1766541599999,2196143.12369,9581,11286.100,870950.16533
1766541600000,77.04,77.04,76.15,76.22,62036.129,1766545199999,4748531.07024,12947,21774.111,1666275.37848
1766545200000,76.21,76.58,75.93,76.57,51975.265,1766548799999,3962732.33400,14326,27842.301,2123268.15351
1766548800000,76.57,76.88,75.99,76.07,51403.631,1766552399999,3924659.08297,8624,16035.596,1225415.29434
1766552400000,76.08,76.27,75.65,75.76,49590.240,1766555999999,3766909.32270,10091,21814.569,1657703.99460
1766556000000,75.76,75.91,75.54,75.86,39417.057,1766559599999,2984254.37761,8612,18374.239,1391012.83328
1766559600000,75.87,76.08,75.63,75.64,32652.780,1766563199999,2478712.80208,8167,16600.243,1260488.32625
1766563200000,75.64,75.76,75.23,75.31,83911.381,1766566799999,6332109.03024,17464,39843.051,3007930.95087
1766566800000,75.32,75.82,75.29,75.71,51212.440,1766570399999,3871586.82368,16921,25670.821,1940766.24548
1766570400000,75.71,76.27,75.69,76.07,47689.882,1766573999999,3629312.59620,8460,21456.416,1632490.78026
1766574000000,76.08,76.41,76.08,76.11,38263.317,1766577599999,2918196.66845,7891,18262.671,1392794.42809
1766577600000,76.12,76.45,76.01,76.42,31149.688,1766581199999,2374031.20362,8308,17623.987,1343342.30375
1766581200000,76.42,76.64,76.21,76.50,35092.293,1766584799999,2682407.57589,7854,18924.789,1446728.23757
1766584800000,76.51,76.78,75.18,75.30,201986.656,1766588399999,15370901.96704,27114,77593.726,5901718.76429
1766588400000,75.30,76.15,75.24,75.88,111656.937,1766591999999,8443623.00452,21139,61845.171,4676192.76548
1766592000000,75.89,76.11,75.39,75.78,94969.158,1766595599999,7196536.09777,20446,47189.186,3575897.59950
1766595600000,75.79,75.94,75.45,75.54,33114.838,1766599199999,2507774.56956,10508,14486.666,1097028.05128
1766599200000,75.54,75.70,75.34,75.51,39653.419,1766602799999,2994881.41887,8346,18117.514,1368259.24903
1766602800000,75.51,75.76,75.40,75.73,23331.158,1766606399999,1762769.26754,6437,11508.466,869659.42304
1766606400000,75.73,75.90,75.50,75.53,27898.910,1766609999999,2112751.53974,7104,14663.419,1110639.74845
1766610000000,75.54,75.67,75.38,75.51,29248.541,1766613599999,2209300.51584,7317,15100.865,1140632.73825
1766613600000,75.51,76.11,75.48,76.08,29215.954,1766617199999,2215988.35921,8137,15293.691,1159679.52682
1766617200000,76.07,76.08,75.66,75.75,23562.738,1766620799999,1785791.67777,7085,9591.143,727089.59732
1766620800000,75.76,75.89,75.48,75.53,32339.078,1766624399999,2447605.67335,8379,13611.283,1030277.63617
1766624400000,75.54,76.02,75.51,75.91,20034.437,1766627999999,1517211.13782,6268,9508.861,720027.60746
1766628000000,75.91,76.26,75.72,76.15,28985.095,1766631599999,2205468.85857,8058,13191.534,1003772.24952
1766631600000,76.16,76.45,76.00,76.21,52103.373,1766635199999,3973393.40065,16115,25508.841,1945357.85415
1766635200000,76.22,76.38,76.16,76.34,24865.805,1766638799999,1896197.43385,6946,13798.320,1052215.33553
1766638800000,76.34,76.36,76.03,76.26,22484.995,1766642399999,1713579.15824,5548,11317.594,862586.11881
1766642400000,76.27,76.67,76.20,76.44,42219.607,1766645999999,3229608.10394,7966,27210.775,2081559.35116
1766646000000,76.45,77.01,76.28,76.92,43956.693,1766649599999,3368048.35697,8275,25119.899,1925503.13293
1766649600000,76.92,77.28,76.44,76.72,83002.597,1766653199999,6376962.05591,18338,36598.626,2812239.30442
1766653200000,76.73,76.86,76.57,76.82,19686.712,1766656799999,1510522.67049,5729,8438.589,647513.40993
1766656800000,76.82,76.82,75.89,76.13,63665.650,1766660399999,4858574.64843,11421,25706.202,1959865.43508
1766660400000,76.13,76.44,76.09,76.15,27952.687,1766663999999,2131353.43976,6637,16100.411,1227765.85145
1766664000000,76.15,76.48,76.08,76.22,27509.773,1766667599999,2097384.22748,7323,13658.908,1041408.70234
1766667600000,76.22,76.43,76.00,76.23,32158.232,1766671199999,2449412.56209,7740,18221.557,1387883.78507
1766671200000,76.22,76.39,75.97,76.22,21390.788,1766674799999,1629736.00349,6096,12851.860,979357.91119
1766674800000,76.23,77.26,76.16,76.97,95162.471,1766678399999,7313803.50152,20884,52034.720,3997604.12142
1766678400000,76.96,77.39,76.79,76.92,72873.494,1766681999999,5620400.63304,15605,32141.035,2479049.04549
1766682000000,76.92,77.15,76.66,77.08,33727.778,1766685599999,2592910.37975,7403,16857.353,1296339.49483
1766685600000,77.09,77.53,77.06,77.32,43663.359,1766689199999,3373402.71459,10072,27102.743,2094504.94043
1766689200000,77.32,77.55,77.19,77.36,34607.618,1766692799999,2678318.81008,7794,22277.391,1724424.88247
1766692800000,77.36,77.50,77.08,77.19,27106.077,1766696399999,2094735.40679,7842,8579.035,662981.31599
1766696400000,77.19,77.27,76.98,77.02,21619.959,1766699999999,1667548.72951,5911,8728.739,673392.88854
1766700000000,77.01,77.07,75.64,76.07,81846.774,1766703599999,6246833.10118,17307,37957.693,2897806.96504
1766703600000,76.06,76.32,75.27,75.64,95598.158,1766707199999,7234455.46020,20968,48610.487,3677518.26727
1766707200000,75.64,76.09,75.59,76.05,69745.612,1766710799999,5290523.22693,15270,35595.035,2700171.71514
1766710800000,76.05,76.55,75.99,76.30,46355.019,1766714399999,3537087.57168,10842,19338.138,1475761.21037
1766714400000,76.30,77.90,76.14,77.38,180884.354,1766717999999,13998735.60517,34118,83378.791,6453695.08348
1766718000000,77.39,77.56,77.15,77.50,77796.507,1766721599999,6018049.30721,14201,36969.716,2860069.17859
1766721600000,77.51,77.73,77.09,77.62,36873.704,1766725199999,2854826.22097,9334,17373.945,1345315.60083
1766725200000,77.62,77.86,77.43,77.83,32086.526,1766728799999,2491690.63046,8200,16078.909,1249054.98037
1766728800000,77.84,77.98,77.68,77.75,35914.029,1766732399999,2795126.42050,8916,17449.773,1358502.73546
1766732400000,77.76,77.94,77.11,77.19,47762.686,1766735999999,3704427.36283,11295,22461.814,1743068.54410
1766736000000,77.20,77.39,76.72,76.94,80023.254,1766739599999,6162927.53049,11446,35159.860,2709261.45399
1766739600000,76.95,77.26,76.71,77.18,30690.646,1766743199999,2363248.22137,7393,17321.433,1334082.82318
1766743200000,77.19,77.41,77.12,77.38,25718.783,1766746799999,1986887.83349,6036,12823.916,990851.34072
1766746800000,77.39,77.43,76.90,77.05,35784.663,1766750399999,2761056.39188,7860,16137.280,1245342.73052
1766750400000,77.06,77.39,77.04,77.25,17411.560,1766753999999,1344928.72480,5368,9142.068,706130.79512
1766754000000,77.25,77.43,77.20,77.35,21415.636,1766757599999,1655966.76003,6277,9998.539,773117.85478
1766757600000,77.36,77.47,75.61,75.87,159606.052,1766761199999,12199255.25587,34579,78559.636,6001544.55329
1766761200000,75.86,76.64,75.41,76.57,141332.197,1766764799999,10739324.13225,30368,78700.565,5982009.89104
1766764800000,76.58,76.70,76.04,76.08,55134.075,1766768399999,4210373.18378,13221,24166.015,1845710.37421
1766768400000,76.09,76.63,76.09,76.47,36514.022,1766771999999,2788519.04470,11388,21029.844,1606011.91779
1766772000000,76.46,76.78,76.43,76.66,26768.402,1766775599999,2050018.11857,6917,16677.378,1277310.93511
1766775600000,76.65,76.91,76.59,76.78,20473.459,1766779199999,1570761.67379,5452,10814.749,829802.12400
1766779200000,76.78,77.19,76.65,76.99,27657.002,1766782799999,2128400.66912,6814,15891.001,1222838.90620
1766782800000,77.00,77.04,76.68,76.70,12454.363,1766786399999,957286.12063,4686,5370.793,412836.65761
1766786400000,76.71,76.81,76.51,76.80,15756.497,1766789999999,1207868.19375,4829,8565.235,656628.58349
1766790000000,76.80,76.90,76.70,76.84,16016.950,1766793599999,1229850.18215,4987,9111.094,699596.73323
1766793600000,76.84,77.04,76.77,77.02,25751.584,1766797199999,1979909.82053,6171,13646.274,1049246.02650
1766797200000,77.03,77.06,76.71,76.98,16544.630,1766800799999,1271480.09953,4631,7063.391,542826.47233
1766800800000,76.98,77.29,76.88,77.16,40731.657,1766804399999,3142225.51354,22733,22010.716,1698205.26200
1766804400000,77.16,77.63,77.15,77.51,51068.860,1766807999999,3953549.84285,15260,28380.977,2196866.82141
1766808000000,77.50,77.58,77.15,77.19,36522.838,1766811599999,2826094.56187,6131,14371.839,1112334.98011
1766811600000,77.19,77.29,77.10,77.28,24807.537,1766815199999,1915085.22425,9275,11868.662,916298.59630
1766815200000,77.29,77.38,77.06,77.11,38017.543,1766818799999,2935760.08663,12719,19687.537,1520609.97726
1766818800000,77.11,77.35,77.01,77.02,17831.079,1766822399999,1375986.36436,4333,7514.524,579949.75626
1766822400000,77.03,77.22,76.97,77.02,19011.124,1766825999999,1464941.93610,4651,8995.923,693246.78925
1766826000000,77.01,77.46,77.01,77.29,36600.352,1766829599999,2828930.69279,6490,18666.194,1442594.39518
1766829600000,77.28,77.41,76.97,77.40,29570.742,1766833199999,2283659.81121,7534,14017.040,1082521.57198
1766833200000,77.41,77.87,77.37,77.85,49832.934,1766836799999,3870169.98226,10567,28185.922,2188961.25422
1766836800000,77.86,78.22,77.86,78.18,73059.071,1766840399999,5705490.17375,11883,38575.672,3012362.52269
1766840400000,78.19,78.27,78.01,78.15,50250.076,1766843999999,3925354.86032,10769,23150.201,1808584.82830
1766844000000,78.15,78.67,78.07,78.60,60673.327,1766847599999,4753247.51773,10019,33571.083,2630608.27092
1766847600000,78.60,78.76,78.25,78.65,65365.052,1766851199999,5128289.11586,12648,29411.458,2307533.40416
1766851200000,78.66,78.94,78.52,78.72,56814.436,1766854799999,4473198.19768,10941,26912.469,2118897.00088
1766854800000,78.72,79.12,78.64,78.88,49786.687,1766858399999,3926005.06505,9141,22364.057,1764221.70942
1766858400000,78.89,79.14,78.65,78.70,62495.525,1766861999999,4931710.64304,10419,30407.444,2399864.34876
1766862000000,78.70,79.13,78.64,79.12,25110.380,1766865599999,1978849.37430,6470,13737.351,1082536.49212
1766865600000,79.13,79.34,78.90,79.24,43227.660,1766869199999,3421883.42082,9562,21080.913,1668886.97331
1766869200000,79.24,79.66,79.13,79.49,52038.645,1766872799999,4132406.94945,10444,26547.738,2108250.49545
1766872800000,79.50,79.99,79.21,79.39,70154.112,1766876399999,5586496.53406,13369,35072.938,2792970.44113
1766876400000,79.40,80.56,79.40,80.29,71259.279,1766879999999,5706084.57149,14212,43501.004,3483029.73539
1766880000000,80.28,80.58,80.09,80.23,81781.853,1766883599999,6566726.88740,12205,31267.423,2511001.98231
1766883600000,80.24,80.39,79.75,79.83,41456.380,1766887199999,3317146.78930,9726,16763.500,1341686.93171
1766887200000,79.83,79.88,79.62,79.65,35481.216,1766890799999,2829490.35752,7954,17457.928,1392135.13427
1766890800000,79.65,79.66,79.31,79.34,47365.640,1766894399999,3763770.75225,8969,19804.651,1573731.62680
1766894400000,79.35,79.51,79.18,79.25,34049.860,1766897999999,2701725.09731,7221,16702.067,1325348.14178
1766898000000,79.24,79.30,79.02,79.10,38151.874,1766901599999,3020908.07090,7280,16745.223,1326022.16782
1766901600000,79.10,79.55,79.09,79.48,37786.002,1766905199999,2998444.95076,8515,25670.998,2037448.85650
1766905200000,79.48,79.90,79.42,79.65,49702.398,1766908799999,3961535.25969,9378,25413.715,2025666.17089
1766908800000,79.65,80.10,79.60,79.81,50914.688,1766912399999,4067739.03834,8867,26511.519,2118324.21394
1766912400000,79.80,79.82,79.25,79.30,43680.092,1766915999999,3472111.83746,8603,18445.296,1465949.40301
1766916000000,79.30,79.51,79.23,79.29,26313.570,1766919599999,2087637.78554,6372,12611.359,1000747.36294
1766919600000,79.30,79.45,79.12,79.24,51435.709,1766923199999,4078279.38769,21718,24190.054,1917974.54756
1766923200000,79.24,79.38,78.86,78.96,53430.726,1766926799999,4225901.88199,20135,25428.753,2011803.34593
1766926800000,78.96,79.20,78.90,78.99,34325.266,1766930399999,2713274.70068,7948,18826.737,1488306.43363
1766930400000,78.99,79.53,78.98,79.31,39864.835,1766933999999,3160478.29852,8495,24481.636,1940563.81277
1766934000000,79.31,79.48,79.26,79.33,24792.997,1766937599999,1967914.89719,5874,12530.582,994672.53997
1766937600000,79.34,79.59,79.06,79.24,45505.097,1766941199999,3608635.90085,7942,21480.233,1703800.01183
1766941200000,79.24,79.66,79.23,79.39,33077.720,1766944799999,2629937.75929,11224,17037.687,1354508.62137
1766944800000,79.40,79.43,78.22,78.27,118997.011,1766948399999,9362458.48181,17529,46731.852,3677005.44962
1766948400000,78.27,78.53,78.15,78.25,39633.843,1766951999999,3102792.83810,8480,20677.165,1618777.26513
1766952000000,78.25,78.51,78.06,78.16,50792.624,1766955599999,3973853.96120,9668,27474.546,2149585.57767
1766955600000,78.16,78.24,77.82,78.11,78181.807,1766959199999,6100041.13625,12311,36497.696,2847936.11453
1766959200000,78.12,78.48,77.90,78.32,62861.350,1766962799999,4909845.07799,9849,30055.244,2347500.93465
1766962800000,78.32,78.72,78.12,78.68,37119.425,1766966399999,2910815.10404,8403,21454.555,1682709.68729
1766966400000,78.68,79.49,78.39,79.21,92902.789,1766969999999,7338912.01744,17912,51528.296,4072150.24408
1766970000000,79.21,79.55,78.77,79.25,63405.772,1766973599999,5016519.08569,16016,29279.933,2317162.83086
1766973600000,79.25,79.86,78.87,79.01,91288.417,1766977199999,7247707.65799,20732,45216.839,3590436.04099
1766977200000,79.02,80.14,79.02,80.08,90234.987,1766980799999,7188537.39431,18995,50078.282,3989097.21015
1766980800000,80.07,80.20,79.67,79.72,76591.249,1766984399999,6119698.76438,16568,34499.666,2757022.99271
1766984400000,79.73,79.84,79.49,79.49,43561.049,1766987999999,3471475.88181,9421,22850.605,1821331.52928
1766988000000,79.49,79.88,79.01,79.06,52044.208,1766991599999,4136049.80188,11433,24462.817,1945431.17678
1766991600000,79.07,79.23,78.54,79.17,111816.458,1766995199999,8817585.23568,19673,50359.016,3972006.48373
1766995200000,79.17,79.24,78.77,78.85,67690.823,1766998799999,5347028.05918,19042,30482.613,2408192.19851
1766998800000,78.85,78.87,77.56,78.13,126781.690,1767002399999,9903637.19047,24911,59813.248,4673779.56877
1767002400000,78.12,78.43,77.87,78.10,93892.390,1767005999999,7337381.29244,17762,45601.722,3564474.35993
1767006000000,78.10,78.11,77.73,77.80,38785.802,1767009599999,3020648.51869,10577,19438.029,1513926.80287
1767009600000,77.80,77.90,76.85,77.65,146388.072,1767013199999,11328510.96491,29904,71507.270,5535873.62966
1767013200000,77.65,77.72,77.18,77.38,50758.443,1767016799999,3930388.41826,12327,21151.267,1637860.57672
1767016800000,77.39,78.26,77.25,77.94,144767.332,1767020399999,11270734.08572,26704,74194.999,5777361.53832
1767020400000,77.93,78.51,77.76,78.21,97498.368,1767023999999,7623343.63921,20147,45666.361,3570675.41178
1767024000000,78.20,78.37,77.62,77.89,54161.772,1767027599999,4224703.98732,13894,25626.152,1999424.69532
1767027600000,77.89,78.25,77.74,78.22,41937.266,1767031199999,3271979.12211,9829,22587.700,1762778.98181
1767031200000,78.21,78.29,77.31,77.47,41683.108,1767034799999,3244040.34822,10864,16855.959,1313456.59580
1767034800000,77.47,78.00,77.40,77.88,49074.978,1767038399999,3816974.18779,10139,26076.016,2028263.57641
1767038400000,77.89,78.32,77.80,78.01,44133.352,1767041999999,3444156.80853,10656,24389.915,1903488.10468
1767042000000,78.00,78.34,77.94,78.24,35514.796,1767045599999,2776174.88632,8443,19651.480,1536019.42349
1767045600000,78.23,78.42,78.10,78.33,21784.776,1767049199999,1705229.93540,7438,11470.657,897989.49368
1767049200000,78.33,78.57,78.17,78.30,40144.198,1767052799999,3144387.17328,11265,18498.121,1449309.66462
1767052800000,78.29,78.33,77.78,78.24,31138.179,1767056399999,2431147.99439,7458,11930.753,931800.87455
1767056400000,78.23,78.56,77.97,78.29,26696.222,1767059999999,2090040.63390,6882,12810.093,1002815.73062
1767060000000,78.30,78.38,77.75,77.99,32392.608,1767063599999,2528914.22972,7936,12666.821,988977.12115
1767063600000,77.98,78.32,77.66,78.16,37196.984,1767067199999,2901923.89035,11287,20068.195,1566101.73727
1767067200000,78.16,78.52,78.05,78.26,40358.945,1767070799999,3161756.49174,12678,21932.760,1718117.20455
1767070800000,78.25,78.39,78.04,78.14,25425.787,1767074399999,1987528.87652,6668,13670.808,1068785.56036
1767074400000,78.14,78.43,78.11,78.12,31069.985,1767077999999,2430408.37448,6969,15525.025,1214410.10275
1767078000000,78.11,78.27,78.00,78.23,22496.335,1767081599999,1757964.87128,6042,12593.243,984104.46723
1767081600000,78.23,78.81,77.95,77.98,93363.425,1767085199999,7315947.84953,18736,48369.519,3791262.66492
1767085200000,77.99,78.29,77.91,78.10,39976.403,1767088799999,3120732.91062,8376,20009.931,1562259.75998
1767088800000,78.10,78.23,77.87,78.02,28553.496,1767092399999,2228407.45220,7450,11694.107,912737.80889
1767092400000,78.01,78.13,77.90,78.00,18879.531,1767095999999,1472606.33823,5813,9351.959,729510.12118
1767096000000,78.01,78.04,77.71,77.79,27250.030,1767099599999,2121238.08363,8896,14142.410,1100999.06545
1767099600000,77.79,78.29,77.76,78.21,32912.474,1767103199999,2570346.92095,12931,15507.348,1210866.53112
1767103200000,78.21,78.69,77.78,78.58,82773.730,1767106799999,6476216.36310,18797,40595.698,3176728.11933
1767106800000,78.57,78.74,78.03,78.64,69141.422,1767110399999,5415705.02707,15271,31136.612,2439684.57187
1767110400000,78.64,78.74,78.18,78.29,71418.840,1767113999999,5602534.43860,12670,27674.565,2172334.79784
1767114000000,78.29,78.40,77.87,78.02,36081.147,1767117599999,2818269.48679,8556,13887.515,1085064.33113
1767117600000,78.02,78.16,77.80,78.02,25621.730,1767121199999,1997895.23748,6900,11996.636,935701.14612
1767121200000,78.01,78.22,77.57,78.15,38606.040,1767124799999,3007548.36360,11359,17378.898,1354354.50118
1767124800000,78.14,78.19,77.74,77.77,25328.749,1767128399999,1975130.68110,9588,10941.608,853395.07132
1767128400000,77.76,78.04,77.72,77.95,24778.927,1767131999999,1930409.53523,7558,11192.135,871941.23632
1767132000000,77.95,78.13,77.90,78.08,17920.717,1767135599999,1398420.73437,6492,8434.118,658118.13091
1767135600000,78.07,79.00,78.02,78.84,62560.719,1767139199999,4920591.73943,11555,28904.915,2272979.78703
1767139200000,78.84,78.85,77.85,78.07,72769.587,1767142799999,5689189.70000,11900,34219.414,2675428.60609
1767142800000,78.06,78.55,77.97,78.17,31632.127,1767146399999,2477098.70770,8499,16123.429,1262536.43126
1767146400000,78.16,78.27,78.01,78.06,22630.620,1767149999999,1767836.99337,6879,11107.058,867778.27950
1767150000000,78.06,78.22,77.80,78.08,34907.979,1767153599999,2722226.24264,12673,16005.051,1248304.43681
1767153600000,78.09,78.14,77.91,78.00,19680.991,1767157199999,1535437.12132,5057,9886.994,771481.37485
1767157200000,78.00,78.20,77.99,78.11,14850.151,1767160799999,1160011.19827,4573,9036.718,705885.72510
1767160800000,78.12,78.28,78.07,78.27,17661.691,1767164399999,1380431.49535,4227,8007.320,625757.50909
1767164400000,78.27,78.37,78.11,78.18,32197.989,1767167999999,2518589.15766,6468,16326.142,1276948.98937
1767168000000,78.18,78.40,77.74,77.87,57123.203,1767171599999,4455439.63231,9496,23341.384,1820129.32277
1767171600000,77.87,78.19,77.87,77.99,28898.088,1767175199999,2254652.93299,6388,12925.382,1008342.77592
1767175200000,77.98,78.23,77.91,78.02,25365.101,1767178799999,1979822.66587,5538,12807.654,999597.74025
1767178800000,78.02,78.29,77.98,78.22,26150.376,1767182399999,2043929.14327,7001,12193.270,953065.50696
1767182400000,78.22,78.24,77.84,78.00,28377.506,1767185999999,2214596.89748,7354,12230.921,954631.98619
1767186000000,77.99,78.24,77.94,78.18,20407.797,1767189599999,1593807.81431,5588,10218.459,798024.37308
1767189600000,78.19,78.49,78.06,78.19,65003.979,1767193199999,5084888.62044,12655,29548.220,2312144.01798
1767193200000,78.19,78.20,77.15,77.57,125811.523,1767196799999,9764040.62654,20137,66744.224,5178084.02715
1767196800000,77.58,77.58,76.44,76.88,128048.678,1767200399999,9865628.54912,20690,60759.883,4684284.02256
1767200400000,76.88,76.90,76.31,76.41,82963.444,1767203999999,6355864.10488,18482,36260.880,2779139.36321
1767204000000,76.41,76.94,76.28,76.70,43503.034,1767207599999,3338300.04347,10716,20728.450,1590671.60045
1767207600000,76.70,76.90,76.52,76.53,24844.188,1767211199999,1905945.42858,7941,11247.746,862916.55252
1767211200000,76.53,76.77,76.03,76.69,65741.732,1767214799999,5017432.33129,13359,36304.437,2771662.73761
1767214800000,76.70,76.86,76.60,76.82,21595.692,1767218399999,1657549.64229,6587,11147.310,855485.21015
1767218400000,76.82,76.98,76.66,76.83,45619.430,1767221999999,3506285.98861,20237,24017.431,1846162.23863
1767222000000,76.82,76.89,76.70,76.82,18892.799,1767225599999,1451302.92471,5062,7354.763,564954.01741
1767225600000,76.82,77.08,76.73,77.00,33985.899,1767229199999,2614014.93941,7371,18861.495,1450654.29682
1767229200000,76.99,77.32,76.95,77.25,29467.957,1767232799999,2273481.30792,7109,14214.235,1096678.50789
1767232800000,77.25,77.27,77.04,77.11,24427.176,1767236399999,1884045.92224,6006,8506.087,656067.09604
1767236400000,77.11,77.25,76.83,76.88,29193.614,1767239999999,2249143.95361,6083,15263.858,1176095.97553
1767240000000,76.89,76.89,76.64,76.75,25992.250,1767243599999,1995803.28174,6199,11587.283,889892.05459
1767243600000,76.75,77.31,76.74,77.17,31578.348,1767247199999,2435152.15738,11872,18799.197,1449290.16528
1767247200000,77.17,77.27,77.07,77.21,31951.111,1767250799999,2466208.46675,14787,15656.141,1208546.02252
1767250800000,77.21,77.31,77.04,77.13,33882.437,1767254399999,2615303.86548,16027,17922.815,1383527.95346
1767254400000,77.12,77.50,77.10,77.46,23633.338,1767257999999,1828046.95021,7011,12573.390,972619.96371
1767258000000,77.47,77.62,77.39,77.58,30299.010,1767261599999,2347997.60209,6942,16383.413,1269674.94391
1767261600000,77.57,77.58,77.39,77.47,25810.275,1767265199999,1999665.21923,7899,12760.185,988605.40396
1767265200000,77.47,77.79,77.38,77.75,23525.244,1767268799999,1824153.34519,5654,12953.942,1004677.05905
1767268800000,77.75,77.76,77.47,77.57,25264.190,1767272399999,1960247.46110,5952,13351.135,1035860.38795
1767272400000,77.57,78.01,77.55,77.97,40943.782,1767275999999,3186846.13741,6903,20397.866,1587741.41937
1767276000000,77.98,78.31,77.87,78.09,59722.028,1767279599999,4661721.22336,10658,29397.564,2294990.19897
1767279600000,78.10,79.18,78.07,78.81,119341.146,1767283199999,9389343.82501,19616,67875.539,5340238.10535
1767283200000,78.82,79.09,78.62,78.84,89723.257,1767286799999,7073600.66074,14805,45847.130,3614981.30452
1767286800000,78.83,79.19,78.55,78.94,83578.168,1767290399999,6595392.22935,14456,41591.191,3282343.37133
1767290400000,78.94,79.11,78.89,79.00,35675.219,1767293999999,2818131.05490,7923,15537.590,1227439.11316
1767294000000,79.01,79.43,78.98,79.41,42319.646,1767297599999,3350016.20076,9765,23743.865,1879849.49578
1767297600000,79.41,79.63,79.30,79.45,56289.472,1767301199999,4472910.63548,10478,23808.235,1892186.62604
1767301200000,79.46,79.64,79.23,79.61,46625.243,1767304799999,3701843.53545,8521,22400.704,1779043.87460
1767304800000,79.61,79.89,79.49,79.85,33987.341,1767308399999,2708174.90606,8074,15119.734,1204643.88442
1767308400000,79.86,80.00,79.62,79.92,58952.613,1767311999999,4707111.41031,15510,26991.678,2155308.51270
1767312000000,79.92,80.00,79.51,79.67,60347.185,1767315599999,4810852.05918,11178,22042.364,1757351.98984
1767315600000,79.66,79.75,79.03,79.36,61440.785,1767319199999,4873918.29504,10683,25716.959,2039562.21124
1767319200000,79.36,79.50,79.15,79.47,26405.955,1767322799999,2094042.73763,6667,11997.396,951426.41553
1767322800000,79.47,80.32,79.41,80.12,74532.793,1767326399999,5959457.12503,18043,38643.277,3090085.98543
1767326400000,80.13,80.25,79.61,79.67,35951.487,1767329999999,2871317.77610,9485,14854.693,1186350.82515
1767330000000,79.68,79.84,79.47,79.81,26818.099,1767333599999,2135692.24556,6763,11575.030,922104.16134
1767333600000,79.82,79.89,79.41,79.42,50638.262,1767337199999,4033778.31972,8652,23662.024,1885015.64938
1767337200000,79.42,79.51,79.16,79.29,37984.135,1767340799999,3013126.45244,7377,19880.476,1577000.60508
1767340800000,79.28,79.56,79.25,79.47,46992.409,1767344399999,3731681.99257,8929,30042.917,2385696.99473
1767344400000,79.48,80.53,79.40,80.22,92280.829,1767347999999,7380830.51734,18269,54800.439,4383246.02822
1767348000000,80.23,80.51,79.65,79.97,98532.921,1767351599999,7894670.10519,15022,42219.264,3385844.97721
1767351600000,79.98,79.98,79.40,79.63,51396.776,1767355199999,4093649.42887,10722,23429.328,1865942.74835
1767355200000,79.63,80.23,79.60,80.10,45877.573,1767358799999,3666054.94077,12864,25242.147,2017292.25296
1767358800000,80.09,80.25,79.89,80.02,46498.733,1767362399999,3723579.08702,9898,26414.044,2115485.62234
1767362400000,80.01,81.16,79.60,80.49,150297.178,1767365999999,12079729.55962,29812,85160.416,6849512.12198
1767366000000,80.48,80.75,79.78,80.51,99197.897,1767369599999,7961103.65757,22946,50932.842,4087909.43404
1767369600000,80.50,81.48,80.40,81.48,161366.714,1767373199999,13063337.74062,30531,84855.143,6870493.76625
1767373200000,81.47,81.60,80.78,81.25,115814.371,1767376799999,9410598.51814,20041,55191.963,4487534.26120
1767376800000,81.25,81.53,80.82,81.12,51931.947,1767380399999,4218090.86687,12094,26351.417,2140983.69929
1767380400000,81.12,81.33,81.04,81.27,31778.346,1767383999999,2580708.57225,9508,17448.095,1416986.87236
1767384000000,81.27,81.42,80.96,81.16,50084.208,1767387599999,4067438.21849,8716,25897.710,2103662.96499
1767387600000,81.16,81.80,81.16,81.78,57365.383,1767391199999,4677132.05594,9517,37423.399,3050804.03712
1767391200000,81.78,82.21,81.73,82.07,60700.674,1767394799999,4975064.41968,15032,35688.320,2925569.70881
1767394800000,82.06,82.08,81.72,81.88,54583.486,1767398399999,4467987.59005,11609,30031.123,2457753.82975
1767398400000,81.88,82.23,81.83,82.01,34587.458,1767401999999,2836909.71177,9136,15311.749,1255820.40967
1767402000000,82.00,82.53,81.98,82.50,40716.381,1767405599999,3351685.39922,9334,23758.853,1956111.47946
1767405600000,82.51,82.79,82.06,82.65,47648.062,1767409199999,3928536.10393,10994,22879.935,1887342.58836
1767409200000,82.65,82.70,82.07,82.64,54081.709,1767412799999,4455613.33517,16016,24187.216,1992500.88640
1767412800000,82.65,82.65,82.36,82.44,42543.989,1767416399999,3509328.25385,18404,17665.550,1457198.73365
1767416400000,82.45,82.64,81.91,82.52,74327.997,1767419999999,6116134.43417,20707,38146.421,3137898.73872
1767420000000,82.51,82.78,81.92,82.22,49736.375,1767423599999,4097182.87349,13438,26531.022,2185876.89996
1767423600000,82.21,82.36,80.97,81.33,137858.204,1767427199999,11238163.02807,24974,56857.084,4638205.52667
1767427200000,81.32,81.82,81.21,81.30,150061.725,1767430799999,12234770.04498,22778,63889.427,5208504.10196
1767430800000,81.30,81.61,81.22,81.36,52812.033,1767434399999,4299139.36800,12686,26578.660,2163978.67704
1767434400000,81.37,81.75,81.11,81.40,82034.472,1767437999999,6681710.07419,14972,46528.436,3791130.01358
1767438000000,81.40,81.42,81.13,81.35,43253.364,1767441599999,3515472.84085,8230,21530.890,1750053.51959
1767441600000,81.35,81.60,81.19,81.52,26901.282,1767445199999,2188570.04014,7992,12341.360,1004231.89780
1767445200000,81.52,81.91,81.44,81.78,47676.491,1767448799999,3894955.16189,10410,29587.356,2417443.83021
1767448800000,81.79,81.90,80.71,81.19,85358.219,1767452399999,6936230.83707,18704,38540.886,3133449.79440
1767452400000,81.20,81.38,80.98,81.21,53875.788,1767455999999,4372114.37042,21303,27637.650,2243304.03375
1767456000000,81.21,82.05,81.12,81.93,43200.934,1767459599999,3524866.36011,10466,25890.543,2112519.43124
1767459600000,81.94,82.32,81.85,82.19,39264.369,1767463199999,3223754.84422,11911,20069.006,1647934.30000
1767463200000,82.20,82.51,82.08,82.37,39804.673,1767466799999,3278526.45048,11584,16497.096,1358842.54115
1767466800000,82.37,82.37,82.14,82.19,15937.254,1767470399999,1310665.46985,5330,6503.986,534873.57317
1767470400000,82.20,82.39,81.88,82.30,24240.778,1767473999999,1991041.16431,7616,11354.557,932896.61339
1767474000000,82.31,82.44,82.10,82.13,27391.114,1767477599999,2253510.10304,6842,11352.322,933921.34190
1767477600000,82.13,82.49,82.04,82.35,15740.665,1767481199999,1295179.00292,5916,7218.381,593975.20026
1767481200000,82.36,82.40,81.99,82.04,19516.070,1767484799999,1603741.14594,6306,7430.278,610704.11653
1767484800000,82.04,82.75,81.91,82.45,70198.265,1767488399999,5784840.77139,17710,35130.650,2895608.75717
1767488400000,82.45,82.51,81.98,82.23,35450.829,1767491999999,2914012.49548,9572,15163.268,1246599.38270
1767492000000,82.22,82.31,82.01,82.14,26041.773,1767495599999,2139774.61661,6965,13910.988,1143228.98333
1767495600000,82.14,82.64,82.10,82.48,43704.836,1767499199999,3601502.21712,10533,22190.858,1828651.69032
1767499200000,82.49,82.68,82.36,82.39,27365.423,1767502799999,2257712.11329,7526,12385.107,1021763.60544
1767502800000,82.39,82.53,82.18,82.51,25193.266,1767506399999,2074763.94711,13474,12466.918,1026814.36334
1767506400000,82.51,82.80,82.03,82.15,56808.286,1767509999999,4680052.55733,12151,21192.844,1746584.13298
1767510000000,82.16,82.42,82.02,82.15,37980.052,1767513599999,3122833.83505,9174,18968.754,1559764.27012
1767513600000,82.16,82.17,81.68,82.11,59585.390,1767517199999,4880277.26484,12520,25496.198,2088619.01909
1767517200000,82.12,82.69,81.97,82.50,49489.123,1767520799999,4073134.35919,14786,25824.250,2125420.79307
1767520800000,82.50,82.68,82.27,82.27,55012.196,1767524399999,4539015.88625,16104,22725.951,1875093.33111
1767524400000,82.27,82.53,82.06,82.50,40581.198,1767527999999,3339964.86428,9800,23263.054,1914780.36096
1767528000000,82.50,83.05,82.32,82.57,83162.321,1767531599999,6880085.59801,18233,49136.035,4066320.83216
1767531600000,82.56,82.64,82.07,82.62,46457.544,1767535199999,3827312.69630,11254,21628.853,1782026.87397
1767535200000,82.62,82.77,82.11,82.26,95937.033,1767538799999,7913596.18125,16245,38759.285,3197758.52031
1767538800000,82.26,82.74,82.18,82.63,46510.150,1767542399999,3835033.67425,12389,18638.898,1536912.89761
1767542400000,82.62,83.15,82.56,82.96,59494.080,1767545999999,4927727.25155,12293,28442.923,2356291.99866
1767546000000,82.96,83.02,82.58,82.85,44488.201,1767549599999,3684728.27795,9125,23002.227,1905540.29296
1767549600000,82.86,82.95,82.13,82.43,57229.236,1767553199999,4717557.23660,11550,25782.467,2124929.50134
1767553200000,82.43,82.43,81.57,82.13,79529.003,1767556799999,6512105.06903,15588,30536.722,2500550.52898
1767556800000,82.12,82.25,81.99,82.12,21278.933,1767560399999,1747237.86547,6845,10852.312,891099.54215
1767560400000,82.11,82.41,81.71,81.94,33398.444,1767563999999,2741032.78213,8768,18204.883,1494230.11628
1767564000000,81.93,82.12,81.77,81.98,20465.909,1767567599999,1677240.62706,6183,11328.993,928422.98893
1767567600000,81.98,82.40,81.92,82.20,32941.957,1767571199999,2706972.86942,9641,16995.930,1396737.90197
1767571200000,82.21,82.93,82.13,82.72,76580.868,1767574799999,6318151.89686,18716,38069.314,3142223.40744
1767574800000,82.73,83.55,82.54,83.25,105782.741,1767578399999,8797008.50462,21737,52261.980,4347201.88168
1767578400000,83.26,83.60,82.14,82.40,147993.380,1767581999999,12244617.10778,23347,59454.950,4922031.53351
1767582000000,82.39,82.63,82.25,82.57,71253.789,1767585599999,5872903.99887,13072,43566.408,3590851.78192
1767585600000,82.58,82.73,81.39,81.96,127776.813,1767589199999,10465052.92459,19635,69296.725,5676345.13711
1767589200000,81.95,82.16,81.66,81.70,50790.802,1767592799999,4161445.60493,16752,25288.130,2072533.79959
1767592800000,81.69,82.23,81.45,82.09,76484.399,1767596399999,6261558.31237,12535,30615.287,2505300.21804
1767596400000,82.09,82.49,81.92,82.35,39569.000,1767599999999,3253938.55381,8634,22894.880,1882518.43428
1767600000000,82.35,82.47,81.89,82.14,37771.716,1767603599999,3104632.13982,9859,18673.188,1535085.63530
1767603600000,82.15,82.19,81.69,81.83,52920.703,1767607199999,4334672.79041,12335,24617.313,2016848.69912
1767607200000,81.84,82.20,81.55,81.65,56178.478,1767610799999,4598441.53132,11655,27979.075,2291046.13779
1767610800000,81.65,82.05,81.57,81.98,30692.004,1767614399999,2510530.38308,8663,17229.584,1409404.21076
1767614400000,81.98,82.12,81.58,81.97,50708.500,1767617999999,4151783.46858,10017,26423.775,2164083.92806
1767618000000,81.98,82.12,81.58,81.86,49162.625,1767621599999,4025166.82666,11057,24405.958,1998359.22162
1767621600000,81.85,82.90,81.64,82.73,158536.682,1767625199999,13063220.00069,27692,88827.847,7317637.87222
1767625200000,82.73,83.63,82.62,83.39,176849.972,1767628799999,14691922.99473,30182,102438.986,8510321.22612
1767628800000,83.39,83.61,82.77,82.89,90251.091,1767632399999,7501215.20600,21077,44229.416,3676581.27042
1767632400000,82.90,83.40,82.03,83.29,123182.058,1767635999999,10176200.44308,22229,62242.905,5145714.47839
1767636000000,83.29,83.83,82.95,83.78,89326.351,1767639599999,7445381.01852,17025,46354.295,3865113.23191
1767639600000,83.78,84.10,83.45,83.64,121203.053,1767643199999,10153172.46193,18954,45793.774,3838589.76747
1767643200000,83.65,84.57,83.58,83.91,102618.944,1767646799999,8630776.42474,25993,58102.214,4887532.96509
1767646800000,83.90,84.01,83.48,83.66,40311.580,1767650399999,3375061.29752,12205,21390.628,1790597.52197
1767650400000,83.66,84.23,83.55,84.02,59031.787,1767653999999,4955137.46418,14360,35538.654,2983472.81817
1767654000000,84.02,84.03,83.42,83.42,44744.001,1767657599999,3747665.52262,9673,17890.837,1498338.64230
1767657600000,83.42,83.70,82.77,83.62,73904.136,1767661199999,6150057.59562,16530,35818.454,2980015.45681
1767661200000,83.62,84.09,83.27,83.34,61165.053,1767664799999,5121925.72031,14615,27079.972,2267597.39265
1767664800000,83.34,83.76,83.22,83.52,32878.530,1767668399999,2744753.41655,10044,18824.828,1571596.34602
1767668400000,83.52,83.97,83.50,83.79,28935.398,1767671999999,2423514.46619,10872,17532.274,1468327.05831
1767672000000,83.80,83.94,83.46,83.63,45287.288,1767675599999,3790458.30993,10568,21915.043,1834621.80725
1767675600000,83.63,83.76,83.31,83.36,31823.124,1767679199999,2657935.74779,9407,14686.971,1226657.74788
1767679200000,83.36,83.96,83.29,83.65,62386.017,1767682799999,5215766.22418,12397,32989.860,2758250.11520
1767682800000,83.66,83.72,82.76,83.02,65463.698,1767686399999,5443308.15576,15453,29007.958,2411858.61399
1767686400000,83.02,83.30,82.92,82.99,44533.412,1767689999999,3699995.90165,10638,25809.898,2144438.86257
1767690000000,82.99,83.29,82.90,83.03,28674.445,1767693599999,2383760.91393,7935,14476.847,1203501.74326
1767693600000,83.03,83.25,82.87,83.19,37564.505,1767697199999,3122070.98351,8887,18535.471,1540630.75446
1767697200000,83.20,83.77,83.11,83.75,45168.427,1767700799999,3772249.01569,11092,23025.978,1923107.60647
1767700800000,83.76,84.32,83.71,84.20,63731.720,1767704399999,5354951.54208,13020,31505.264,2647506.63185
1767704400000,84.21,84.33,83.73,83.87,67907.575,1767707999999,5709995.84577,13996,31099.461,2614901.76379
1767708000000,83.88,84.85,83.55,83.93,218036.390,1767711599999,18373496.03606,37335,96163.917,8106413.08051
1767711600000,83.92,84.47,83.18,83.49,161553.859,1767715199999,13537534.24332,28549,77601.310,6504442.79995
1767715200000,83.49,83.57,81.84,82.57,201883.998,1767718799999,16669789.98874,36544,90528.111,7475767.37680
1767718800000,82.56,82.91,81.16,81.36,168770.747,1767722399999,13850317.46092,28619,68346.522,5608153.23620
1767722400000,81.35,82.55,81.12,82.48,80397.413,1767725999999,6592699.68056,19406,43138.806,3538278.02018
1767726000000,82.47,82.76,82.34,82.41,38806.216,1767729599999,3202729.07670,10631,18889.779,1559024.32755
1767729600000,82.40,82.97,82.40,82.70,49848.458,1767733199999,4127732.97580,11335,22550.345,1867128.54378
1767733200000,82.71,84.10,82.56,83.74,96204.647,1767736799999,8037306.18635,22761,49897.464,4167224.14736
1767736800000,83.74,83.93,83.38,83.61,35319.185,1767740399999,2953144.45817,9113,16042.922,1341250.73469
1767740400000,83.62,84.08,83.57,83.93,37565.919,1767743999999,3151863.19624,8651,21593.202,1811793.48334
1767744000000,83.93,83.95,82.89,82.94,61724.279,1767747599999,5154555.72522,11669,22141.457,1848834.15543
1767747600000,82.94,83.19,82.65,82.82,47159.842,1767751199999,3910975.05452,11750,23752.231,1970440.13229
1767751200000,82.82,83.56,82.65,83.56,45862.179,1767754799999,3812745.93487,11849,26397.379,2194619.18286
1767754800000,83.56,83.72,83.21,83.27,29914.670,1767758399999,2498095.05220,8480,13443.703,1122843.78792
1767758400000,83.27,83.52,83.10,83.15,26323.989,1767761999999,2193546.32309,7504,13594.611,1132920.18866
1767762000000,83.16,83.29,82.89,82.94,29599.748,1767765599999,2458136.12169,8312,11362.850,943796.05729
1767765600000,82.95,83.14,82.80,82.81,21487.577,1767769199999,1782422.38808,6594,10145.130,841694.16488
1767769200000,82.82,83.59,82.82,83.46,41307.083,1767772799999,3441188.04063,9251,23162.408,1929632.52858
1767772800000,83.46,83.91,83.26,83.79,70672.952,1767776399999,5906383.31420,14546,36853.862,3080739.88419
1767776400000,83.79,83.83,82.52,82.75,126207.647,1767779999999,10479343.52709,22522,52721.974,4377508.06044
1767780000000,82.75,82.98,82.56,82.72,51882.754,1767783599999,4295912.82343,12323,23197.714,1921081.60014
1767783600000,82.72,82.83,82.57,82.72,30623.965,1767787199999,2533249.72108,9856,13342.912,1103810.09822
1767787200000,82.71,82.75,82.02,82.59,112044.807,1767790799999,9230124.73493,19323,53231.808,4386217.61451
1767790800000,82.59,82.86,82.32,82.44,47697.826,1767794399999,3938006.47152,11653,20740.220,1712826.34264
1767794400000,82.45,82.46,81.22,82.19,198503.617,1767797999999,16245395.36728,42724,88335.370,7229027.83111
1767798000000,82.20,82.21,81.22,81.51,115199.041,1767801599999,9400712.05072,27508,56696.624,4627217.80605
1767801600000,81.51,81.89,81.11,81.48,84255.984,1767805199999,6863922.61825,16598,44181.598,3599096.73125
1767805200000,81.49,81.90,81.30,81.40,40862.267,1767808799999,3336367.29234,10810,21778.041,1778185.99991
1767808800000,81.41,81.78,81.15,81.39,49242.504,1767812399999,4011757.33955,12345,21952.790,1789002.79431
1767812400000,81.38,81.61,80.88,81.42,102538.195,1767815999999,8333152.44614,15831,36201.355,2941280.62787
1767816000000,81.42,81.57,81.13,81.34,30442.729,1767819599999,2476036.06899,9790,15035.039,1223066.04422
1767819600000,81.33,81.57,81.32,81.45,19606.871,1767823199999,1597092.64897,6552,10139.143,825878.74972
1767823200000,81.45,81.90,81.22,81.42,37321.506,1767826799999,3042374.43477,11107,19816.842,1615767.42302
1767826800000,81.42,81.94,81.17,81.65,35046.081,1767830399999,2860572.28810,10705,17817.007,1454436.07015
1767830400000,81.66,81.94,81.44,81.84,46066.958,1767833999999,3760947.64117,9685,21124.613,1724639.55113
1767834000000,81.85,82.27,81.81,82.10,44199.869,1767837599999,3623949.49656,8672,25655.128,2103742.39641
1767837600000,82.10,82.27,81.64,81.83,40240.633,1767841199999,3296106.21151,8990,17682.680,1448611.09219
1767841200000,81.84,82.02,81.13,81.25,43404.911,1767844799999,3540298.67451,10235,18128.263,1478579.64766
1767844800000,81.25,81.86,81.15,81.65,41174.214,1767848399999,3355463.96769,10284,24369.402,1985329.52351
1767848400000,81.66,82.01,81.57,81.66,37227.064,1767851999999,3046055.21906,14071,16677.539,1364790.84358
1767852000000,81.67,81.76,80.55,80.55,160687.457,1767855599999,13011589.78303,23939,69152.936,5601269.56481
1767855600000,80.55,81.30,80.23,81.27,108646.575,1767859199999,8769223.09719,22351,50927.159,4113533.78893
1767859200000,81.26,81.57,80.79,80.90,70056.341,1767862799999,5687315.60179,15643,32083.609,2605274.89875
1767862800000,80.91,81.11,80.45,80.55,50366.725,1767866399999,4066313.28507,12891,21799.837,1760839.55856
1767866400000,80.56,81.16,80.18,81.00,72144.736,1767869999999,5821012.83507,15505,37307.376,3012301.48286
1767870000000,81.00,81.06,80.34,80.88,94886.744,1767873599999,7653350.97038,17908,41706.860,3363550.93360
1767873600000,80.88,80.88,80.35,80.45,54589.441,1767877199999,4397563.20035,12840,25363.563,2043533.73990
1767877200000,80.46,80.79,80.32,80.63,60539.010,1767880799999,4879358.59160,13024,29224.458,2355645.32969
1767880800000,80.63,80.91,79.88,80.69,167401.094,1767884399999,13464390.75192,28082,71806.655,5779664.71532
1767884400000,80.70,81.38,80.34,81.32,91411.731,1767887999999,7402977.91794,20972,46030.199,3728591.72173
1767888000000,81.32,81.46,80.73,81.39,73292.826,1767891599999,5946741.78561,14959,35815.344,2906893.82070
1767891600000,81.40,81.62,81.11,81.56,54914.822,1767895199999,4469319.97456,13039,28619.633,2329739.99486
1767895200000,81.56,81.64,81.23,81.34,30774.720,1767898799999,2505654.94011,9451,13975.299,1137926.55192
1767898800000,81.35,81.57,80.90,80.99,28737.282,1767902399999,2333828.10696,8833,12069.960,980697.63047
1767902400000,80.99,81.05,80.40,80.98,63932.238,1767905999999,5159257.42222,16232,26446.423,2135281.94443
1767906000000,80.98,81.39,80.91,81.31,24468.853,1767909599999,1985221.53919,9690,13968.423,1133321.62637
1767909600000,81.32,81.62,81.14,81.50,29788.193,1767913199999,2425121.46043,8549,15721.600,1280263.79720
1767913200000,81.51,81.55,81.20,81.26,18087.568,1767916799999,1471898.30619,6896,7970.953,648721.51383
1767916800000,81.26,81.76,81.25,81.69,36616.640,1767920399999,2984792.14925,16971,22142.329,1805150.21472
1767920400000,81.70,82.07,81.10,81.33,105369.275,1767923999999,8603811.79455,20000,65375.627,5343021.71749
1767924000000,81.33,81.79,81.18,81.22,28133.912,1767927599999,2293476.63783,8663,11936.213,973385.98665
1767927600000,81.22,81.82,81.15,81.80,32616.225,1767931199999,2656297.01553,11619,18370.748,1495924.08565
1767931200000,81.80,81.93,81.52,81.56,28376.997,1767934799999,2319052.76523,7472,13817.434,1129098.93101
1767934800000,81.56,81.67,81.32,81.58,22814.069,1767938399999,1858878.87825,9285,9240.518,753034.50345
1767938400000,81.59,81.87,81.45,81.81,24467.055,1767941999999,1998031.46106,9254,13565.727,1107850.92934
1767942000000,81.82,81.82,81.49,81.50,27527.546,1767945599999,2248666.97482,8934,11152.342,910993.84672
1767945600000,81.51,81.74,80.48,80.87,92721.565,1767949199999,7510715.06962,18752,37486.747,3036152.02897
1767949200000,80.87,81.24,80.80,81.01,36984.824,1767952799999,2999100.49879,9604,15522.043,1258897.08977
1767952800000,81.01,81.24,80.93,81.17,20414.464,1767956399999,1655683.99808,6755,9860.853,799849.60702
1767956400000,81.17,81.41,81.02,81.14,20173.335,1767959999999,1638453.89016,6580,8167.537,663459.07484
1767960000000,81.15,81.23,80.87,80.95,31852.547,1767963599999,2580849.59311,7206,13659.087,1106965.58746
1767963600000,80.96,81.60,80.88,80.97,72634.904,1767967199999,5892281.31065,15397,36865.153,2990057.40372
1767967200000,80.97,80.99,79.89,80.66,215631.036,1767970799999,17343028.68677,36355,93998.837,7555526.96043
1767970800000,80.67,81.81,80.31,81.30,182592.993,1767974399999,14808297.06185,36392,92398.627,7494978.46412
1767974400000,81.30,81.95,81.29,81.82,81540.163,1767977999999,6659501.60404,17036,47184.914,3854417.70016
1767978000000,81.83,81.90,81.23,81.80,48293.554,1767981599999,3939945.96897,11318,26294.304,2144712.79006
1767981600000,81.79,81.87,80.96,81.43,52700.745,1767985199999,4290895.32675,12363,25045.354,2039205.14848
1767985200000,81.43,81.43,80.70,80.97,38660.847,1767988799999,3132078.82967,10907,17145.085,1388958.92633
1767988800000,80.96,81.24,80.85,80.89,25051.476,1767992399999,2029343.32688,7944,12407.301,1005137.40791
1767992400000,80.90,81.43,80.79,81.38,24030.581,1767995999999,1951168.17248,6762,14581.244,1183788.94282
1767996000000,81.38,81.59,81.23,81.54,24119.011,1767999599999,1964560.16768,5659,14607.830,1190112.80292
1767999600000,81.54,81.64,81.39,81.46,22515.942,1768003199999,1835906.29017,5414,9254.468,754657.78968
1768003200000,81.46,81.50,81.20,81.30,25267.495,1768006799999,2055060.05128,6347,9996.784,813151.23645
1768006800000,81.31,81.52,81.30,81.51,14224.528,1768010399999,1158259.79013,5506,7376.588,600621.93964
1768010400000,81.52,81.55,80.98,81.17,25052.380,1768013999999,2035725.05803,7721,10411.537,846001.69318
1768014000000,81.17,81.18,80.88,81.09,22011.696,1768017599999,1782824.98332,8860,9433.293,764147.63872
1768017600000,81.10,81.10,80.76,80.83,28347.707,1768021199999,2292051.40147,13611,12761.228,1031847.07630
1768021200000,80.84,81.02,80.76,80.97,29193.728,1768024799999,2362571.11911,20225,16375.642,1325344.45342
1768024800000,80.98,81.18,80.80,81.10,21264.879,1768028399999,1722461.80718,8880,10960.560,887769.58812
1768028400000,81.11,81.60,81.10,81.56,45282.859,1768031999999,3688186.63405,6483,34749.293,2830643.44989
1768032000000,81.57,81.57,81.27,81.43,22845.041,1768035599999,1859398.68299,5451,12834.343,1044617.86052
1768035600000,81.43,81.67,81.39,81.62,27116.720,1768039199999,2210769.77570,6189,11849.094,966175.32129
1768039200000,81.62,81.74,81.45,81.66,44528.244,1768042799999,3634408.46973,6632,31525.458,2573210.93712
1768042800000,81.65,81.79,81.52,81.78,25227.643,1768046399999,2060333.91586,7163,12884.941,1052425.50310
1768046400000,81.79,81.85,81.60,81.84,20473.302,1768049999999,1673388.83116,6591,9540.077,779868.93068
1768050000000,81.84,82.28,81.74,82.11,79547.151,1768053599999,6528025.27811,15238,53920.377,4424124.62765
1768053600000,82.11,82.41,81.47,81.64,113751.878,1768057199999,9316881.63979,17748,47174.575,3865956.51303
1768057200000,81.64,81.84,81.41,81.51,32978.499,1768060799999,2691075.70111,7781,14964.597,1221160.30952
1768060800000,81.50,81.61,81.35,81.52,24924.607,1768064399999,2030714.99243,7257,12652.864,1030891.88725
1768064400000,81.52,81.68,80.97,81.05,75534.807,1768067999999,6133965.07903,10791,25005.844,2031920.73103
1768068000000,81.05,81.30,81.02,81.21,23891.337,1768071599999,1938650.27511,6189,12502.297,1014516.81898
1768071600000,81.22,81.35,81.18,81.33,16721.946,1768075199999,1359199.95541,5631,8625.591,701129.48943
1768075200000,81.34,81.39,81.28,81.36,17143.559,1768078799999,1394219.60237,4924,10715.948,871468.23626
1768078800000,81.35,81.35,81.02,81.05,24386.860,1768082399999,1981311.08740,7460,12464.069,1012646.17862
1768082400000,81.05,81.24,80.82,80.89,27194.379,1768085999999,2203758.69579,9069,13970.186,1132370.82709
1768086000000,80.89,81.24,80.88,81.15,26311.478,1768089599999,2134019.68313,6635,16044.722,1301273.47457
1768089600000,81.14,81.31,81.03,81.26,24159.907,1768093199999,1961298.56674,5889,14277.445,1159055.77803
1768093200000,81.26,81.44,81.13,81.38,28477.946,1768096799999,2314777.57702,6569,18223.099,1481466.39923
1768096800000,81.39,81.67,81.33,81.45,39296.553,1768100399999,3202262.46083,7050,22103.420,1801422.46406
1768100400000,81.45,81.77,81.41,81.69,25421.815,1768103999999,2073892.18118,6226,13056.873,1065423.67383
1768104000000,81.70,81.71,81.22,81.41,25528.276,1768107599999,2077780.52028,8250,9660.309,786130.40768
1768107600000,81.41,81.52,81.25,81.39,21229.140,1768111199999,1727709.68784,5666,11078.938,901736.81432
1768111200000,81.40,81.45,81.05,81.36,39469.260,1768114799999,3205881.47395,8152,15295.189,1242423.64637
1768114800000,81.36,81.40,81.01,81.22,117226.845,1768118399999,9519686.01751,19486,41591.489,3378710.42341
1768118400000,81.22,81.37,81.06,81.25,38173.069,1768121999999,3099143.13230,7918,21609.564,1754362.88679
1768122000000,81.25,81.37,81.15,81.24,21017.210,1768125599999,1707975.02502,5940,12536.634,1018850.85130
1768125600000,81.24,81.46,81.12,81.19,21478.373,1768129199999,1745238.28804,6196,10412.531,846198.84352
1768129200000,81.20,81.22,80.90,81.01,44345.160,1768132799999,3594217.28987,7325,15726.061,1275170.50475
1768132800000,81.02,81.29,80.96,81.18,35372.336,1768136399999,2869419.65059,7390,19750.386,1602288.15805
1768136400000,81.18,81.24,80.82,80.87,40610.503,1768139999999,3288940.69418,8634,16584.032,1343384.69793
1768140000000,80.87,81.25,80.73,81.13,56595.699,1768143599999,4581370.83011,10989,30595.449,2477074.55895
1768143600000,81.14,81.21,80.32,80.50,102136.454,1768147199999,8242141.00919,15963,37852.082,3054223.31680
1768147200000,80.51,81.13,80.42,80.77,68938.905,1768150799999,5565381.36802,13767,37147.079,2998837.76412
1768150800000,80.78,80.97,80.36,80.62,32295.449,1768154399999,2603541.09024,7670,15007.965,1210123.31271
1768154400000,80.62,80.76,80.26,80.69,46679.522,1768157999999,3757855.52906,17781,22500.815,1811731.91708
1768158000000,80.69,80.79,80.21,80.24,34182.473,1768161599999,2749501.80371,6777,14230.122,1144595.70192
1768161600000,80.25,80.25,79.61,79.94,153645.864,1768165199999,12278743.71413,19876,71920.044,5747333.09470
1768165200000,79.94,79.94,79.18,79.31,123854.577,1768168799999,9837057.39138,20324,54565.686,4333336.00729
1768168800000,79.31,79.31,78.70,78.83,90637.914,1768172399999,7153620.75744,16953,43207.804,3409695.55831
1768172400000,78.83,79.47,78.46,78.76,166769.475,1768175999999,13162921.09691,25987,94250.628,7439776.23004
1768176000000,78.76,78.83,77.68,78.50,224213.006,1768179599999,17556444.18320,35166,108879.731,8531511.47518
1768179600000,78.49,79.03,78.09,78.64,136369.649,1768183199999,10713803.17305,28184,62614.987,4921304.93871
1768183200000,78.64,79.36,78.47,79.16,117155.998,1768186799999,9242600.50854,22165,62870.016,4960224.32714
1768186800000,79.17,79.93,79.05,79.22,136159.468,1768190399999,10827997.80136,22722,63073.651,5015655.96514
1768190400000,79.21,80.07,78.92,80.02,110800.627,1768193999999,8806781.47890,16303,65387.821,5196996.45422
1768194000000,80.02,80.73,79.87,79.98,138140.542,1768197599999,11092943.81097,20212,65918.134,5293740.77419
1768197600000,79.98,80.17,79.28,79.53,98245.796,1768201199999,7836479.23761,15696,40417.571,3224549.73151
1768201200000,79.54,79.74,78.53,78.55,110109.888,1768204799999,8700176.90063,18566,44368.369,3505558.51332
1768204800000,78.55,78.97,77.79,78.26,182067.909,1768208399999,14265672.25354,25978,78125.689,6126872.72113
1768208400000,78.27,78.34,78.01,78.14,68392.939,1768211999999,5345236.62481,12553,34021.335,2659351.10022
1768212000000,78.15,78.32,77.27,77.49,128832.141,1768215599999,10002811.26300,17075,50909.452,3952869.21929
1768215600000,77.49,77.94,77.47,77.58,68838.256,1768219199999,5350716.78145,12409,37393.030,2906787.01695
1768219200000,77.59,77.59,76.11,76.33,313497.834,1768222799999,24115488.51441,32314,128244.495,9861930.69801
1768222800000,76.34,76.50,75.49,76.13,294798.319,1768226399999,22400500.12003,34037,150222.834,11420441.10541
1768226400000,76.14,77.08,76.06,76.88,246213.637,1768229999999,18838853.14141,34097,152277.362,11653171.18412
1768230000000,76.89,77.40,76.54,77.14,200312.995,1768233599999,15433647.09204,29380,111699.488,8604793.38772
1768233600000,77.14,77.70,76.64,76.84,185545.552,1768237199999,14309026.12555,24552,89318.401,6891058.28658
1768237200000,76.83,77.08,76.41,76.95,166584.196,1768240799999,12784728.52971,22739,85431.368,6556949.27936
1768240800000,76.96,76.98,75.90,76.56,155442.652,1768244399999,11873929.74423,22078,66088.682,5047931.47484
1768244400000,76.55,76.60,75.87,76.19,157112.510,1768247999999,11967086.81286,18506,84140.908,6409086.43337
1768248000000,76.19,76.66,75.95,76.00,91405.369,1768251599999,6970609.46892,16049,45236.264,3449471.80145
1768251600000,76.00,76.61,75.90,76.24,108922.384,1768255199999,8305945.78666,19293,51265.811,3910194.58699
1768255200000,76.24,76.68,75.97,75.99,67991.099,1768258799999,5194501.55514,13831,35458.085,2709311.49978
1768258800000,75.98,76.24,75.83,76.07,95786.301,1768262399999,7281472.95047,18059,53579.734,4073942.65363
1768262400000,76.07,76.35,75.82,75.98,119268.209,1768265999999,9066162.25196,22766,65856.452,5005606.07941
1768266000000,75.98,76.25,75.73,76.22,79425.049,1768269599999,6030893.93095,16540,39146.994,2973048.61669
1768269600000,76.21,76.62,75.87,76.13,72271.069,1768273199999,5512583.75734,15453,37283.359,2844204.10569
1768273200000,76.12,76.49,76.04,76.19,52957.390,1768276799999,4037181.65418,15762,29124.911,2220375.82453
1768276800000,76.20,76.59,76.18,76.48,51329.088,1768280399999,3921535.49975,11686,29446.310,2249665.55619
1768280400000,76.48,76.77,76.25,76.48,102859.420,1768283999999,7874101.65502,16524,41957.893,3211563.47914
1768284000000,76.47,76.75,76.13,76.67,77267.470,1768287599999,5906536.32903,15411,39384.472,3011064.59309
1768287600000,76.66,77.16,76.37,76.77,136672.746,1768291199999,10489127.42420,19949,78597.267,6033311.57905
1768291200000,76.76,76.98,76.00,76.52,116729.267,1768294799999,8922490.56458,21737,61329.759,4688430.75404
1768294800000,76.52,76.77,75.92,76.13,143235.023,1768298399999,10926158.82180,25025,60611.279,4624159.70619
1768298400000,76.13,76.32,75.24,75.58,219068.993,1768301999999,16574783.54108,32207,98920.570,7488326.73954
1768302000000,75.58,76.50,75.50,76.29,136471.909,1768305599999,10383860.42959,20982,76054.815,5788467.69323
1768305600000,76.28,76.70,76.10,76.70,117593.030,1768309199999,8981548.07830,19443,62872.008,4803868.05961
1768309200000,76.69,76.95,76.19,76.33,272727.206,1768312799999,20889256.82159,36761,117695.099,9015924.40917
1768312800000,76.32,77.43,76.06,76.57,240948.188,1768316399999,18525503.76649,39297,106481.401,8188401.56178
1768316400000,76.57,77.08,75.93,77.01,304557.276,1768319999999,23318162.38882,41192,164856.114,12628082.77049
1768320000000,77.02,77.91,76.87,77.52,329047.182,1768323599999,25471309.91333,37139,173213.052,13409715.72004
1768323600000,77.52,77.63,76.65,76.65,169875.119,1768327199999,13094779.04708,23147,89631.362,6909865.36731
1768327200000,76.66,76.76,75.86,76.20,268443.173,1768330799999,20489314.42826,41522,116215.483,8873671.34389
1768330800000,76.20,77.21,76.11,77.21,140483.130,1768334399999,10782874.30800,23141,71291.999,5471733.56324
1768334400000,77.21,77.45,76.30,76.77,234745.638,1768337999999,18042335.15431,28784,112531.039,8649912.82094
1768338000000,76.77,77.20,76.43,77.14,119913.988,1768341599999,9214076.61301,16358,63170.644,4855024.97998
1768341600000,77.14,78.94,76.93,78.38,616305.682,1768345199999,48176903.22605,73012,283977.547,22205585.38482
1768345200000,78.39,78.90,77.72,78.15,211723.423,1768348799999,16575658.28344,34933,92927.440,7274282.77544
1768348800000,78.14,78.60,77.64,78.15,222742.049,1768352399999,17418332.62075,35346,119098.579,9314219.95474
1768352400000,78.15,78.80,77.83,78.09,179714.423,1768355999999,14069489.92587,36464,94153.491,7371627.56499
1768356000000,78.09,78.64,77.89,78.22,104232.796,1768359599999,8165499.10423,23998,54630.683,4280020.49552
1768359600000,78.23,79.36,78.10,79.28,180147.931,1768363199999,14193313.10694,26315,108611.756,8560944.06525
1768363200000,79.29,79.40,78.26,78.62,277451.459,1768366799999,21886805.60733,37415,148110.429,11689122.31938
1768366800000,78.62,78.91,78.31,78.63,110316.289,1768370399999,8667235.82417,22275,60597.143,4761615.44440
1768370400000,78.64,79.08,78.04,79.03,118807.607,1768373999999,9342205.79513,20989,62359.817,4904553.57408
1768374000000,79.03,79.35,78.81,79.02,100475.014,1768377599999,7950136.62440,18707,51648.002,4086927.43989
1768377600000,79.02,79.32,78.54,78.79,114818.537,1768381199999,9056006.54291,17286,56801.098,4480319.56692
1768381200000,78.80,79.58,78.66,78.68,262377.747,1768384799999,20769075.12717,39766,138020.546,10929536.31349
1768384800000,78.68,79.16,78.32,78.37,194525.677,1768388399999,15309534.25930,27559,90255.966,7106002.89788
1768388400000,78.37,78.48,77.73,77.86,134366.038,1768391999999,10496676.28511,18981,42753.039,3342104.18599
1768392000000,77.86,78.86,77.82,78.74,123751.624,1768395599999,9704583.23443,18103,66485.638,5213065.02704
1768395600000,78.74,79.15,78.39,78.58,195735.458,1768399199999,15417456.76549,31700,80762.486,6362746.39143
1768399200000,78.59,79.66,78.55,79.24,284381.876,1768402799999,22496804.45425,47605,146137.281,11561334.62540
1768402800000,79.23,80.92,78.90,79.69,445528.035,1768406399999,35645468.77680,71515,205756.368,16459257.34838
1768406400000,79.70,80.26,79.14,79.31,299378.821,1768409999999,23882376.82622,42873,145848.079,11642093.11083
1768410000000,79.31,79.45,78.01,78.23,334445.960,1768413599999,26329415.04952,48639,133740.607,10531667.48270
1768413600000,78.22,78.62,77.52,77.89,315825.007,1768417199999,24626233.12612,52321,134197.087,10468419.22356
1768417200000,77.88,78.58,77.41,77.49,294027.620,1768420799999,22876521.22697,46928,136467.633,10622930.41827
1768420800000,77.50,78.00,76.89,77.62,219037.324,1768424399999,16955022.21504,39452,108743.152,8422481.47045
1768424400000,77.62,77.97,77.23,77.62,141084.664,1768427999999,10957234.64962,21455,67087.499,5210979.69694
1768428000000,77.61,77.92,76.24,76.59,309638.275,1768431599999,23875460.61843,36652,129980.487,10032546.13051
1768431600000,76.60,77.24,76.06,76.63,255127.025,1768435199999,19548977.12880,35629,117535.601,9008957.03810
1768435200000,76.63,76.78,75.88,76.23,196776.328,1768438799999,15024269.41430,30684,84704.402,6469238.12147
1768438800000,76.23,76.72,75.61,75.97,209573.480,1768442399999,15969082.09754,33472,85885.627,6551461.40446
1768442400000,75.96,76.22,75.34,75.74,175873.256,1768445999999,13327747.67984,31788,73171.565,5548042.54234
1768446000000,75.74,75.79,73.00,73.91,779697.869,1768449599999,57750786.85882,97399,329211.415,24383426.85315
1768449600000,73.90,74.54,73.85,74.31,189768.400,1768453199999,14086948.75373,35672,90697.557,6735470.12307
1768453200000,74.31,74.74,74.28,74.60,118013.413,1768456799999,8795636.54480,23513,57444.332,4281675.72495
1768456800000,74.60,74.72,74.04,74.38,120459.415,1768460399999,8964359.26038,21076,47668.264,3549563.91045
1768460400000,74.38,74.77,74.26,74.50,138528.259,1768463999999,10322111.25161,23180,67463.208,5027963.13820
1768464000000,74.50,75.38,74.32,75.13,351616.178,1768467599999,26349600.72144,42486,213048.424,15963401.56572
1768467600000,75.14,77.00,74.57,75.98,447346.599,1768471199999,33914494.69279,64790,254745.574,19324392.86985
1768471200000,75.99,76.19,75.57,75.76,154124.843,1768474799999,11697706.78515,23894,65628.545,4981974.38335
1768474800000,75.76,75.87,75.23,75.61,136905.185,1768478399999,10343910.91651,27462,62795.288,4745053.87060
1768478400000,75.60,75.81,75.28,75.75,87775.086,1768481999999,6636114.61912,18193,43898.434,3319374.79081
1768482000000,75.74,76.09,75.53,75.68,119875.583,1768485599999,9085744.81987,20963,50637.123,3839502.62547
1768485600000,75.67,75.77,74.34,74.79,311712.547,1768489199999,23374896.21533,45686,133073.680,9980299.72198
1768489200000,74.80,75.07,69.30,72.29,1430002.873,1768492799999,103400476.29919,154492,639136.521,46166761.82901
1768492800000,72.28,73.04,71.63,72.89,578788.507,1768496399999,41841583.17516,92784,289603.784,20937253.79697
1768496400000,72.89,73.33,72.45,72.55,223192.081,1768499999999,16288664.83356,44614,95948.823,7007470.36749
1768500000000,72.54,72.75,71.61,71.82,206489.197,1768503599999,14893206.93805,34824,89583.520,6462557.87315
1768503600000,71.83,72.16,71.60,71.99,133043.089,1768507199999,9565757.12879,25782,61787.950,4442844.54208
1768507200000,71.98,72.22,71.06,71.69,206945.264,1768510799999,14837194.92498,30103,89091.219,6389778.54791
1768510800000,71.70,72.25,71.68,72.09,108493.676,1768514399999,7815378.38515,20032,56034.353,4036703.93862
1768514400000,72.09,72.52,71.92,72.19,109557.673,1768517999999,7916658.67897,17711,55153.395,3985652.50135
1768518000000,72.19,72.30,71.95,72.15,73073.373,1768521599999,5269543.89388,15584,40550.436,2924576.77635
1768521600000,72.16,72.45,71.78,71.87,107775.789,1768525199999,7776629.94181,19043,51206.242,3696876.95851
1768525200000,71.88,72.06,71.44,71.94,121156.879,1768528799999,8702204.17795,19812,62627.761,4500531.86146
1768528800000,71.94,72.49,71.52,72.47,130449.617,1768532399999,9395158.29867,21592,67766.299,4884090.55816
1768532400000,72.48,72.58,72.19,72.32,73388.464,1768535999999,5310593.65693,16824,39167.495,2834355.92898
1768536000000,72.32,72.44,71.17,71.71,244233.910,1768539599999,17533371.59907,25725,120409.875,8644579.08632
1768539600000,71.71,72.24,71.58,72.06,138493.299,1768543199999,9962690.18035,17706,77086.103,5546720.92744
1768543200000,72.07,72.22,71.79,72.21,99626.476,1768546799999,7174181.65823,13303,51280.139,3693252.99691
1768546800000,72.22,72.27,71.95,72.16,50870.129,1768550399999,3666901.11644,11038,24770.392,1785883.25580
1768550400000,72.16,72.67,72.16,72.37,88007.229,1768553999999,6374829.21517,16903,49378.543,3576011.40294
1768554000000,72.38,72.49,72.08,72.14,77374.204,1768557599999,5590808.42806,18148,36839.523,2662052.29790
1768557600000,72.15,72.17,71.84,72.05,80015.056,1768561199999,5758747.28034,12591,34686.459,2496659.56486
1768561200000,72.06,72.89,72.03,72.81,129951.282,1768564799999,9409985.05001,19752,70107.378,5078242.45984
1768564800000,72.82,72.88,72.26,72.54,120371.170,1768568399999,8734128.34219,18435,44919.879,3259649.47009
1768568400000,72.55,72.57,72.07,72.45,110423.160,1768571999999,7983442.92217,16974,47180.553,3411548.00240
1768572000000,72.46,72.93,72.42,72.67,147108.136,1768575599999,10696607.19787,24703,62892.319,4573668.56035
1768575600000,72.67,72.78,70.84,71.93,693455.541,1768579199999,49804397.57161,72711,338822.975,24341419.71084
1768579200000,71.93,72.33,71.65,71.80,235108.406,1768582799999,16921273.76056,33553,91672.395,6598388.77781
1768582800000,71.79,72.55,71.58,72.51,157560.929,1768586399999,11359122.38086,29030,79228.492,5708399.50967
1768586400000,72.51,74.29,72.47,74.19,415389.134,1768589999999,30492620.18662,60831,220866.817,16213482.41348
1768590000000,74.19,74.78,73.84,74.22,293302.353,1768593599999,21759987.69396,48827,139505.058,10351512.53798
1768593600000,74.22,74.77,73.55,74.57,211397.547,1768597199999,15695946.15651,32647,108965.661,8091678.07991
1768597200000,74.57,75.12,74.48,75.03,135091.367,1768600799999,10101242.80433,26856,76528.614,5723900.89730
1768600800000,75.03,75.56,74.54,75.49,156077.035,1768604399999,11708059.45593,31286,77901.795,5846011.57395
1768604400000,75.48,76.04,75.08,75.17,216335.209,1768607999999,16343222.83337,38531,118631.366,8964816.69598
1768608000000,75.17,75.65,74.74,75.37,143260.365,1768611599999,10763251.83068,27369,75423.477,5667343.79589
1768611600000,75.37,75.94,74.58,74.76,133286.021,1768615199999,10025818.54942,28225,48342.752,3641634.23689
1768615200000,74.76,74.78,74.31,74.42,88375.692,1768618799999,6578499.35213,16021,27719.861,2063753.69943
1768618800000,74.42,74.50,74.11,74.30,51842.347,1768622399999,3852506.63488,11907,23001.490,1709520.50493
1768622400000,74.31,74.48,73.81,74.47,120894.380,1768625999999,8959066.53977,17212,60120.686,4458759.99493
1768626000000,74.47,74.84,74.45,74.64,49809.180,1768629599999,3717150.53902,12482,27757.709,2071520.38612
1768629600000,74.64,74.96,74.37,74.45,64278.022,1768633199999,4799380.50793,14879,34592.903,2583362.87198
1768633200000,74.45,74.80,74.33,74.71,59532.110,1768636799999,4439259.92209,23669,32744.478,2442480.39758
1768636800000,74.71,75.09,74.67,75.08,80850.754,1768640399999,6055957.00968,28562,41739.780,3126519.40542
1768640400000,75.08,75.20,74.76,74.82,66252.729,1768643999999,4966167.03079,12971,28457.611,2133426.78104
1768644000000,74.82,75.01,74.71,74.91,52511.249,1768647599999,3932651.76611,10722,25769.690,1930380.18833
1768647600000,74.90,74.91,74.44,74.48,74998.178,1768651199999,5598513.11796,16613,28924.259,2159738.43459
1768651200000,74.48,74.64,74.05,74.12,99927.041,1768654799999,7427522.45553,16833,37802.400,2810286.80604
1768654800000,74.12,74.48,73.89,74.43,128098.435,1768658399999,9505897.22966,17863,57998.286,4304217.01909
1768658400000,74.43,75.02,74.28,74.95,102280.733,1768661999999,7639946.35124,16729,49992.365,3734171.09722
1768662000000,74.95,75.03,74.63,74.86,96278.768,1768665599999,7202108.02722,17712,44765.633,3348831.58851
1768665600000,74.86,74.91,74.31,74.60,77989.691,1768669199999,5815820.80445,16158,37259.424,2778584.56676
1768669200000,74.59,74.73,74.37,74.63,44365.281,1768672799999,3308455.20434,11430,20640.375,1539557.53048
1768672800000,74.62,74.98,74.49,74.86,43636.894,1768676399999,3264337.22919,11646,21716.622,1624629.36818
1768676400000,74.85,75.13,74.74,75.10,55307.284,1768679999999,4145882.50207,15314,26516.487,1987995.00190
1768680000000,75.10,75.31,74.96,75.03,42648.657,1768683599999,3202801.60852,10094,22088.744,1659245.28538
1768683600000,75.03,75.04,74.75,74.98,46725.149,1768687199999,3497945.70735,10117,19077.589,1428228.84791
1768687200000,74.98,75.14,74.51,74.71,55062.435,1768690799999,4120519.76474,11676,22519.265,1685208.46487
1768690800000,74.71,74.88,74.66,74.88,48411.172,1768694399999,3619626.98246,25219,24478.523,1830178.24633
1768694400000,74.88,75.15,74.65,75.02,81230.602,1768697999999,6084837.61624,15646,39677.260,2972430.39144
1768698000000,75.03,75.17,74.20,74.45,113927.949,1768701599999,8498973.81393,19356,54774.014,4085300.40525
1768701600000,74.45,74.72,74.32,74.57,40983.268,1768705199999,3054423.54945,11115,16650.929,1241009.61192
1768705200000,74.57,74.99,74.47,74.91,47900.001,1768708799999,3582874.92400,11392,24228.201,1812259.07679
1768708800000,74.92,74.93,74.30,74.56,58253.539,1768712399999,4341340.87596,11728,28584.485,2130024.42744
1768712400000,74.57,75.10,74.51,74.99,50662.722,1768715999999,3793087.65106,10547,26341.152,1971976.88119
1768716000000,74.98,75.15,74.73,74.85,48685.474,1768719599999,3648657.34708,11228,23237.041,1741426.97084
1768719600000,74.85,75.00,74.57,74.91,34184.031,1768723199999,2556903.72356,11125,19400.770,1451138.46742
1768723200000,74.91,75.63,74.70,75.37,148293.516,1768726799999,11154893.25725,22479,84722.127,6374272.32292
1768726800000,75.37,75.68,75.28,75.67,61746.758,1768730399999,4659821.07825,16249,32624.553,2462269.25107
1768730400000,75.67,75.73,75.09,75.60,59315.383,1768733999999,4470210.58080,14621,26621.351,2006760.05949
1768734000000,75.60,75.78,75.35,75.45,81245.812,1768737599999,6140125.40415,16147,41900.856,3167112.04917
1768737600000,75.45,75.85,75.00,75.10,96632.569,1768741199999,7293259.31423,18990,45829.930,3461033.42679
1768741200000,75.09,75.15,74.62,74.80,118402.797,1768744799999,8862613.40017,30578,53897.158,4034657.81406
1768744800000,74.80,75.11,74.41,74.52,118564.949,1768748399999,8865733.95335,18891,56879.585,4254508.68900
1768748400000,74.52,74.86,74.30,74.83,83235.975,1768751999999,6216240.65205,13487,38688.237,2889866.57319
1768752000000,74.83,74.96,74.65,74.90,55463.588,1768755599999,4150815.40950,11554,25554.580,1912788.00049
1768755600000,74.90,75.20,74.57,75.14,77509.155,1768759199999,5803513.11973,24349,38452.473,2879541.64772
1768759200000,75.15,75.51,74.92,75.26,93422.722,1768762799999,7028896.96751,15048,38399.585,2889088.85100
1768762800000,75.26,75.40,75.00,75.06,40443.360,1768766399999,3041315.28636,10054,18893.540,1421013.84512
1768766400000,75.05,75.38,74.94,75.11,42947.080,1768769999999,3225872.34809,9302,19784.230,1485975.99198
1768770000000,75.11,75.19,74.95,75.06,28089.565,1768773599999,2108727.80516,7523,15118.303,1134887.83720
1768773600000,75.06,75.22,74.92,75.20,24753.348,1768777199999,1858530.30913,6919,11522.639,865280.27946
1768777200000,75.19,75.19,72.00,72.23,541665.634,1768780799999,39629952.19318,72925,220163.807,16094595.08717
1768780800000,72.23,72.26,65.27,69.37,1492184.495,1768784399999,103070327.13329,205675,637159.195,44022400.60138
1768784400000,69.37,69.94,69.24,69.52,200507.642,1768787999999,13947431.73020,40823,86173.495,5995066.92858
1768788000000,69.53,69.97,69.40,69.75,125720.751,1768791599999,8759363.98439,23326,58823.879,4098678.33925
1768791600000,69.75,70.32,69.70,70.18,164357.081,1768795199999,11509983.62249,24234,100988.406,7073387.48748
1768795200000,70.18,70.26,69.78,69.88,104993.214,1768798799999,7349960.12532,17362,49603.551,3472531.99852
1768798800000,69.88,70.24,69.74,70.19,153183.873,1768802399999,10721789.36841,19051,83411.756,5839721.90354
1768802400000,70.19,70.29,69.83,70.06,114241.859,1768805999999,8005629.36913,16409,57201.670,4008673.87911
1768806000000,70.07,70.59,69.92,70.54,66802.264,1768809599999,4690193.61535,12321,34712.750,2437640.94844
1768809600000,70.53,71.22,70.11,70.29,272871.954,1768813199999,19280252.91334,34488,106389.430,7518647.56104
1768813200000,70.29,70.34,69.87,70.09,97365.803,1768816799999,6824207.16403,16915,47126.440,3303306.22937
1768816800000,70.10,70.14,69.86,70.00,103252.078,1768820399999,7226397.01143,14852,57768.472,4043587.81891
1768820400000,70.01,70.46,69.91,70.17,52164.836,1768823999999,3660951.78276,12580,28601.246,2007346.29716
1768824000000,70.17,70.51,69.97,70.14,61389.974,1768827599999,4312904.60227,15598,30591.422,2149677.36366
1768827600000,70.14,70.16,69.59,70.00,151331.037,1768831199999,10575550.87946,21267,74633.100,5215947.22004
1768831200000,69.99,70.82,69.90,70.48,132174.667,1768834799999,9311938.44326,21623,66456.168,4680968.70038
1768834800000,70.48,71.07,70.48,70.63,189851.076,1768838399999,13448142.25367,27920,80676.585,5715140.00041
1768838400000,70.64,71.02,70.26,70.88,104451.507,1768841999999,7368410.02811,21838,54356.029,3835156.62695
1768842000000,70.87,71.48,70.75,71.08,98652.834,1768845599999,7011499.94093,21459,52221.982,3711597.82715
1768845600000,71.08,71.52,70.86,71.30,71695.948,1768849199999,5101108.92160,16351,37026.735,2634901.68260
1768849200000,71.30,71.70,71.25,71.54,57893.208,1768852799999,4139144.56370,13115,32197.705,2302159.51403
1768852800000,71.54,71.68,71.32,71.33,45755.047,1768856399999,3270479.32009,12332,21773.299,1556755.79828
1768856400000,71.33,71.47,71.10,71.14,47673.467,1768859999999,3397339.75810,11566,18438.607,1314183.19686
1768860000000,71.14,71.41,70.69,70.71,72202.482,1768863599999,5132706.88732,14787,33979.631,2416819.05124
1768863600000,70.70,70.95,70.09,70.75,228897.641,1768867199999,16136807.11319,32753,87948.312,6204025.54920
1768867200000,70.76,70.98,70.66,70.75,75534.952,1768870799999,5350998.32252,16127,41783.302,2960342.31029
1768870800000,70.76,71.03,70.47,70.50,84593.435,1768874399999,5981973.78595,17898,38607.027,2730418.83081
1768874400000,70.51,70.56,70.25,70.32,61972.725,1768877999999,4362438.05321,13139,31227.056,2198308.76513
1768878000000,70.32,70.37,69.99,70.20,71455.754,1768881599999,5014755.68652,13995,34675.316,2433538.98772
1768881600000,70.19,70.45,70.01,70.18,77577.242,1768885199999,5449535.29728,20780,47631.089,3346810.61224
1768885200000,70.17,70.73,69.89,70.50,108465.744,1768888799999,7623293.76712,23464,55855.113,3927667.99293
1768888800000,70.50,70.62,69.60,70.09,170567.600,1768892399999,11959186.69530,27085,80605.882,5656343.59731
1768892400000,70.09,70.44,69.37,69.48,156383.131,1768895999999,10930462.58638,23795,68602.908,4799885.45989
1768896000000,69.48,69.62,68.91,69.41,220954.119,1768899599999,15301404.79328,32050,109028.660,7552397.18624
1768899600000,69.40,69.59,69.25,69.53,82776.085,1768903199999,5746177.38667,14811,45108.023,3131537.15033
1768903200000,69.52,69.89,69.36,69.42,81237.101,1768906799999,5654998.45297,13827,38062.128,2650124.49413
1768906800000,69.42,69.71,69.36,69.41,61160.167,1768910399999,4253945.14202,20440,30468.317,2119330.74345
1768910400000,69.41,69.77,69.24,69.53,92439.028,1768913999999,6422887.28552,17521,54797.851,3808127.15470
1768914000000,69.53,69.53,68.84,68.95,146140.118,1768917599999,10110826.43867,19933,51860.185,3590315.56271
1768917600000,68.96,70.00,68.93,69.41,244343.687,1768921199999,16988065.37554,34518,109705.805,7628046.09490
1768921200000,69.40,69.48,68.30,68.65,359877.574,1768924799999,24774084.89750,46409,149172.661,10271127.03168
1768924800000,68.64,69.11,68.01,68.31,180045.413,1768928399999,12349787.44498,29707,89468.029,6141593.38793
1768928400000,68.31,68.84,67.71,68.06,156772.071,1768931999999,10695661.38420,29620,66787.511,4558998.02096
1768932000000,68.06,68.29,67.29,67.65,260339.412,1768935599999,17600541.33905,32102,110948.603,7501368.86300
1768935600000,67.66,67.97,67.36,67.52,69628.297,1768939199999,4709155.69761,15481,26107.921,1765384.98054
1768939200000,67.52,67.78,67.16,67.22,134151.118,1768942799999,9051232.50826,20610,52875.023,3568044.28084
1768942800000,67.22,67.41,66.88,67.13,82464.054,1768946399999,5535710.07292,16013,38553.810,2588690.01224
1768946400000,67.13,67.43,65.64,67.01,250058.015,1768949999999,16655334.86953,33683,103108.994,6870720.85446
1768950000000,67.02,67.24,66.75,67.07,100086.718,1768953599999,6706670.78487,21813,44822.582,3004400.42541
1768953600000,67.08,68.28,67.05,68.19,155826.148,1768957199999,10525508.84455,25091,84771.918,5730423.33272
1768957200000,68.19,68.47,68.06,68.37,98551.158,1768960799999,6727606.18962,19265,44743.306,3055055.45113
1768960800000,68.38,68.88,68.36,68.75,88709.332,1768964399999,6092472.01087,18964,53546.025,3677318.94806
1768964400000,68.76,68.98,68.69,68.81,50049.384,1768967999999,3444940.71805,12672,22756.221,1566494.71850
1768968000000,68.81,68.98,68.73,68.84,40819.829,1768971599999,2810494.42673,10046,18118.320,1247559.09334
1768971600000,68.84,69.35,68.82,69.15,93565.796,1768975199999,6466326.14962,12913,35252.584,2434795.99318
1768975200000,69.16,69.17,68.86,68.93,60036.945,1768978799999,4143315.81747,11174,27586.838,1904041.58893
1768978800000,68.93,69.21,68.77,68.90,74037.735,1768982399999,5103118.25690,13267,41423.716,2855015.84278
1768982400000,68.91,68.91,68.30,68.42,93869.457,1768985999999,6438945.22897,14870,36798.431,2524455.87493
1768986000000,68.42,68.57,67.94,68.54,123476.565,1768989599999,8429737.81874,19835,59096.407,4034110.65828
1768989600000,68.54,68.85,68.44,68.58,57782.459,1768993199999,3968826.36551,13054,30825.872,2117259.76809
1768993200000,68.58,68.60,67.94,68.00,62624.346,1768996799999,4278203.23797,12523,27386.336,1871365.88941
1768996800000,68.00,68.07,67.20,67.88,127481.823,1769000399999,8621313.38411,23440,54491.514,3687056.34347
1769000400000,67.87,68.04,67.38,67.55,74849.480,1769003999999,5073445.32593,15421,30916.095,2096069.07435
1769004000000,67.55,68.95,67.49,68.64,207742.929,1769007599999,14225606.31675,33238,110206.719,7546389.08945
1769007600000,68.63,69.26,68.53,69.08,179355.520,1769011199999,12351504.65471,24930,96547.907,6648688.03036
1769011200000,69.08,69.11,66.51,66.59,301508.687,1769014799999,20438384.87041,41289,130266.581,8842397.92156
1769014800000,66.59,67.06,66.00,66.57,295219.402,1769018399999,19632587.43446,47269,156414.211,10404299.49938
1769018400000,66.57,67.65,66.52,67.32,158718.110,1769021999999,10648713.98943,24497,70029.934,4698660.93327
1769022000000,67.32,69.25,67.15,69.17,245627.751,1769025599999,16833382.08957,40401,119407.065,8188631.99685
1769025600000,69.16,69.27,68.39,68.90,127547.370,1769029199999,8779476.93809,21341,66030.636,4545847.47700
1769029200000,68.91,69.44,68.71,69.21,112167.425,1769032799999,7751536.99687,17271,67525.740,4666426.84883
1769032800000,69.21,69.69,68.85,68.94,91819.514,1769036399999,6355699.00963,14041,52071.821,3606050.59584
1769036400000,68.95,69.23,68.21,68.43,98645.082,1769039999999,6777691.84048,15609,44806.993,3079600.98785
1769040000000,68.43,69.30,68.41,69.16,110175.698,1769043599999,7593533.78449,16976,62822.934,4329499.38453
1769043600000,69.17,69.52,69.09,69.43,56747.699,1769047199999,3934587.77190,16063,31129.173,2158465.05728
1769047200000,69.44,69.62,68.91,68.99,70678.855,1769050799999,4895007.85817,19530,29634.665,2053057.40282
1769050800000,68.99,69.23,68.60,68.61,54315.694,1769054399999,3740578.32680,16165,21571.111,1485207.81785
1769054400000,68.61,68.94,68.50,68.73,58401.659,1769057999999,4011251.20595,11376,34152.844,2345812.91145
1769058000000,68.73,68.76,68.45,68.60,37504.010,1769061599999,2573119.90985,11575,19861.287,1362705.26903
1769061600000,68.61,68.70,68.29,68.60,54228.904,1769065199999,3714532.93778,11785,33349.975,2285129.74410
1769065200000,68.60,68.65,67.95,68.37,66435.221,1769068799999,4539170.59337,12690,29839.964,2039867.92903
1769068800000,68.37,68.71,68.18,68.69,64421.613,1769072399999,4409791.29327,13606,33832.051,2316870.40171
1769072400000,68.69,68.99,68.56,68.87,45885.319,1769075999999,3158685.28841,11169,30556.381,2103501.77012
1769076000000,68.88,68.91,68.58,68.65,46997.808,1769079599999,3231889.11123,16085,20059.854,1379901.33406
1769079600000,68.65,68.72,68.33,68.37,55830.003,1769083199999,3824415.12508,15167,26816.772,1837186.45190
1769083200000,68.37,68.46,68.28,68.32,37707.866,1769086799999,2578156.35036,10664,18624.460,1273518.04399
1769086800000,68.32,68.75,68.27,68.47,87260.630,1769090399999,5972605.21866,19654,40236.579,2754901.33814
1769090400000,68.47,68.71,67.66,67.71,154758.505,1769093999999,10545111.83860,25474,67341.116,4590038.94204
1769094000000,67.71,68.17,67.01,67.98,156082.537,1769097599999,10553595.82340,29610,68258.641,4619554.94888
1769097600000,67.99,68.33,67.75,68.19,75481.603,1769101199999,5136649.53627,17329,37715.371,2567312.95126
1769101200000,68.20,68.34,67.72,68.29,54451.754,1769104799999,3706430.49517,14495,28545.995,1943426.45040
1769104800000,68.29,68.50,67.90,67.93,62902.045,1769108399999,4292325.51784,13582,34247.268,2337572.51014
1769108400000,67.94,68.38,67.79,68.28,36550.559,1769111999999,2489706.31257,10668,17759.138,1209784.18523
1769112000000,68.28,68.42,67.82,68.04,33109.153,1769115599999,2254658.93219,9741,15360.112,1045951.48525
1769115600000,68.05,68.33,67.79,67.95,45739.830,1769119199999,3113456.48980,11282,18467.189,1257416.64881
1769119200000,67.96,68.10,67.74,67.98,44116.423,1769122799999,2995657.34739,16868,21460.181,1457343.19728
1769122800000,67.98,68.19,67.66,68.15,30488.441,1769126399999,2071303.44294,9303,14951.908,1016217.55639
1769126400000,68.16,68.75,68.07,68.59,59691.717,1769129999999,4083749.54169,15640,33299.602,2278225.20488
1769130000000,68.60,69.44,68.57,69.42,69660.901,1769133599999,4810420.16872,16565,33036.634,2280587.35431
1769133600000,69.43,69.55,68.86,68.99,68756.852,1769137199999,4757501.38626,15699,26647.567,1843536.47382
1769137200000,68.99,69.69,68.97,69.30,80162.117,1769140799999,5558637.55949,21046,48754.819,3382232.94821
1769140800000,69.30,69.46,69.13,69.32,48263.151,1769144399999,3344109.93056,22094,25523.474,1768495.42151
1769144400000,69.32,69.32,68.82,68.98,68318.279,1769147999999,4715254.58736,11612,23207.618,1601568.02013
1769148000000,68.99,69.13,68.66,68.71,50825.900,1769151599999,3501811.04667,11422,19336.933,1332715.57970
1769151600000,68.72,68.83,68.54,68.78,32691.309,1769155199999,2245767.16272,9142,14993.205,1030177.57089
1769155200000,68.78,68.84,68.14,68.24,70830.049,1769158799999,4851785.42544,17775,31780.824,2177805.51815
1769158800000,68.24,68.42,68.06,68.24,42635.102,1769162399999,2910589.18967,12733,21193.798,1446911.33543
1769162400000,68.24,68.56,68.14,68.22,69469.084,1769165999999,4748355.31356,12383,46536.668,3181228.32867
1769166000000,68.22,68.55,68.19,68.48,44005.977,1769169599999,3010430.59977,9895,24909.170,1704168.99287
1769169600000,68.49,68.56,68.24,68.34,22919.621,1769173199999,1567667.65674,7555,11189.811,765328.80539
1769173200000,68.34,68.38,67.87,67.96,47938.024,1769176799999,3264480.00765,9951,19125.947,1302970.13691
1769176800000,67.96,68.03,66.91,67.35,205510.951,1769180399999,13885856.04961,32894,71178.096,4807524.81424
1769180400000,67.36,68.23,67.02,68.20,127705.275,1769183999999,8642939.79070,24893,59774.366,4046831.87412
1769184000000,68.19,68.63,67.73,68.23,124081.202,1769187599999,8465161.73344,21887,55521.192,3790016.12784
1769187600000,68.22,69.16,67.90,68.56,115424.693,1769191199999,7923306.81023,21547,61964.809,4253960.68560
1769191200000,68.57,68.96,68.42,68.65,70990.686,1769194799999,4878422.27583,14818,38442.713,2642087.96512
1769194800000,68.65,68.65,67.73,67.90,130723.964,1769198399999,8897517.48965,20400,59108.410,4023849.28815
1769198400000,67.90,68.03,66.97,67.38,95372.480,1769201999999,6427492.89506,20173,33983.208,2291261.87805
1769202000000,67.38,67.75,67.34,67.44,39303.442,1769205599999,2656494.94678,9117,18235.821,1232482.84944
1769205600000,67.44,68.05,67.41,68.00,37287.463,1769209199999,2526863.87936,8525,20675.025,1400778.23635
1769209200000,67.99,68.10,67.80,68.02,33552.321,1769212799999,2280668.47696,18427,17340.885,1178863.24943
1769212800000,68.01,68.22,67.87,67.87,28694.797,1769216399999,1953590.88372,8847,12399.946,844352.44340
1769216400000,67.87,68.07,67.84,68.07,23679.448,1769219999999,1608781.20857,7448,11748.863,798290.13550
1769220000000,68.07,68.24,68.05,68.20,20182.469,1769223599999,1375323.91662,8075,10119.122,689577.75270
1769223600000,68.20,68.66,68.11,68.57,43152.815,1769227199999,2954205.16203,13085,27452.109,1879328.58110
1769227200000,68.58,68.81,68.52,68.59,41478.530,1769230799999,2847572.34888,9767,19259.266,1322218.98888
1769230800000,68.60,68.66,68.42,68.63,35330.655,1769234399999,2420985.53319,7719,15559.831,1066280.58600
1769234400000,68.64,68.78,68.57,68.74,16725.472,1769237999999,1148508.01796,5498,8120.558,557746.75420
1769238000000,68.74,68.84,68.47,68.48,33048.751,1769241599999,2269376.14737,7426,12087.002,830169.32462
1769241600000,68.48,68.76,68.44,68.62,28049.282,1769245199999,1922905.07300,10717,15116.365,1036432.28015
1769245200000,68.62,68.62,68.42,68.51,26061.747,1769248799999,1785456.13949,9727,10634.670,728639.47279
1769248800000,68.50,68.53,68.32,68.38,26140.093,1769252399999,1788214.52532,6949,11413.951,780814.76890
1769252400000,68.39,68.61,68.36,68.47,18140.728,1769255999999,1242210.18335,5455,11367.254,778379.18262
1769256000000,68.48,68.75,68.42,68.59,23597.723,1769259599999,1618316.70922,8110,12604.850,864463.47876
1769259600000,68.59,68.89,68.57,68.62,37891.533,1769263199999,2604404.77379,20667,20923.259,1438358.22151
1769263200000,68.62,68.84,68.46,68.83,45106.786,1769266799999,3096827.87400,9302,23343.525,1603019.22400
1769266800000,68.84,68.94,68.21,68.27,69221.100,1769270399999,4742334.48594,11458,33209.414,2275602.82386
1769270400000,68.27,68.29,67.69,67.78,79907.593,1769273999999,5425913.63656,16293,35692.484,2423276.97824
1769274000000,67.79,68.17,67.72,68.05,37940.931,1769277599999,2577099.20548,9226,23281.925,1581570.00452
1769277600000,68.06,68.16,67.91,68.03,29060.658,1769281199999,1976840.20077,11723,12038.229,818972.11835
1769281200000,68.04,68.07,67.75,67.79,38710.834,1769284799999,2629195.04034,23958,18577.886,1261921.70277
1769284800000,67.80,68.11,67.79,68.01,18263.592,1769288399999,1241253.54782,10235,10344.655,703152.51755
1769288400000,68.01,68.11,67.84,67.98,19174.409,1769291999999,1303253.72806,6049,9728.314,661294.63651
1769292000000,67.99,68.15,67.92,68.14,17923.646,1769295599999,1219350.33731,4544,8273.542,562835.73567
1769295600000,68.14,68.24,68.04,68.15,21479.029,1769299199999,1463838.72521,5240,10660.455,726601.15726
1769299200000,68.14,68.50,68.14,68.46,46262.925,1769302799999,3161844.81804,8623,23343.402,1595075.21344
1769302800000,68.47,68.58,68.13,68.16,37452.737,1769306399999,2558160.79054,7605,19363.954,1322455.17793
1769306400000,68.16,68.42,68.13,68.22,19071.450,1769309999999,1302332.35035,6816,10459.673,714352.54223
1769310000000,68.23,68.31,67.78,68.09,43376.460,1769313599999,2950053.38750,10423,23632.277,1607204.97688
1769313600000,68.09,68.48,68.01,68.43,34164.384,1769317199999,2332957.21755,8604,22555.327,1540268.94106
1769317200000,68.43,68.78,68.34,68.67,34197.268,1769320799999,2342168.97865,8645,16902.824,1158089.20173
1769320800000,68.67,68.67,68.34,68.40,39196.721,1769324399999,2684222.89126,8525,15840.428,1084848.55064
1769324400000,68.40,68.68,68.23,68.62,46208.004,1769327999999,3164719.82381,10237,18373.609,1258334.12183
1769328000000,68.61,68.91,68.25,68.60,91926.490,1769331599999,6303919.96443,15753,39542.787,2713276.66796
1769331600000,68.60,69.27,68.47,69.10,91759.972,1769335199999,6329140.72981,13106,51173.700,3529848.02545
1769335200000,69.10,70.32,69.03,69.66,209785.114,1769338799999,14626172.55249,30855,113750.569,7928974.22131
1769338800000,69.65,70.08,69.35,69.96,115071.460,1769342399999,8023756.52216,16624,59435.901,4146993.84387
1769342400000,69.96,70.08,69.28,69.66,102027.214,1769345999999,7102696.84565,18337,42879.269,2984857.72520
1769346000000,69.66,70.23,69.53,70.17,87757.857,1769349599999,6134132.13611,17715,45074.332,3151594.46911
1769349600000,70.18,70.27,68.61,68.69,242652.139,1769353199999,16793860.94135,33901,113478.698,7853128.81934
1769353200000,68.69,69.50,68.61,69.46,83310.116,1769356799999,5760479.20957,16469,41588.762,2875469.73278
1769356800000,69.46,69.47,67.97,68.02,300715.030,1769360399999,20612149.08768,46431,134388.877,9213693.62009
1769360400000,68.03,68.17,67.30,67.59,136992.681,1769363999999,9270622.92139,24852,66115.239,4474775.41915
1769364000000,67.60,67.79,66.67,67.21,184205.862,1769367599999,12363299.35583,33680,84224.458,5654294.42382
1769367600000,67.21,67.33,65.59,65.97,295093.590,1769371199999,19539887.37556,39693,114744.558,7604908.58111
1769371200000,65.97,66.45,65.16,65.93,206737.544,1769374799999,13589310.15788,32803,109396.643,7193118.55408
1769374800000,65.93,66.70,65.92,66.67,126212.822,1769378399999,8382352.06425,20776,57546.565,3821594.96435
1769378400000,66.68,66.88,66.08,66.60,104208.297,1769381999999,6928252.81326,18468,50912.671,3384113.78480
1769382000000,66.60,67.35,66.26,67.27,89042.761,1769385599999,5968220.07812,20074,47059.708,3154354.37241
1769385600000,67.26,67.64,66.94,67.57,105489.483,1769389199999,7103442.13309,23439,52756.424,3552396.67705
1769389200000,67.57,68.15,67.42,67.95,109044.292,1769392799999,7406785.20010,22140,49313.953,3349287.51076
1769392800000,67.95,68.01,67.63,67.66,56283.609,1769396399999,3816293.41892,17284,21190.318,1436930.58205
1769396400000,67.66,67.89,67.19,67.37,61815.874,1769399999999,4172039.43610,14461,27803.638,1876984.00706
1769400000000,67.37,68.09,67.37,67.79,49705.366,1769403599999,3367035.87492,11722,24754.968,1676775.04139
1769403600000,67.79,67.80,67.51,67.68,31149.819,1769407199999,2106722.42263,8084,12224.714,826875.37635
1769407200000,67.68,68.00,67.53,67.91,38233.968,1769410799999,2589861.20956,9108,20436.357,1384566.07838
1769410800000,67.91,68.46,67.77,68.35,78824.515,1769414399999,5375059.52772,12940,40996.042,2795627.93480
1769414400000,68.36,68.79,68.11,68.23,108954.223,1769417999999,7453999.12100,20459,46209.220,3161454.59477
1769418000000,68.23,68.27,67.80,67.92,56741.727,1769421599999,3862270.03020,14402,25475.019,1734317.29344
1769421600000,67.92,68.35,67.90,68.32,38515.169,1769425199999,2625622.28602,8400,22077.039,1504939.15153
1769425200000,68.31,68.34,68.19,68.21,20760.237,1769428799999,1416877.77141,5878,8608.430,587538.50551
1769428800000,68.21,68.54,68.21,68.31,40504.067,1769432399999,2769202.39090,9011,14796.719,1011736.23339
1769432400000,68.31,68.47,68.20,68.39,53027.258,1769435999999,3623322.02732,10054,28788.948,1967361.34953
1769436000000,68.39,69.99,68.20,69.23,307674.568,1769439599999,21247419.91233,44724,181058.472,12501820.02931
1769439600000,69.22,69.77,68.64,69.01,198316.593,1769443199999,13721312.28801,31670,97234.129,6729159.01364
1769443200000,69.01,69.58,68.74,69.37,95407.614,1769446799999,6599163.64362,19258,54879.570,3797428.63481
1769446800000,69.38,69.63,68.60,69.13,111081.434,1769450399999,7668034.62329,17248,55160.844,3809796.06213
1769450400000,69.13,69.89,68.99,69.67,83653.776,1769453999999,5816129.82737,16151,39807.430,2767301.69430
1769454000000,69.68,69.72,68.96,69.08,85089.742,1769457599999,5896061.31357,12236,36023.064,2495570.27333
1769457600000,69.09,69.20,68.76,68.85,57077.456,1769461199999,3938048.41439,11239,28812.193,1988233.59231
1769461200000,68.85,69.67,68.83,69.42,57548.055,1769464799999,3985549.14445,19749,29087.274,2014851.40005
1769464800000,69.42,69.74,69.23,69.55,50176.912,1769468399999,3487852.00007,10813,26570.302,1847879.55211
1769468400000,69.56,70.05,69.40,69.68,77006.966,1769471999999,5377210.26643,13118,37506.035,2618200.68538
1769472000000,69.68,69.98,69.46,69.92,56108.834,1769475599999,3909552.60018,10356,29048.900,2024636.57863
1769475600000,69.92,70.09,69.63,69.85,73457.937,1769479199999,5132329.83849,13161,36482.398,2548670.18090
1769479200000,69.85,70.05,69.56,69.71,61206.161,1769482799999,4268265.29279,11641,24193.624,1687256.08504
1769482800000,69.70,69.88,69.48,69.54,36715.909,1769486399999,2556536.78170,8462,17434.550,1214214.40578
1769486400000,69.54,69.85,69.41,69.52,53486.286,1769489999999,3723161.87557,9041,27754.415,1932230.27754
1769490000000,69.52,69.70,69.28,69.60,35325.267,1769493599999,2455064.82038,7329,14329.292,996020.24611
1769493600000,69.60,69.63,69.15,69.19,32252.731,1769497199999,2236052.84737,7500,13632.676,945366.07067
1769497200000,69.19,69.27,69.03,69.08,43451.302,1769500799999,3004731.62300,7675,22863.165,1581285.82885
1769500800000,69.08,69.43,69.04,69.36,47204.122,1769504399999,3267826.25310,9153,24701.000,1709955.61114
1769504400000,69.36,69.43,69.04,69.22,41150.841,1769507999999,2848939.86672,9062,19895.977,1377443.79431
1769508000000,69.21,69.29,68.93,69.28,56557.092,1769511599999,3909016.81867,9430,21007.145,1451998.96798
1769511600000,69.28,69.48,68.97,69.01,151745.710,1769515199999,10509354.54085,16340,67174.638,4652054.20119
1769515200000,69.01,69.08,68.71,68.79,47079.791,1769518799999,3243040.66464,8897,23737.711,1635391.51501
1769518800000,68.79,68.91,68.58,68.90,46835.041,1769522399999,3219496.80361,8866,23638.313,1625091.14698
1769522400000,68.90,69.74,68.86,69.14,129902.159,1769525999999,9009482.15920,20606,67016.102,4647734.74866
1769526000000,69.15,69.95,69.05,69.89,94520.629,1769529599999,6572888.60871,17036,45354.579,3153754.03845
1769529600000,69.90,70.19,69.60,70.10,186197.459,1769533199999,13029505.71547,23482,83286.601,5830916.64263
1769533200000,70.10,70.14,69.05,69.28,132332.519,1769536799999,9212332.25968,22460,54328.074,3782566.01648
1769536800000,69.29,69.81,69.11,69.61,94207.754,1769540399999,6531798.12401,16785,41110.789,2851174.60447
1769540400000,69.62,69.72,69.30,69.63,58564.545,1769543999999,4070965.73988,11653,26812.862,1863641.63729
1769544000000,69.63,70.19,69.62,70.03,83528.106,1769547599999,5845623.23397,16401,41750.107,2921342.58035
1769547600000,70.03,70.14,69.79,70.03,62744.998,1769551199999,4392028.50027,11092,29363.073,2055623.77365
1769551200000,70.04,70.25,69.89,70.18,68877.783,1769554799999,4828367.44626,10184,37175.327,2606145.89658
1769554800000,70.18,70.45,69.92,70.00,70402.514,1769558399999,4941256.02759,12117,32792.782,2302020.58667
1769558400000,69.99,70.27,69.69,70.03,61190.253,1769561999999,4277928.19734,12057,31844.436,2226872.99329
1769562000000,70.04,70.10,69.59,69.83,54745.880,1769565599999,3822537.13784,11688,26449.921,1847315.33239
1769565600000,69.82,69.90,69.62,69.80,36178.593,1769569199999,2523912.24944,9470,16054.432,1120051.79388
1769569200000,69.80,69.88,69.43,69.51,70416.245,1769572799999,4903776.53810,13193,34529.992,2405476.36047
1769572800000,69.51,69.61,69.25,69.29,46055.299,1769576399999,3196673.28875,10066,21854.925,1517015.48537
1769576400000,69.29,69.65,69.15,69.61,64013.247,1769579999999,4443107.79655,9655,30760.329,2135192.77504
1769580000000,69.62,69.98,69.62,69.89,50115.913,1769583599999,3497227.56009,8503,30870.048,2154055.77443
1769583600000,69.89,69.95,69.47,69.59,33846.930,1769587199999,2358610.83620,7832,15006.251,1045776.92586
1769587200000,69.59,69.66,69.29,69.33,52353.645,1769590799999,3637203.55847,9391,28474.948,1978372.11246
1769590800000,69.34,69.82,69.24,69.77,50615.025,1769594399999,3520800.95506,9318,32269.583,2244731.58738
1769594400000,69.77,69.92,69.52,69.53,54004.961,1769597999999,3763888.84236,10364,29994.473,2090491.52370
1769598000000,69.54,69.98,69.36,69.91,67470.942,1769601599999,4697896.92198,20223,35091.573,2442596.08049
1769601600000,69.91,70.01,69.52,69.69,67917.523,1769605199999,4739876.04425,12564,35994.777,2511988.16668
1769605200000,69.69,69.96,69.67,69.74,67958.938,1769608799999,4743561.91939,10759,36281.618,2532832.88049
1769608800000,69.73,69.73,68.69,68.96,195805.886,1769612399999,13532378.84207,25808,70694.267,4883952.63406
1769612400000,68.95,69.13,68.33,68.96,113880.821,1769615999999,7828725.77893,19017,44761.129,3078066.78951
1769616000000,68.95,69.40,68.68,69.11,103204.410,1769619599999,7128014.04915,15987,60061.689,4150274.59574
1769619600000,69.11,69.84,68.81,69.66,70086.531,1769623199999,4862135.67494,13336,36853.076,2557915.76004
1769623200000,69.65,69.66,69.15,69.40,62043.350,1769626799999,4304995.55569,12855,32333.873,2243855.97760
1769626800000,69.39,69.66,69.13,69.47,106762.601,1769630399999,7406928.21119,17629,45020.271,3124973.73746
1769630400000,69.48,69.88,69.14,69.20,58191.860,1769633999999,4043909.33973,11556,27417.171,1905722.83367
1769634000000,69.21,69.53,68.86,69.42,60857.679,1769637599999,4213708.78810,12927,28298.429,1959668.57403
1769637600000,69.43,69.65,69.15,69.62,39012.398,1769641199999,2706536.48988,7546,16900.213,1172543.06710
1769641200000,69.63,69.70,69.36,69.36,36901.900,1769644799999,2564917.83402,8354,17659.825,1227394.93469
1769644800000,69.37,69.52,68.97,69.16,41796.913,1769648399999,2892512.69827,10984,18850.051,1304590.43374
1769648400000,69.15,69.26,68.63,68.73,49926.862,1769651999999,3440768.35156,12021,22045.034,1519647.94647
1769652000000,68.74,68.97,68.04,68.25,130640.649,1769655599999,8938748.17565,21119,64025.280,4382985.75441
1769655600000,68.24,68.66,67.88,67.96,60848.892,1769659199999,4149827.84376,13393,29558.141,2016466.51657
1769659200000,67.97,68.10,67.66,68.02,54798.443,1769662799999,3720218.27186,11443,26316.741,1787238.22853
1769662800000,68.02,68.22,67.92,67.98,53949.451,1769666399999,3671481.08794,8404,21069.284,1434073.83130
1769666400000,67.99,68.30,67.96,68.25,29911.268,1769669999999,2038544.77112,6933,19304.106,1315770.34890
1769670000000,68.24,68.38,68.09,68.13,34737.508,1769673599999,2370094.49909,7133,13474.895,919466.27462
1769673600000,68.13,68.26,67.82,67.92,48113.870,1769677199999,3271106.14117,8917,21924.696,1490634.66031
1769677200000,67.93,68.09,67.86,67.90,28675.059,1769680799999,1949223.25355,7443,15244.556,1036258.08295
1769680800000,67.91,67.95,67.34,67.47,89897.828,1769684399999,6083309.48258,13049,36113.220,2443242.82671
1769684400000,67.47,67.58,67.31,67.46,51030.486,1769687999999,3442523.90371,8741,22001.145,1484387.01797
1769688000000,67.46,67.55,67.04,67.30,67089.016,1769691599999,4515914.29582,10994,28508.061,1919274.44262
1769691600000,67.30,67.49,67.25,67.48,25948.802,1769695199999,1749071.94865,7343,12100.581,815588.49963
1769695200000,67.49,67.60,66.36,66.44,116655.410,1769698799999,7816837.78891,20019,53886.135,3612831.87352
1769698800000,66.44,66.46,64.66,65.40,570248.679,1769702399999,37284145.53937,76251,269065.158,17605026.89703
1769702400000,65.40,66.10,65.01,66.05,190075.187,1769705999999,12452669.15558,27826,88052.753,5771985.84041
1769706000000,66.05,66.69,65.55,65.61,166406.427,1769709599999,11020349.35096,23793,81218.768,5381214.77371
1769709600000,65.62,65.85,64.37,64.47,217682.797,1769713199999,14146750.27196,29818,81683.415,5311796.35641
1769713200000,64.47,65.30,64.38,65.01,124270.902,1769716799999,8061284.90155,20056,62951.328,4083389.23561
1769716800000,65.02,65.84,64.91,65.72,72502.107,1769720399999,4738631.65303,14875,38374.622,2507980.86938
1769720400000,65.71,66.12,65.71,66.03,55997.531,1769723999999,3689202.89360,11078,23961.337,1578677.56392
1769724000000,66.03,66.21,65.88,66.06,29445.775,1769727599999,1945045.02868,7413,13476.838,890352.30822
1769727600000,66.05,66.20,65.71,66.19,35016.789,1769731199999,2308690.51468,10617,18663.343,1230895.89905
1769731200000,66.18,66.37,65.94,66.14,72008.149,1769734799999,4765898.22455,13154,30539.072,2020984.89118
1769734800000,66.14,66.44,62.50,64.78,598684.084,1769738399999,38544936.23481,68163,270898.104,17446004.83747
1769738400000,64.79,64.81,63.37,63.92,189932.348,1769741999999,12160458.49489,40179,81964.922,5249054.28899
1769742000000,63.92,64.34,63.78,63.96,65267.377,1769745599999,4181197.08989,18107,30728.857,1968372.41932
1769745600000,63.95,64.75,63.93,64.37,83685.525,1769749199999,5393989.98344,17265,35645.248,2296198.72126
1769749200000,64.37,64.65,64.25,64.46,100875.681,1769752799999,6504349.16491,15856,63528.852,4096581.72383
1769752800000,64.47,64.50,63.05,63.48,119537.469,1769756399999,7607126.71099,24281,63701.979,4053645.27124
1769756400000,63.48,64.49,63.46,64.25,75742.106,1769759999999,4857345.56151,17312,42828.209,2746033.25111
1769760000000,64.24,64.42,63.70,63.93,72535.877,1769763599999,4645278.25742,14799,38177.774,2443998.27578
1769763600000,63.94,64.22,63.74,64.05,53635.035,1769767199999,3432474.29293,13320,23707.989,1517113.42913
1769767200000,64.04,64.35,63.85,64.35,36743.389,1769770799999,2357189.63219,13087,18393.537,1180108.42264
1769770800000,64.35,65.16,64.25,64.94,57390.571,1769774399999,3708413.15387,14520,32142.846,2076733.95523
1769774400000,64.94,65.01,64.35,64.46,60419.600,1769777999999,3905649.10383,11884,26811.014,1733158.61660
1769778000000,64.47,64.58,63.88,64.15,113577.744,1769781599999,7297063.60105,18757,63194.446,4060656.77998
1769781600000,64.15,65.02,64.15,64.67,92066.870,1769785199999,5948926.36209,24115,47770.381,3087181.92502
1769785200000,64.68,65.21,64.10,64.78,127602.405,1769788799999,8268465.84317,31618,58642.133,3799143.68879
1769788800000,64.77,65.40,64.39,65.02,88144.143,1769792399999,5725402.36906,22434,44471.864,2888712.12077
1769792400000,65.03,65.60,64.70,65.23,114257.236,1769795999999,7455861.41590,22386,60558.218,3952853.87755
1769796000000,65.24,65.72,63.60,65.56,216017.551,1769799599999,13951199.34291,43099,93816.827,6061826.14349
1769799600000,65.56,65.96,65.46,65.69,106256.094,1769803199999,6982430.98118,26350,56742.639,3729632.10332
1769803200000,65.69,65.69,64.69,64.97,135246.620,1769806799999,8809755.05285,29757,59642.037,3885878.82244
1769806800000,64.98,65.57,64.91,65.39,57002.138,1769810399999,3719361.01385,16004,31339.973,2045021.74609
1769810400000,65.38,65.48,64.99,65.46,37310.588,1769813999999,2436068.42826,9365,15365.653,1003369.78268
1769814000000,65.46,65.47,65.01,65.43,32972.744,1769817599999,2151589.09513,7782,12557.557,819435.48889
1769817600000,65.43,65.47,65.16,65.20,41735.747,1769821199999,2725750.38090,9648,20679.295,1350616.82175
1769821200000,65.20,65.43,65.01,65.15,29599.694,1769824799999,1929934.14284,8956,16282.819,1061771.40507
1769824800000,65.16,65.26,64.75,65.02,31520.518,1769828399999,2048772.40902,8880,16866.940,1096513.07796
1769828400000,65.03,65.15,64.88,64.91,21978.660,1769831999999,1429287.27518,7075,10795.307,701996.17143
1769832000000,64.91,65.11,64.58,64.65,33134.399,1769835599999,2148614.79945,8301,12647.685,820057.79990
1769835600000,64.65,64.66,64.42,64.54,38453.165,1769839199999,2482101.64988,9162,18677.328,1205499.69658
1769839200000,64.54,64.60,63.97,64.23,50240.812,1769842799999,3224810.53394,10861,22857.313,1467246.25128
1769842800000,64.24,64.33,63.48,63.88,89918.215,1769846399999,5736711.60926,14428,33718.688,2152838.13834
1769846400000,63.87,63.95,62.39,63.01,203556.455,1769849999999,12829041.16110,34237,93724.805,5903053.42685
1769850000000,63.01,63.49,62.88,63.19,60232.194,1769853599999,3806049.35971,13546,31769.855,2007749.21408
1769853600000,63.20,63.54,62.97,63.28,54014.819,1769857199999,3417514.29347,12289,27567.178,1744509.51460
1769857200000,63.28,63.36,62.88,63.03,48370.762,1769860799999,3053296.27123,14119,22403.475,1414218.12102
1769860800000,63.02,63.07,62.59,62.70,68896.767,1769864399999,4329109.61606,16295,32720.573,2056300.05239
1769864400000,62.71,62.74,62.10,62.29,124994.369,1769867999999,7801101.16706,19576,66108.361,4126231.04840
1769868000000,62.30,62.52,58.77,60.32,904893.490,1769871599999,54681927.10999,104888,398544.778,24086208.86655
1769871600000,60.31,60.89,60.04,60.13,183750.196,1769875199999,11105357.89940,29578,91979.701,5560413.01696
1769875200000,60.14,61.12,59.65,59.95,355358.071,1769878799999,21448473.78701,43101,165937.626,10014104.67547
1769878800000,59.95,60.08,56.52,58.17,980190.577,1769882399999,57155776.29033,110203,447141.636,26053554.86062
1769882400000,58.17,58.51,54.66,57.73,927477.903,1769885999999,53032311.41777,97733,426821.843,24423629.97696
1769886000000,57.74,58.59,57.48,58.07,317307.179,1769889599999,18408400.15574,47742,154499.000,8962771.76438
1769889600000,58.07,58.55,57.47,58.21,174337.710,1769893199999,10103270.55780,29399,88778.322,5147913.19617
1769893200000,58.22,59.02,58.02,58.80,148499.787,1769896799999,8696228.01223,28921,74457.766,4360215.83053
1769896800000,58.81,58.83,58.27,58.62,67893.401,1769900399999,3975862.67802,15873,32112.417,1880595.19742
1769900400000,58.62,59.82,58.56,59.49,138522.061,1769903999999,8219319.66507,26310,70502.600,4183868.04514
1769904000000,59.49,59.86,59.37,59.62,98576.446,1769907599999,5878676.81757,21555,48387.556,2885712.79879
1769907600000,59.61,59.66,58.96,59.48,72740.165,1769911199999,4310658.90140,19924,36975.027,2191641.97292
1769911200000,59.48,59.91,59.29,59.78,95972.571,1769914799999,5727388.87649,16834,60161.143,3592429.65420
1769914800000,59.78,59.86,59.45,59.63,55744.216,1769918399999,3323679.30828,12116,29610.735,1765425.20126
1769918400000,59.64,59.87,59.53,59.53,44469.306,1769921999999,2654216.07689,10816,22750.994,1358107.91043
1769922000000,59.54,59.66,59.10,59.18,58746.261,1769925599999,3488136.78603,12133,25819.181,1533293.22156
1769925600000,59.19,59.52,58.91,59.21,72266.751,1769929199999,4279796.31184,12103,38209.876,2263265.78440
1769929200000,59.21,59.71,58.90,59.35,80055.484,1769932799999,4744417.31796,16473,37700.245,2233612.00015
1769932800000,59.35,59.77,59.26,59.49,57019.507,1769936399999,3391118.81832,12452,28198.818,1676891.45683
1769936400000,59.49,59.74,59.17,59.65,45312.979,1769939999999,2692512.25294,11361,23980.438,1424984.75605
1769940000000,59.65,59.73,58.65,58.72,114531.495,1769943599999,6772075.45144,17277,54492.468,3222416.20409
1769943600000,58.71,59.43,58.71,59.28,55907.766,1769947199999,3302335.15206,11422,28785.368,1700478.79154
1769947200000,59.28,59.38,58.79,59.15,85321.954,1769950799999,5041919.36145,12745,45356.316,2680022.04394
1769950800000,59.16,59.69,59.11,59.31,78505.093,1769954399999,4665963.90760,13691,43395.432,2579061.80358
1769954400000,59.31,59.66,58.31,59.29,252844.957,1769957999999,14907926.55488,33673,124582.472,7352102.15532
1769958000000,59.28,59.30,57.55,58.40,273917.965,1769961599999,15948080.63376,40369,125314.393,7303430.06710
1769961600000,58.40,58.80,57.81,58.34,135345.300,1769965199999,7893681.88972,29509,68484.003,3994216.36966
1769965200000,58.33,58.63,57.96,58.62,110283.933,1769968799999,6429532.45251,21770,57441.431,3348953.55039
1769968800000,58.62,59.59,58.61,59.19,151682.087,1769972399999,8973695.90123,27915,78336.648,4634888.18560
1769972400000,59.19,59.32,58.42,58.72,73565.667,1769975999999,4331389.13614,17498,33176.415,1954093.04388
1769976000000,58.72,59.26,58.11,58.69,88613.105,1769979599999,5199930.97205,21074,42502.681,2494605.13258
1769979600000,58.68,58.84,58.21,58.42,93485.653,1769983199999,5467960.83959,22602,43611.254,2550642.34053
1769983200000,58.43,59.34,58.37,58.88,96185.214,1769986799999,5656991.24075,20551,47944.761,2819238.96091
1769986800000,58.87,59.25,57.14,58.47,369453.333,1769990399999,21468280.97276,59567,172027.056,9995785.68549
1769990400000,58.46,59.50,58.04,59.05,152104.118,1769993999999,8967864.89652,33354,74850.625,4412105.86663
1769994000000,59.06,59.71,58.35,59.27,136372.092,1769997599999,8059845.01368,31768,69283.551,4093296.74071
1769997600000,59.28,59.51,58.64,58.73,77502.942,1770001199999,4575188.21360,20772,40982.083,2419476.76770
1770001200000,58.74,58.74,56.52,58.30,385442.499,1770004799999,22150104.79717,65678,190398.085,10944048.99080
1770004800000,58.30,58.83,57.41,57.95,128678.407,1770008399999,7490611.13425,29186,60943.507,3546889.69792
1770008400000,57.95,58.02,56.60,57.16,186850.667,1770011999999,10671001.77643,37379,101021.586,5769573.44435
1770012000000,57.16,58.60,56.47,58.05,353408.151,1770015599999,20313817.20087,59065,179348.708,10308898.03353
1770015600000,58.05,58.66,57.88,58.20,118737.511,1770019199999,6914682.33894,28750,63237.150,3682786.34189
1770019200000,58.21,58.87,58.20,58.55,96976.063,1770022799999,5680725.99509,23399,51153.889,2996399.46447
1770022800000,58.55,59.38,58.23,59.13,140483.123,1770026399999,8265717.89007,27361,73296.899,4311247.97026
1770026400000,59.14,59.46,58.97,59.11,100456.771,1770029999999,5949366.06890,17956,55430.957,3283867.52050
1770030000000,59.11,59.40,58.98,59.09,85496.652,1770033599999,5063103.53931,16517,40695.466,2410852.43063
1770033600000,59.09,59.80,59.09,59.74,112320.756,1770037199999,6681716.33693,18925,57240.060,3406538.58576
1770037200000,59.74,59.85,59.42,59.72,85728.472,1770040799999,5112730.94618,15963,42421.512,2529960.79216
1770040800000,59.71,60.38,59.25,59.90,227127.145,1770044399999,13610767.27295,36358,118121.057,7079504.28219
1770044400000,59.90,61.12,59.75,61.01,219812.240,1770047999999,13319229.00889,36364,116278.021,7045767.18051
1770048000000,61.01,61.13,60.48,60.53,122616.432,1770051599999,7462538.34908,20988,64071.415,3900278.50594
1770051600000,60.54,60.80,60.06,60.28,84737.030,1770055199999,5122764.23287,18844,42110.967,2547352.23602
1770055200000,60.29,60.54,59.92,60.33,77834.243,1770058799999,4687221.31172,16293,36673.502,2208333.60351
1770058800000,60.33,60.38,59.83,59.89,46307.634,1770062399999,2781383.53569,11757,22392.122,1345056.18217
1770062400000,59.89,60.06,59.43,59.61,83336.866,1770065999999,4974101.29636,15034,38883.789,2321394.03553
1770066000000,59.61,59.92,59.59,59.80,54275.354,1770069599999,3244006.73170,10498,30083.768,1798188.86330
1770069600000,59.81,60.13,59.80,60.03,32695.655,1770073199999,1961061.50724,9667,18810.958,1128333.92782
1770073200000,60.04,60.11,59.83,59.97,44646.646,1770076799999,2677658.24265,11366,27347.122,1640154.28921
1770076800000,59.98,60.10,59.59,60.07,63914.876,1770080399999,3826198.66946,14645,34290.155,2053213.35082
1770080400000,60.07,60.12,59.69,59.92,52367.378,1770083999999,3136684.74082,13329,27188.699,1628717.15736
1770084000000,59.93,59.94,59.04,59.09,71592.572,1770087599999,4254938.96838,15158,31073.378,1846814.87700
1770087600000,59.10,60.01,58.88,59.94,105826.772,1770091199999,6284208.83817,18541,59817.064,3553383.17161
1770091200000,59.95,60.29,59.70,60.12,67715.364,1770094799999,4064869.43435,11283,31932.701,1917884.29619
1770094800000,60.13,60.16,59.65,59.69,48092.854,1770098399999,2880458.89500,9396,22269.940,1334196.32528
1770098400000,59.68,60.23,59.46,60.13,62886.750,1770101999999,3764552.82137,11671,33826.644,2025047.75840
1770102000000,60.13,60.43,59.90,60.22,45702.379,1770105599999,2749138.25377,12099,20234.220,1217238.09124
1770105600000,60.23,60.45,59.99,60.08,50357.428,1770109199999,3033206.66695,11080,24049.573,1448869.03567
1770109200000,60.08,60.20,59.31,59.69,137822.169,1770112799999,8228139.79950,20249,61634.187,3679493.44282
1770112800000,59.70,59.91,59.46,59.62,38162.154,1770116399999,2276984.44557,9620,16333.459,974844.97848
1770116400000,59.63,59.99,59.62,59.82,52189.275,1770119999999,3119795.67990,9941,28193.550,1685260.83960
1770120000000,59.82,60.18,59.69,60.07,44433.551,1770123599999,2665828.42812,10675,22987.145,1379390.35182
1770123600000,60.06,60.25,59.82,60.14,43961.170,1770127199999,2636572.20457,10362,19075.891,1144309.10514
1770127200000,60.13,60.20,59.20,59.21,127382.628,1770130799999,7607700.31200,24292,62692.214,3743956.04304
1770130800000,59.20,60.41,59.07,60.33,197143.209,1770134399999,11783013.33056,37329,99338.498,5936189.72240
1770134400000,60.34,60.35,59.27,59.44,168738.216,1770137999999,10073809.80689,27817,69135.314,4127832.27886
1770138000000,59.44,59.50,58.12,58.16,186198.567,1770141599999,10949659.43617,31428,77775.963,4575119.40962
1770141600000,58.17,58.42,56.94,57.00,259449.136,1770145199999,14942930.33605,43552,118283.514,6810411.62635
1770145200000,57.00,59.51,56.83,59.27,300336.322,1770148799999,17587824.36923,48098,158731.052,9291670.71112
1770148800000,59.26,61.38,58.79,60.98,323314.665,1770152399999,19521739.46768,46606,176072.864,10632832.23662
1770152400000,60.98,61.32,59.93,60.07,134120.323,1770155999999,8133237.06402,21516,66356.781,4026822.55070
1770156000000,60.08,60.11,59.41,59.48,85578.470,1770159599999,5112267.25004,18575,37163.090,2220216.91773
1770159600000,59.47,59.60,59.07,59.44,75648.752,1770163199999,4489825.79500,18511,38301.618,2273249.59954
1770163200000,59.43,60.09,59.19,59.81,68339.936,1770166799999,4077915.14587,16184,32435.305,1936020.35085
1770166800000,59.81,60.45,59.81,60.25,63963.688,1770170399999,3852233.91229,16526,36750.840,2213109.61567
1770170400000,60.24,60.32,59.83,59.98,48540.101,1770173999999,2917141.14102,14288,24511.942,1473304.84074
1770174000000,59.99,60.75,59.92,60.70,59285.887,1770177599999,3583093.65135,15361,29412.776,1777226.34921
1770177600000,60.70,60.90,60.50,60.56,56167.595,1770181199999,3410440.50329,17235,27316.734,1658815.59672
1770181200000,60.56,60.61,60.02,60.15,33934.760,1770184799999,2047797.40871,11022,16046.625,968320.28251
1770184800000,60.16,60.78,60.09,60.56,37306.068,1770188399999,2256385.89255,10872,19668.024,1189555.62933
1770188400000,60.56,60.95,60.39,60.75,47052.368,1770191999999,2857118.53001,11939,24022.449,1458833.11016
1770192000000,60.76,60.85,60.46,60.79,45293.848,1770195599999,2747126.70907,11371,20001.768,1213048.95454
1770195600000,60.78,60.82,60.25,60.37,52274.568,1770199199999,3161597.61864,13070,23214.639,1404057.64437
1770199200000,60.38,60.46,60.19,60.27,39589.597,1770202799999,2388205.19876,9516,21836.555,1317333.30446
1770202800000,60.27,60.28,59.61,60.06,104156.075,1770206399999,6239774.73486,19671,51212.883,3067578.60346
1770206400000,60.07,60.15,59.72,59.98,51438.361,1770209999999,3081758.87324,10763,24434.833,1464066.65317
1770210000000,59.98,59.98,59.18,59.20,82872.889,1770213599999,4938573.88869,17499,39126.423,2331236.02020
1770213600000,59.20,59.70,58.31,58.37,220077.570,1770217199999,13007840.55207,38635,89862.722,5314710.14006
1770217200000,58.38,59.01,57.58,58.15,240150.634,1770220799999,14009519.63268,48450,119264.767,6957167.27477
1770220800000,58.16,58.45,57.35,57.87,207402.935,1770224399999,11996865.10209,41373,96329.265,5571184.49919
1770224400000,57.86,58.21,57.01,57.75,214595.363,1770227999999,12342136.33112,38644,95197.124,5479251.09410
1770228000000,57.74,59.02,57.07,58.38,230520.899,1770231599999,13382005.77458,41795,124694.924,7239799.68866
1770231600000,58.39,59.62,58.39,59.43,150419.134,1770235199999,8865883.97202,29681,76885.014,4533816.18418
1770235200000,59.43,59.51,58.87,58.98,58974.329,1770238799999,3488616.17115,14752,27544.309,1629398.21516
1770238800000,58.98,59.17,58.21,58.64,72255.507,1770242399999,4241532.67545,18449,32622.609,1915206.73258
1770242400000,58.64,59.40,57.75,58.32,116615.165,1770245999999,6830985.41294,27008,51139.166,2996070.97112
1770246000000,58.32,59.15,58.21,58.85,99264.172,1770249599999,5832455.80054,19793,49523.988,2909435.88718
1770249600000,58.85,59.24,58.60,59.05,63750.675,1770253199999,3758867.06195,15160,35274.420,2080332.67547
1770253200000,59.05,59.47,58.39,58.89,118457.257,1770256799999,6990822.76868,26175,53639.917,3165651.38996
1770256800000,58.89,59.28,58.17,58.26,116593.540,1770260399999,6849168.06136,27401,52611.871,3091850.55339
1770260400000,58.25,58.69,58.00,58.18,116304.677,1770263999999,6783681.92861,24967,59098.462,3448001.29244
1770264000000,58.19,58.52,57.83,58.04,137364.577,1770267599999,7989648.59408,26973,71206.568,4142115.54018
1770267600000,58.05,58.63,57.48,58.14,133742.677,1770271199999,7760569.09348,26927,69381.642,4025371.65712
1770271200000,58.15,58.19,57.37,57.65,107839.456,1770274799999,6223062.20018,22397,56842.156,3280660.93102
1770274800000,57.65,58.32,57.52,57.60,89086.139,1770278399999,5162714.67818,20518,46491.064,2694677.70425
1770278400000,57.60,58.32,57.60,57.97,82168.132,1770281999999,4762285.13977,17165,40042.477,2319920.28509
1770282000000,57.98,58.60,57.97,58.08,88527.983,1770285599999,5156199.27697,16993,47323.068,2755868.90463
1770285600000,58.08,58.15,56.66,56.81,175216.726,1770289199999,10049802.33473,22651,83728.255,4804582.55445
1770289200000,56.81,57.07,55.63,56.45,364388.496,1770292799999,20529061.47433,45898,181648.692,10237544.35114
1770292800000,56.44,56.70,55.55,55.92,247869.004,1770296399999,13876669.72217,40243,131352.530,7351260.33189
1770296400000,55.91,56.30,55.47,55.70,121833.576,1770299999999,6799847.00352,25230,60072.499,3353652.61686
1770300000000,55.70,57.21,55.70,56.07,236456.184,1770303599999,13353506.35665,45320,115851.301,6540901.34930
1770303600000,56.06,56.27,52.62,53.88,960355.416,1770307199999,52013005.35318,137038,447133.528,24207570.54801
1770307200000,53.89,54.93,53.37,54.39,391405.366,1770310799999,21206699.24099,71676,205479.542,11132148.51182
1770310800000,54.39,54.58,52.59,53.04,400096.668,1770314399999,21401516.85462,73312,194772.064,10420219.49413
1770314400000,53.03,53.53,52.21,53.40,359792.294,1770317999999,18994071.92434,64928,174319.278,9206572.54682
1770318000000,53.39,53.52,52.26,52.41,188355.391,1770321599999,9962649.28726,43298,90826.324,4803161.26515
1770321600000,52.41,52.83,50.14,50.79,865586.552,1770325199999,44309214.87816,114476,414195.818,21198806.45088
1770325200000,50.79,51.99,50.29,50.96,459313.706,1770328799999,23490488.03807,78768,238928.140,12219916.97818
1770328800000,50.97,52.10,50.33,51.53,325376.304,1770332399999,16682597.90578,53219,181082.211,9287475.59798
1770332400000,51.54,52.62,50.56,50.73,213240.850,1770335999999,11010594.35615,43601,110584.444,5712171.29068
1770336000000,50.74,51.00,45.00,49.67,1782269.248,1770339599999,85351639.49844,255738,821082.931,39331177.57006
1770339600000,49.67,51.04,49.49,50.89,364556.230,1770343199999,18359981.20364,74288,189785.558,9556927.33659
1770343200000,50.89,51.29,49.69,49.93,292179.109,1770346799999,14714532.91587,51807,142045.247,7155469.06898
1770346800000,49.93,50.38,49.52,50.05,194357.874,1770350399999,9698790.72345,39263,107569.272,5369068.94162
1770350400000,50.05,50.97,49.81,50.82,147762.841,1770353999999,7461919.52594,30574,79009.507,3990015.50992
1770354000000,50.81,52.47,50.79,52.26,178027.863,1770357599999,9194528.11327,35165,88264.318,4557516.03440
1770357600000,52.27,52.46,50.95,51.06,208649.926,1770361199999,10780059.83415,33378,83227.967,4301047.77909
1770361200000,51.06,51.35,50.57,50.94,154675.914,1770364799999,7876138.23040,26319,76362.707,3888819.18002
1770364800000,50.93,51.22,50.50,50.80,175511.027,1770368399999,8930142.72730,30467,84554.161,4303004.45518
1770368400000,50.79,51.93,50.68,51.72,168902.175,1770371999999,8672634.17728,29385,86830.437,4457830.55087
1770372000000,51.73,52.27,51.48,52.18,144790.458,1770375599999,7523927.03137,22931,73381.409,3813471.10921
1770375600000,52.18,52.60,52.07,52.50,137745.922,1770379199999,7204673.47036,20134,76791.437,4017157.64571
1770379200000,52.49,52.58,52.08,52.54,116968.827,1770382799999,6117388.03948,17566,52759.468,2760018.10295
1770382800000,52.54,53.59,52.51,53.36,239723.693,1770386399999,12739780.35739,35691,130277.549,6921358.07034
1770386400000,53.36,54.62,53.02,54.25,282570.445,1770389999999,15192471.52697,44037,136086.287,7320200.41387
1770390000000,54.28,54.56,53.79,54.34,217359.264,1770393599999,11769397.40845,37748,103604.668,5611076.27067
1770393600000,54.34,55.63,54.12,55.26,222614.076,1770397199999,12246293.83788,37799,124446.885,6845723.58498
1770397200000,55.25,56.43,55.08,55.57,270594.535,1770400799999,15096822.93964,38492,136030.542,7590364.89833
1770400800000,55.57,55.67,54.50,54.82,210844.890,1770404399999,11579358.25988,35160,98363.199,5401963.97394
1770404400000,54.82,55.28,54.44,55.17,120260.358,1770407999999,6595817.28571,20638,65568.102,3598142.81197
1770408000000,55.16,55.43,54.64,54.90,111635.351,1770411599999,6139753.42655,19101,62563.256,3441640.87199
1770411600000,54.91,55.17,54.63,55.03,70943.696,1770415199999,3897451.49244,12186,37540.135,2062498.44319
1770415200000,55.03,55.76,54.90,55.49,85942.543,1770418799999,4753665.98099,15725,47839.345,2646070.13155
1770418800000,55.48,55.66,54.95,54.99,77175.296,1770422399999,4263170.02298,15997,37527.971,2073379.04571
1770422400000,55.00,55.00,54.19,54.51,129641.866,1770425999999,7068158.45298,26257,62525.268,3408468.18507
1770426000000,54.51,54.87,54.16,54.79,59101.594,1770429599999,3221398.31981,17371,29966.026,1632998.96878
1770429600000,54.78,54.89,54.40,54.66,38775.052,1770433199999,2120118.86480,12202,18954.347,1036599.02883
1770433200000,54.66,55.06,54.58,54.87,64272.803,1770436799999,3526126.08657,16441,32056.277,1758881.53632
1770436800000,54.86,55.33,54.52,54.64,68190.094,1770440399999,3744993.07384,18416,34019.399,1868875.12464
1770440400000,54.64,54.93,54.41,54.56,59838.455,1770443999999,3269286.80823,15565,31768.489,1735761.05443
1770444000000,54.55,54.77,53.75,53.77,92721.352,1770447599999,5036299.49912,19108,39301.843,2136043.13444
1770447600000,53.77,53.98,52.83,53.57,228076.212,1770451199999,12197166.11645,43358,110792.533,5925885.52929
1770451200000,53.58,54.09,53.46,53.82,83887.511,1770454799999,4512955.00932,18689,42925.433,2309505.69944
1770454800000,53.83,54.02,53.11,53.25,90658.042,1770458399999,4851016.28602,15558,38005.061,2034573.94585
1770458400000,53.25,53.43,52.99,53.30,67438.965,1770461999999,3590074.01336,13071,31587.706,1681739.10653
1770462000000,53.29,53.37,53.08,53.19,50805.690,1770465599999,2702671.01764,12575,23480.115,1249091.67475
1770465600000,53.19,54.56,53.14,54.08,186907.849,1770469199999,10080331.35673,32579,93440.738,5038007.45080
1770469200000,54.09,54.28,53.76,54.04,60995.758,1770472799999,3294540.12605,13484,29228.247,1579161.90586
1770472800000,54.05,54.23,53.57,53.75,74286.707,1770476399999,4001178.42257,15729,37679.630,2029369.88768
1770476400000,53.75,54.59,53.65,54.36,79303.441,1770479999999,4298641.83414,18394,40303.397,2185472.75005
1770480000000,54.36,55.70,54.10,54.83,782699.038,1770483599999,43018687.10974,103331,397649.066,21859128.42032
1770483600000,54.82,55.18,54.60,55.07,66273.077,1770487199999,3639641.46081,16391,36926.594,2028091.90203
1770487200000,55.07,55.98,55.04,55.73,87058.792,1770490799999,4838701.15396,19348,38823.842,2157784.16519
1770490800000,55.73,55.73,55.31,55.42,44568.707,1770494399999,2474919.05976,11693,19087.536,1060302.25898
1770494400000,55.42,55.85,55.29,55.79,37192.436,1770497999999,2067026.08499,10708,18458.138,1025869.79573
1770498000000,55.78,55.89,55.39,55.47,37302.593,1770501599999,2074504.94818,9553,17666.409,982402.37009
1770501600000,55.47,55.65,55.31,55.44,30797.104,1770505199999,1708091.60898,8460,17214.854,954731.24504
1770505200000,55.45,55.47,54.95,55.17,45224.210,1770508799999,2495569.89044,11508,24515.582,1352989.88179
1770508800000,55.17,55.21,54.89,55.06,38903.386,1770512399999,2140726.00651,9630,15199.473,836291.58395
1770512400000,55.06,55.36,55.04,55.29,36876.273,1770515999999,2036955.67312,8932,18119.541,1000796.88223
1770516000000,55.29,55.52,54.96,55.12,44024.112,1770519599999,2432274.61424,9669,22075.812,1219752.50894
1770519600000,55.13,55.25,54.93,54.99,30834.946,1770523199999,1698560.55977,7278,14825.154,816861.84643
1770523200000,54.99,55.36,54.87,55.34,50442.283,1770526799999,2782254.86305,9951,27459.424,1514707.43773
1770526800000,55.35,55.35,55.11,55.18,28704.404,1770530399999,1584618.98404,6369,13468.677,743488.03979
1770530400000,55.19,55.34,55.00,55.07,37357.727,1770533999999,2061847.13396,7753,13171.503,727026.22512
1770534000000,55.07,55.09,54.76,54.99,47475.565,1770537599999,2607332.60529,9698,17559.021,964485.36136
1770537600000,54.99,55.79,54.85,55.64,121371.815,1770541199999,6724757.30161,18946,57385.338,3179482.89997
1770541200000,55.65,55.73,55.18,55.24,58755.513,1770544799999,3256686.65550,11698,26704.250,1480304.12575
1770544800000,55.25,55.49,54.84,54.94,76915.200,1770548399999,4237784.71062,14117,37065.585,2042136.07291
1770548400000,54.94,55.58,54.88,55.45,80395.269,1770551999999,4445440.52142,15645,34460.906,1905366.74751
1770552000000,55.45,55.47,54.93,55.21,83266.040,1770555599999,4592453.10764,13614,38647.230,2131343.47569
1770555600000,55.20,55.52,55.04,55.26,88444.561,1770559199999,4885040.14405,16718,46404.901,2563588.39364
1770559200000,55.26,55.43,55.14,55.33,41014.262,1770562799999,2267723.94401,9665,19487.839,1077510.16078
1770562800000,55.33,55.42,54.67,54.87,83515.199,1770566399999,4592617.93790,15020,37335.040,2052671.37450
1770566400000,54.86,54.93,53.60,53.86,133558.724,1770569999999,7243642.53047,20280,56106.177,3042723.36483
1770570000000,53.85,54.44,53.82,54.39,64991.090,1770573599999,3523071.26892,13578,36286.028,1967066.26367
1770573600000,54.39,54.96,54.38,54.71,47804.792,1770577199999,2613039.52574,11279,24606.476,1345063.11899
1770577200000,54.70,54.96,54.70,54.92,51917.871,1770580799999,2846023.03713,8860,22415.233,1228798.28200
1770580800000,54.91,55.00,54.33,54.36,35346.782,1770584399999,1931489.11542,8602,13728.810,750809.05613
1770584400000,54.36,54.50,53.94,54.06,46756.246,1770587999999,2533901.16900,10053,20641.431,1118620.70876
1770588000000,54.06,54.53,54.06,54.49,29963.384,1770591599999,1626329.80296,7599,18223.370,989232.89733
1770591600000,54.48,55.47,54.01,54.50,149636.041,1770595199999,8187224.63230,28190,83039.570,4543618.46873
1770595200000,54.49,54.71,54.14,54.41,68280.774,1770598799999,3717367.03539,14712,38431.843,2092818.58887
1770598800000,54.41,54.88,54.07,54.37,69537.471,1770602399999,3784266.54004,16033,34568.445,1881268.34253
1770602400000,54.36,54.91,54.13,54.62,44623.185,1770605999999,2431901.41983,10196,21060.974,1148177.64600
1770606000000,54.62,55.00,54.38,54.91,50791.142,1770609599999,2779946.99699,11966,24220.968,1326105.27740
1770609600000,54.91,54.95,54.67,54.75,36474.162,1770613199999,1998849.40891,7505,16342.687,895575.48893
1770613200000,54.74,54.97,54.65,54.86,28220.308,1770616799999,1546990.60733,6508,13482.037,739078.34887
1770616800000,54.85,54.86,54.11,54.37,57870.192,1770620399999,3148021.98385,10875,25055.785,1361698.55275
1770620400000,54.37,54.47,54.00,54.04,38274.611,1770623999999,2075371.23023,8503,16912.885,917325.61410
1770624000000,54.03,54.08,53.23,53.41,126672.972,1770627599999,6794709.69875,18568,57859.426,3103312.65822
1770627600000,53.41,53.53,53.10,53.23,61910.279,1770631199999,3300425.52894,12363,30203.411,1610469.76206
1770631200000,53.22,53.38,52.32,52.44,132614.069,1770634799999,6991186.55277,20584,58521.760,3084859.68193
1770634800000,52.43,53.04,52.43,52.97,68073.507,1770638399999,3593761.30282,13144,34444.149,1818464.77606
1770638400000,52.97,53.41,52.92,53.29,62187.424,1770641999999,3307796.66535,10452,33194.142,1766243.07098
1770642000000,53.29,53.63,53.19,53.19,60348.937,1770645599999,3223113.31289,11679,25911.330,1384557.01874
1770645600000,53.20,53.98,53.17,53.76,108252.413,1770649199999,5795197.95959,23857,51418.727,2752807.22718
1770649200000,53.75,54.36,53.47,54.35,93618.071,1770652799999,5050417.69563,18536,46031.641,2483908.93430
1770652800000,54.34,54.80,53.89,54.39,135413.657,1770656399999,7352261.17462,21174,64144.055,3481909.98315
1770656400000,54.39,55.04,54.08,54.85,115278.885,1770659999999,6291676.43234,18499,63668.700,3473126.53719
1770660000000,54.86,54.98,54.26,54.67,72092.022,1770663599999,3936189.58840,15160,34010.770,1856889.70120
1770663600000,54.67,54.99,54.57,54.92,47082.892,1770667199999,2580305.46671,10430,26381.782,1446089.97956
1770667200000,54.92,55.08,54.72,54.92,41871.449,1770670799999,2298164.73951,10710,19518.491,1071362.37392
1770670800000,54.92,54.97,54.20,54.73,59024.084,1770674399999,3219287.79346,12407,28387.952,1548927.58052
1770674400000,54.73,54.86,54.46,54.56,29941.541,1770677999999,1637320.04818,7310,13743.129,751744.14654
1770678000000,54.56,54.74,54.32,54.41,30801.313,1770681599999,1679473.37814,7961,13144.907,717162.77148
1770681600000,54.41,54.55,54.14,54.25,43132.308,1770685199999,2343728.95612,9903,19036.267,1034585.19436
1770685200000,54.26,54.67,54.22,54.51,35873.382,1770688799999,1953616.77421,9321,17921.713,976085.42151
1770688800000,54.50,54.51,54.24,54.32,40117.884,1770692399999,2181387.62859,11459,21127.859,1149037.45206
1770692400000,54.32,54.37,53.52,53.92,100471.690,1770695999999,5415620.53378,17832,39118.959,2107412.96756
1770696000000,53.91,54.16,53.89,54.12,44515.815,1770699599999,2405304.04809,9873,24059.133,1300134.82960
1770699600000,54.12,54.12,53.58,53.72,52851.625,1770703199999,2845228.17580,11375,28606.428,1540171.71119
1770703200000,53.72,53.79,52.92,53.12,113529.623,1770706799999,6051406.27103,16223,47845.813,2549770.33671
1770706800000,53.12,53.47,53.03,53.14,89690.603,1770710399999,4772784.40115,10935,42223.567,2246292.35226
1770710400000,53.14,53.51,53.13,53.50,59882.526,1770713999999,3193442.20451,10199,32642.584,1741195.16367
1770714000000,53.49,53.68,53.27,53.40,57484.069,1770717599999,3076192.70709,8947,24564.717,1315041.67163
1770717600000,53.41,53.57,53.15,53.18,32169.079,1770721199999,1715800.07329,7043,12398.129,661391.70616
1770721200000,53.18,53.42,53.03,53.06,62259.886,1770724799999,3312419.78875,9656,24513.837,1304041.28908
1770724800000,53.05,53.27,52.83,52.89,61569.636,1770728399999,3266474.23599,9641,30239.076,1604383.52228
1770728400000,52.89,53.37,52.79,53.32,81592.814,1770731999999,4331122.62556,13088,40280.251,2138123.74961
1770732000000,53.32,53.78,52.88,53.20,123807.258,1770735599999,6601668.36487,21405,60651.612,3234452.07548
1770735600000,53.20,53.63,53.06,53.34,74137.875,1770739199999,3957002.69623,19359,35826.529,1912555.88257
1770739200000,53.34,53.71,53.16,53.37,72923.921,1770742799999,3898704.75111,14538,39700.790,2122255.25712
1770742800000,53.37,53.83,53.14,53.72,74362.562,1770746399999,3983381.32144,12331,41133.522,2203310.17586
1770746400000,53.73,53.77,52.80,53.03,94201.617,1770749999999,5014927.15540,15896,38358.014,2042492.51210
1770750000000,53.03,53.36,52.84,53.24,53726.153,1770753599999,2852369.34289,11652,27557.547,1462808.71442
1770753600000,53.23,53.42,53.08,53.27,42553.346,1770757199999,2266178.52533,9322,20142.055,1072812.81390
1770757200000,53.26,53.39,52.95,53.11,39915.563,1770760799999,2122317.96154,8958,17645.208,938167.16166
1770760800000,53.11,53.40,53.09,53.19,26591.617,1770764399999,1415061.57051,8806,13394.311,712899.86294
1770764400000,53.18,53.40,53.12,53.33,19880.759,1770767999999,1058506.80128,5925,9203.061,490039.50945
1770768000000,53.33,53.50,53.19,53.45,36411.246,1770771599999,1941606.13628,9166,19859.997,1059251.62955
1770771600000,53.44,53.53,53.29,53.47,23242.222,1770775199999,1241633.24575,7729,11177.864,597129.50316
1770775200000,53.47,53.69,53.28,53.28,38435.760,1770778799999,2057801.53693,8869,19555.394,1047256.61659
1770778800000,53.29,53.41,52.80,53.10,58955.558,1770782399999,3131124.12453,11362,26876.938,1427119.08465
1770782400000,53.09,53.18,52.42,52.60,89722.754,1770785999999,4730536.90718,15527,43940.280,2317206.74158
1770786000000,52.61,52.81,52.44,52.47,34237.199,1770789599999,1802056.81652,8221,18017.016,948458.87354
1770789600000,52.47,52.57,51.91,52.08,121878.575,1770793199999,6358261.16833,19112,59370.277,3097414.96848
1770793200000,52.08,52.25,51.93,52.02,54347.014,1770796799999,2831999.10041,11401,27155.158,1415229.53854
1770796800000,52.03,52.06,51.81,51.94,58363.169,1770800399999,3030604.23114,11689,26993.687,1401962.70069
1770800400000,51.94,52.32,51.90,52.06,55682.317,1770803999999,2900587.28371,11466,27129.924,1413290.86038
1770804000000,52.06,52.08,51.57,51.71,74431.658,1770807599999,3853199.14858,11836,29608.511,1533365.94765
1770807600000,51.71,52.10,51.64,52.10,50370.395,1770811199999,2614747.60853,9746,31159.106,1617662.99977
1770811200000,52.10,52.49,52.03,52.20,57480.729,1770814799999,3004265.52667,14514,28095.010,1468543.63789
1770814800000,52.19,52.58,51.93,52.51,106643.353,1770818399999,5572075.91282,18826,50371.262,2632356.06187
1770818400000,52.51,53.47,51.48,51.69,281647.498,1770821999999,14798829.49606,44158,136259.618,7157909.33932
1770822000000,51.68,51.93,50.98,51.21,210792.189,1770825599999,10827960.88139,38705,99085.588,5091184.59863
1770825600000,51.20,52.05,51.13,51.22,112104.636,1770829199999,5777389.51780,22768,52673.777,2714872.57278
1770829200000,51.21,51.90,51.08,51.63,77535.636,1770832799999,3998659.61752,16988,40520.327,2090074.01625
1770832800000,51.63,52.48,51.41,52.32,71946.225,1770836399999,3740756.55708,14670,36824.950,1915816.07569
1770836400000,52.32,52.53,52.08,52.21,52016.342,1770839999999,2720777.79055,13469,25893.427,1354479.93563
1770840000000,52.20,52.39,51.89,52.24,40668.907,1770843599999,2121639.20999,10202,20438.451,1066097.98378
1770843600000,52.24,52.88,52.15,52.63,74223.862,1770847199999,3903867.41470,13251,38867.339,2043953.91411
1770847200000,52.62,52.73,52.24,52.32,38457.419,1770850799999,2020864.81627,8440,18693.135,982645.20782
1770850800000,52.32,52.49,51.94,52.28,61918.770,1770854399999,3231827.78778,11484,29540.307,1542267.98783
1770854400000,52.28,52.85,52.28,52.68,43475.974,1770857999999,2286985.20942,10563,24047.595,1264713.19825
1770858000000,52.69,53.11,52.69,52.81,46964.916,1770861599999,2483715.38809,10545,21468.879,1135542.76151
1770861600000,52.82,52.89,52.59,52.71,39700.474,1770865199999,2093939.56327,8251,16896.459,891078.20610
1770865200000,52.71,52.85,52.56,52.82,35107.956,1770868799999,1850356.32338,11955,16680.001,879271.82839
1770868800000,52.83,52.98,52.69,52.80,44970.821,1770872399999,2375088.44605,12259,23707.744,1252235.83581
1770872400000,52.80,52.95,52.58,52.92,41585.368,1770875999999,2196027.39696,8970,21930.858,1158267.31272
1770876000000,52.92,53.34,52.90,53.17,47059.467,1770879599999,2501449.93217,9783,23697.519,1259662.93428
1770879600000,53.17,53.29,52.97,53.26,57609.945,1770883199999,3060341.43906,8440,30598.340,1625522.24946
1770883200000,53.27,53.49,53.06,53.22,49694.075,1770886799999,2647702.47754,10050,25587.481,1363257.70878
1770886800000,53.21,53.59,53.08,53.46,76229.905,1770890399999,4069306.43334,12024,39775.955,2123572.54658
1770890400000,53.47,53.74,53.26,53.71,52132.651,1770893999999,2787813.97337,9510,25063.132,1340300.54115
1770894000000,53.72,53.79,53.32,53.35,73307.282,1770897599999,3923417.73523,12135,33849.111,1811842.51528
1770897600000,53.35,53.42,52.86,52.99,77053.967,1770901199999,4091594.92823,11257,39071.392,2075055.70264
1770901200000,52.98,53.34,52.70,53.28,76722.259,1770904799999,4063315.10862,13240,41329.925,2189439.08069
1770904800000,53.28,53.36,52.94,53.18,96406.414,1770908399999,5120913.95180,16508,42829.550,2275440.48750
1770908400000,53.18,53.40,52.66,52.81,114618.981,1770911999999,6074416.67515,20723,59081.231,3131430.84814
1770912000000,52.82,52.87,51.50,51.71,223232.343,1770915599999,11635779.84254,34752,110311.849,5753635.86505
1770915600000,51.70,52.18,51.51,51.61,83663.239,1770919199999,4334116.88470,18749,41538.732,2152659.53381
1770919200000,51.60,52.15,51.52,52.03,72478.545,1770922799999,3757465.45001,14181,40382.840,2093478.00355
1770922800000,52.02,52.79,51.77,52.34,73606.353,1770926399999,3855158.12978,14237,36602.032,1917704.11887
1770926400000,52.35,52.50,51.79,51.93,36093.000,1770929999999,1882717.11646,9887,17252.601,900120.06307
1770930000000,51.93,52.38,51.91,52.27,49112.204,1770933599999,2559392.86909,9422,22418.762,1168426.65641
1770933600000,52.27,52.91,52.19,52.85,49020.937,1770937199999,2573805.68823,12781,30104.214,1581486.73584
1770937200000,52.86,53.26,52.79,53.13,115182.966,1770940799999,6106813.88161,14020,69169.620,3666271.64644
1770940800000,53.12,53.31,52.75,52.91,51951.354,1770944399999,2755251.83415,12355,24704.621,1309911.16699
1770944400000,52.91,53.28,52.89,53.09,36811.069,1770947999999,1953574.30181,10453,17876.530,948737.54999
1770948000000,53.09,53.21,52.82,53.12,40654.827,1770951599999,2155703.07920,9927,19432.268,1030673.72525
1770951600000,53.12,53.22,52.90,53.04,33177.041,1770955199999,1760678.54420,9877,12515.640,664158.49646
1770955200000,53.03,53.04,52.78,52.93,36740.398,1770958799999,1943685.38280,7559,20948.241,1108223.30686
1770958800000,52.93,52.94,52.57,52.57,39015.105,1770962399999,2057675.63590,9681,17866.122,942380.75642
1770962400000,52.58,52.81,52.33,52.79,44887.187,1770965999999,2358273.41975,8121,20228.623,1063328.97884
1770966000000,52.79,53.03,52.66,52.82,36209.521,1770969599999,1912945.83779,7943,19888.901,1050867.82247
1770969600000,52.82,53.43,52.78,53.33,60803.044,1770973199999,3230128.46616,10106,31347.540,1664833.28847
1770973200000,53.34,53.34,53.10,53.24,46580.528,1770976799999,2478305.81112,7721,24917.799,1325882.56112
1770976800000,53.24,53.48,53.14,53.36,40365.731,1770980399999,2152333.37415,8596,20602.559,1098783.99465
1770980400000,53.37,53.52,53.10,53.50,60466.771,1770983999999,3221793.39552,11433,30355.857,1618042.95704
1770984000000,53.50,53.55,53.23,53.45,47137.470,1770987599999,2516476.75534,8644,20088.496,1072346.51338
1770987600000,53.45,53.73,53.21,53.63,124146.040,1770991199999,6637035.95818,17119,76177.488,4072431.98025
1770991200000,53.63,54.01,52.93,53.75,190592.182,1770994799999,10185527.25428,30026,98492.467,5262549.92293
1770994800000,53.76,54.80,53.66,54.33,206718.000,1770998399999,11222923.13582,33264,113516.587,6163160.83994
1770998400000,54.33,55.54,54.21,55.10,220135.830,1771001999999,12103518.66239,32842,130428.372,7170683.63942
1771002000000,55.10,55.14,54.79,54.79,60548.920,1771005599999,3327356.02023,13351,33014.766,1814301.47047
1771005600000,54.79,55.06,54.57,54.94,78179.684,1771009199999,4283989.47705,13924,37192.741,2038514.57391
1771009200000,54.95,55.24,54.87,55.08,60148.527,1771012799999,3312156.47316,10662,35517.033,1955935.36055
1771012800000,55.08,55.35,54.92,55.33,72409.235,1771016399999,3992474.61402,12290,34103.436,1880039.22312
1771016400000,55.34,55.67,55.30,55.54,61663.921,1771019999999,3421604.86311,10897,31513.709,1748564.10467
1771020000000,55.55,55.64,55.14,55.25,48987.697,1771023599999,2712266.29591,10478,20891.149,1156973.16894
1771023600000,55.26,55.27,55.00,55.00,39020.541,1771027199999,2149736.25105,13520,19782.224,1089861.78004
1771027200000,55.01,55.43,54.84,55.37,64637.142,1771030799999,3565551.01206,11081,37905.954,2092366.54140
1771030800000,55.36,55.41,55.19,55.31,57968.012,1771034399999,3205945.41823,10654,30256.655,1673558.41578
1771034400000,55.31,55.41,55.11,55.15,66174.305,1771037999999,3657524.05234,11270,43921.475,2428017.62698
1771038000000,55.15,55.36,55.09,55.31,44418.305,1771041599999,2452945.08202,7389,21309.068,1176742.01193
1771041600000,55.30,55.31,55.11,55.24,20429.794,1771045199999,1128467.48509,5473,7754.334,428325.77285
1771045200000,55.24,55.41,55.08,55.16,24817.659,1771048799999,1370334.00898,6282,12601.364,695769.11831
1771048800000,55.16,55.19,54.94,55.08,42660.525,1771052399999,2348570.28425,12469,21345.252,1175113.83921
1771052400000,55.09,55.36,55.06,55.27,46687.159,1771055999999,2576545.99661,18998,27513.833,1518440.66535
1771056000000,55.27,55.77,55.23,55.60,77537.351,1771059599999,4306103.67420,12694,42168.449,2341580.16794
1771059600000,55.61,55.69,55.51,55.59,40571.099,1771063199999,2255983.22149,6979,20292.977,1128506.01201
1771063200000,55.60,55.60,55.30,55.32,41417.261,1771066799999,2294091.37680,6356,18186.547,1007263.40710
1771066800000,55.32,55.87,55.27,55.74,88899.545,1771070399999,4948093.78935,13694,51495.182,2866220.27926
1771070400000,55.74,55.75,55.20,55.26,74908.027,1771073999999,4158356.14322,14136,30297.119,1682451.76212
1771074000000,55.25,55.40,54.99,55.34,81116.586,1771077599999,4474709.77824,13401,36462.649,2012095.59142
1771077600000,55.35,56.23,55.27,56.17,115853.771,1771081199999,6472239.79146,13322,59669.613,3334061.93759
1771081200000,56.18,56.27,55.79,56.08,156685.509,1771084799999,8773608.84555,17385,77204.741,4322787.67547
1771084800000,56.09,56.50,55.83,56.42,74381.060,1771088399999,4177263.58524,12786,38180.089,2144642.39355
1771088400000,56.43,56.63,55.91,55.93,83805.451,1771091999999,4718963.28299,14633,38963.293,2194689.90178
1771092000000,55.94,56.20,55.75,56.04,71823.734,1771095599999,4021004.45169,10981,41421.443,2319186.74080
1771095600000,56.05,56.47,55.82,56.34,57946.731,1771099199999,3255007.93057,10066,29908.622,1679957.81677
1771099200000,56.34,56.46,55.91,56.27,50353.622,1771102799999,2828695.47871,10596,25151.594,1413050.79329
1771102800000,56.27,56.60,55.86,56.15,69990.398,1771106399999,3938880.57466,12591,31765.443,1788007.21164
1771106400000,56.15,56.43,56.09,56.27,39333.528,1771109999999,2212672.98814,8051,16659.303,937435.84462
1771110000000,56.27,56.37,55.91,55.95,49840.766,1771113599999,2795685.50719,10116,22660.026,1271187.21958
1771113600000,55.95,56.00,55.43,55.73,88528.228,1771117199999,4931136.75117,15011,41090.719,2289442.97211
1771117200000,55.72,55.99,55.36,55.85,74220.819,1771120799999,4132056.91340,14020,37496.224,2088040.61331
1771120800000,55.84,55.98,55.39,55.77,53719.330,1771124399999,2992597.84519,11887,24942.098,1389654.02493
1771124400000,55.77,55.93,55.16,55.83,81029.204,1771127999999,4500955.94504,15450,38732.065,2151563.97308
1771128000000,55.84,56.45,55.83,55.95,71130.585,1771131599999,3988431.70442,16753,36794.355,2063303.76540
1771131600000,55.95,56.32,55.91,56.20,52664.975,1771135199999,2953335.37897,12945,24692.870,1384776.34879
1771135200000,56.21,56.36,55.87,55.98,50485.056,1771138799999,2834711.11062,10733,17602.844,988672.89086
1771138800000,55.97,56.65,55.96,56.46,50050.888,1771142399999,2820413.46798,11051,28737.084,1619264.97657
1771142400000,56.46,56.52,55.27,55.71,136811.967,1771145999999,7636463.63866,20234,58436.807,3260040.45016
1771146000000,55.72,56.30,55.63,56.15,68948.934,1771149599999,3867481.53627,12161,33121.756,1857768.45703
1771149600000,56.16,56.18,55.61,55.96,60217.884,1771153199999,3362581.05814,13919,25290.495,1412224.66931
1771153200000,55.96,56.20,55.81,55.89,51163.914,1771156799999,2864085.05665,9840,15525.889,869740.33306
1771156800000,55.89,55.94,54.72,54.79,191685.205,1771160399999,10583843.32273,27918,71102.316,3927615.83948
1771160400000,54.79,55.30,54.29,54.42,160423.329,1771163999999,8801620.95678,28758,83885.409,4606636.00078
1771164000000,54.43,55.06,54.41,55.04,72441.146,1771167599999,3969883.48987,15020,39587.380,2169435.33841
1771167600000,55.04,55.26,54.97,55.02,41153.009,1771171199999,2266710.77284,9503,21424.233,1180094.73042
1771171200000,55.03,55.25,54.67,55.13,57141.968,1771174799999,3141868.99379,12756,27229.072,1497411.35999
1771174800000,55.14,55.29,54.30,54.73,79040.279,1771178399999,4327921.52943,18897,39588.199,2167532.66671
1771178400000,54.73,54.80,54.27,54.45,76100.041,1771181999999,4149856.75726,17404,36615.518,1996427.01492
1771182000000,54.45,54.84,54.16,54.48,81072.689,1771185599999,4416172.09672,17814,42307.520,2304431.79631
1771185600000,54.48,54.62,54.26,54.54,47477.238,1771189199999,2585176.93072,10531,21764.565,1185347.37973
1771189200000,54.55,54.93,54.55,54.76,31763.810,1771192799999,1739946.89667,9028,15618.827,855543.03200
1771192800000,54.77,55.10,54.72,55.04,42359.082,1771196399999,2327895.88512,10280,21150.163,1162325.99046
1771196400000,55.04,55.07,54.54,55.05,41464.898,1771199999999,2271842.16807,11623,18653.377,1021797.51486
1771200000000,55.05,55.30,54.86,55.11,48745.931,1771203599999,2686142.22811,11916,23839.429,1313577.91383
1771203600000,55.12,55.29,54.87,55.08,39862.339,1771207199999,2195811.34454,10904,14584.570,803462.92090
1771207200000,55.08,55.24,54.35,54.43,114897.668,1771210799999,6274048.35885,15785,40245.038,2197779.44825
1771210800000,54.44,54.57,54.27,54.45,74205.937,1771214399999,4038704.70425,10788,32175.059,1752193.74646
1771214400000,54.45,54.71,54.36,54.67,46467.398,1771217999999,2535748.81868,10300,24262.228,1323928.55394
1771218000000,54.67,54.77,53.72,53.86,134456.621,1771221599999,7266018.79953,17325,56897.598,3075067.11363
1771221600000,53.86,54.18,53.75,54.09,34214.812,1771225199999,1847403.53790,8097,14104.396,761240.82049
1771225200000,54.09,54.28,53.92,54.15,37083.114,1771228799999,2006583.16937,9009,18388.007,995238.82614
1771228800000,54.16,54.47,54.08,54.40,39601.301,1771232399999,2149891.22079,8080,19255.633,1045377.92769
1771232400000,54.40,54.68,54.39,54.52,66341.724,1771235999999,3618140.96736,11805,30191.818,1646552.40568
1771236000000,54.51,54.51,54.17,54.18,40843.702,1771239599999,2218110.26887,8152,17495.370,950158.03637
1771239600000,54.19,54.26,53.33,53.87,107330.079,1771243199999,5769210.83179,17258,55410.259,2978636.18265
1771243200000,53.88,54.66,53.73,54.62,101142.723,1771246799999,5493616.95131,18537,50373.498,2736181.51509
1771246800000,54.63,54.89,53.68,53.84,186417.251,1771250399999,10111102.67703,28518,80560.455,4363004.23929
1771250400000,53.84,54.65,53.79,54.25,156467.068,1771253999999,8483573.19332,26367,97551.709,5289393.55701
1771254000000,54.26,54.49,53.33,53.58,108332.547,1771257599999,5825375.10411,23458,56162.491,3019933.00773
1771257600000,53.58,54.00,53.29,53.55,103382.293,1771261199999,5540279.40197,19725,47940.634,2569292.81082
1771261200000,53.54,53.90,53.48,53.72,54852.452,1771264799999,2944621.38236,12398,29930.383,1606739.49914
1771264800000,53.71,54.07,53.71,53.92,74050.682,1771268399999,3995335.16020,11452,47855.518,2582245.35611
1771268400000,53.93,54.33,53.79,54.19,36943.664,1771271999999,1997172.85893,8764,21510.575,1163187.51944
1771272000000,54.20,54.96,54.12,54.85,79393.593,1771275599999,4337071.80103,13971,51547.867,2816466.12535
1771275600000,54.86,55.64,54.68,55.48,139332.739,1771279199999,7682871.95525,15769,79592.023,4389218.94147
1771279200000,55.48,55.50,54.91,54.97,73490.903,1771282799999,4052729.57846,12054,34632.512,1910320.02090
1771282800000,54.96,55.17,54.91,55.10,27514.862,1771286399999,1514187.80216,7150,15966.310,878568.34948
1771286400000,55.09,55.19,54.92,55.04,35635.131,1771289999999,1961200.01700,8065,17583.020,967665.37229
1771290000000,55.05,55.21,54.78,54.85,38978.210,1771293599999,2143721.13279,7477,14806.416,814602.85898
1771293600000,54.85,55.43,54.63,55.32,62944.413,1771297199999,3471127.97153,12674,40850.405,2253504.12355
1771297200000,55.32,55.37,55.07,55.11,59015.521,1771300799999,3259147.86919,10412,35491.874,1960378.04429
1771300800000,55.11,55.44,54.97,55.25,29808.294,1771304399999,1645091.58201,7638,16080.605,887582.54621
1771304400000,55.25,55.29,54.65,55.03,48349.772,1771307999999,2657231.76090,10950,26380.029,1449768.18592
1771308000000,55.04,55.47,55.04,55.38,32334.570,1771311599999,1787349.07149,7780,16937.377,936096.34211
1771311600000,55.37,55.67,55.11,55.50,45693.522,1771315199999,2532378.13399,9363,24513.417,1358903.25610
1771315200000,55.49,55.83,55.21,55.30,61949.128,1771318799999,3442071.61104,12307,31192.410,1733302.12817
1771318800000,55.30,55.35,54.82,55.03,52316.525,1771322399999,2878697.25891,10514,27422.217,1508727.43149
1771322400000,55.03,55.08,54.55,54.95,55470.520,1771325999999,3037658.51554,12667,24154.204,1323232.39624
1771326000000,54.95,55.10,54.78,54.96,34910.879,1771329599999,1917866.12019,10472,16492.082,906068.63401
1771329600000,54.97,55.18,54.66,54.72,58491.760,1771333199999,3210354.79695,10426,32606.443,1789311.15110
1771333200000,54.73,55.07,54.63,54.98,67832.676,1771336799999,3719843.56177,13705,36938.774,2026088.14518
1771336800000,54.98,55.15,53.73,53.94,223248.008,1771340399999,12121761.13906,31454,104428.263,5668875.71227
1771340400000,53.94,54.10,53.12,53.77,211225.426,1771343999999,11325936.98853,38206,102640.294,5499822.10804
1771344000000,53.78,54.69,53.74,54.17,131010.360,1771347599999,7107191.61324,26393,62455.138,3387786.61918
1771347600000,54.16,54.38,53.69,53.94,67468.638,1771351199999,3644309.87945,17006,31923.639,1724413.64013
1771351200000,53.95,54.87,53.83,54.58,77128.865,1771354799999,4196202.64697,16790,36984.864,2013091.61845
1771354800000,54.58,54.64,54.09,54.21,51552.405,1771358399999,2802050.33137,12175,19840.665,1078676.64903
1771358400000,54.21,54.30,53.84,54.16,40629.045,1771361999999,2197058.51532,11170,17914.110,968659.54059
1771362000000,54.16,54.44,54.08,54.42,35054.604,1771365599999,1902313.84470,8295,18166.514,986099.46369
1771365600000,54.43,54.46,53.95,53.95,34814.824,1771369199999,1888113.78922,8058,14888.159,807231.92849
1771369200000,53.96,54.03,53.77,53.91,33615.116,1771372799999,1812094.23657,8829,15043.589,810992.37867
1771372800000,53.92,54.02,53.77,53.84,46583.342,1771376399999,2510461.95913,10563,26612.042,1434265.78612
1771376400000,53.84,53.93,53.54,53.84,51601.577,1771379999999,2772324.29496,11069,26450.811,1421154.64734
1771380000000,53.85,54.23,53.84,54.04,40603.800,1771383599999,2196582.54212,9109,23117.431,1250553.17800
1771383600000,54.04,54.36,54.02,54.25,32402.345,1771387199999,1756729.65538,6340,16202.073,878057.36459
1771387200000,54.25,54.36,54.03,54.15,24579.105,1771390799999,1331562.11274,6539,14163.508,767288.18291
1771390800000,54.16,54.36,54.10,54.21,24878.231,1771394399999,1348843.34202,6938,12755.927,691527.59446
1771394400000,54.22,54.38,54.12,54.22,22774.338,1771397999999,1235381.80247,5946,13145.654,713129.81210
1771398000000,54.23,54.49,54.07,54.40,30095.323,1771401599999,1633790.91595,8627,15051.795,817134.85211
1771401600000,54.41,54.74,54.26,54.32,76387.708,1771405199999,4162800.07528,13602,33510.236,1826176.06886
1771405200000,54.32,54.36,54.18,54.23,39456.701,1771408799999,2141069.95881,6044,21343.373,1158359.58522
1771408800000,54.24,54.26,53.93,54.09,64292.090,1771412399999,3476538.58725,9839,30400.507,1643892.26222
1771412400000,54.09,54.14,53.63,53.87,70253.251,1771415999999,3788781.41018,11945,37294.685,2011401.64820
1771416000000,53.87,54.05,53.76,53.88,54247.232,1771419599999,2925786.23070,11291,28203.411,1521148.68872
1771419600000,53.89,54.16,53.56,53.76,137422.512,1771423199999,7409103.73799,14552,69844.801,3765146.61013
1771423200000,53.76,53.92,53.39,53.87,144101.415,1771426799999,7732939.41584,19909,68657.389,3684932.06732
1771426800000,53.87,54.91,53.85,54.48,112942.512,1771430399999,6147443.40698,20090,59120.677,3216906.48925
1771430400000,54.48,54.53,53.88,54.20,81294.795,1771433999999,4401819.92611,15755,43634.839,2362602.96962
1771434000000,54.20,54.59,53.91,53.96,47539.788,1771437599999,2577403.50632,10745,25623.285,1388956.11210
1771437600000,53.96,54.02,53.27,53.32,97631.387,1771441199999,5231293.28599,18729,48496.174,2598025.63880
1771441200000,53.32,53.56,52.91,53.18,79242.795,1771444799999,4218638.24036,19483,37602.703,2002269.16836
1771444800000,53.19,53.43,53.06,53.09,55228.096,1771448399999,2938273.34680,12018,28074.377,1493495.63839
1771448400000,53.10,53.35,52.92,53.11,29540.205,1771451999999,1569392.07465,7972,13921.041,739543.10846
1771452000000,53.12,53.21,52.93,53.18,25765.032,1771455599999,1367915.95995,6949,11796.854,626315.42082
1771455600000,53.18,53.31,53.03,53.29,26652.617,1771459199999,1416963.01679,8174,12132.446,645010.90743
1771459200000,53.28,53.38,53.04,53.13,35621.224,1771462799999,1896879.83200,9590,15126.836,805549.29664
1771462800000,53.13,53.62,53.13,53.58,43390.045,1771466399999,2318670.60543,10696,22624.862,1208934.92749
1771466400000,53.58,53.65,53.13,53.35,33633.268,1771469999999,1796891.53858,8219,13174.581,703816.59425
1771470000000,53.34,53.56,53.25,53.54,28767.927,1771473599999,1536908.17172,6946,14119.901,754375.34417
1771473600000,53.53,53.69,53.49,53.51,28558.928,1771477199999,1530161.88683,6821,14341.068,768441.44887
1771477200000,53.51,53.53,53.12,53.28,43210.725,1771480799999,2303108.76491,7673,22665.286,1207933.68155
1771480800000,53.29,53.44,53.16,53.28,140885.790,1771484399999,7508067.98442,11297,52269.562,2786246.26406
1771484400000,53.29,53.47,53.20,53.35,42590.943,1771487999999,2270244.33932,11232,24079.961,1283644.12433
1771488000000,53.34,53.35,52.72,52.78,68352.424,1771491599999,3620409.34192,13501,27775.733,1471100.86237
1771491600000,52.79,53.08,52.76,52.79,42908.236,1771495199999,2269166.61378,8528,19794.313,1046705.30269
1771495200000,52.78,52.88,52.51,52.64,52716.638,1771498799999,2778627.12677,9926,27150.427,1431345.39378
1771498800000,52.65,52.83,52.46,52.54,43587.164,1771502399999,2292163.26517,8599,19543.044,1027940.49863
1771502400000,52.53,52.57,52.27,52.32,67843.967,1771505999999,3557455.59174,10960,31369.314,1645004.01048
1771506000000,52.33,52.36,51.55,51.88,160226.809,1771509599999,8329438.38129,20609,57550.319,2992357.71424
1771509600000,51.88,52.26,51.63,51.98,93918.406,1771513199999,4877050.54413,20426,47776.959,2481506.38284
1771513200000,51.98,52.20,51.44,51.79,87292.290,1771516799999,4517345.12110,18179,39326.708,2035637.72702
1771516800000,51.79,52.06,51.38,51.80,70339.388,1771520399999,3641186.84340,15142,35065.168,1815861.07039
1771520400000,51.80,52.48,51.75,51.95,65427.331,1771523999999,3409863.32950,14438,35256.763,1837303.84701
1771524000000,51.94,52.79,51.88,52.63,85910.864,1771527599999,4509350.27971,15202,43585.676,2287253.49745
1771527600000,52.63,52.67,52.33,52.61,67065.085,1771531199999,3520513.38373,11081,34633.517,1818215.51492
1771531200000,52.60,52.74,52.38,52.62,37894.913,1771534799999,1991139.05915,8455,19954.604,1048484.26217
1771534800000,52.61,52.65,52.45,52.47,32724.598,1771538399999,1719342.01684,10101,15920.686,836535.41605
1771538400000,52.47,52.70,52.36,52.56,29551.449,1771541999999,1552085.47104,9036,15434.953,810809.01985
1771542000000,52.56,52.75,52.55,52.68,40903.039,1771545599999,2153691.94362,11358,23000.550,1211252.33532
1771545600000,52.68,53.06,52.62,52.86,75489.595,1771549199999,3990193.11037,11591,26416.773,1396170.91511
1771549200000,52.87,53.12,52.84,53.06,32787.688,1771552799999,1737082.29578,7348,18027.079,955142.64286
1771552800000,53.06,53.19,53.00,53.02,29892.648,1771556399999,1587392.73376,7094,15726.251,835168.36360
1771556400000,53.02,53.32,52.96,53.21,35267.299,1771559999999,1873950.18989,11266,18732.513,995484.87864
1771560000000,53.20,53.23,52.82,53.13,40843.625,1771563599999,2167215.23373,8705,17532.635,930039.31933
1771563600000,53.13,53.62,52.96,53.41,57183.358,1771567199999,3051762.66108,11837,29560.820,1577645.65553
1771567200000,53.41,53.53,53.24,53.45,31208.799,1771570799999,1666406.54551,7173,16060.467,857711.89493
1771570800000,53.45,53.66,53.41,53.49,30530.807,1771574399999,1634497.32031,6779,16457.871,881098.41935
1771574400000,53.48,53.65,53.38,53.60,30565.252,1771577999999,1634700.54682,10910,15808.102,845495.44192
1771578000000,53.60,54.06,53.60,54.01,52103.265,1771581599999,2805722.34392,10222,26440.387,1424092.30572
1771581600000,54.01,54.29,53.72,53.77,87112.165,1771585199999,4707499.81887,13195,33348.618,1803636.64027
1771585200000,53.77,53.78,53.44,53.57,96132.091,1771588799999,5153023.01687,12150,57486.774,3081604.25493
1771588800000,53.57,53.74,53.44,53.52,53699.839,1771592399999,2875944.15764,8979,30394.568,1627963.05465
1771592400000,53.51,53.59,52.69,52.98,165323.912,1771595999999,8787479.13184,19685,84041.585,4466709.74068
1771596000000,52.97,53.99,52.92,53.71,114618.179,1771599599999,6139353.01152,18849,60976.307,3266173.99683
1771599600000,53.72,54.93,53.68,54.86,206580.672,1771603199999,11245859.19863,40757,113554.257,6180237.25130
1771603200000,54.86,55.42,54.55,55.15,215318.039,1771606799999,11862333.88291,35211,109516.095,6032958.98787
1771606800000,55.14,55.28,54.21,55.20,166175.593,1771610399999,9086251.34136,27021,81111.949,4438349.24719
1771610400000,55.20,55.35,54.79,55.23,121114.907,1771613999999,6680787.84172,21678,56540.571,3119618.99858
1771614000000,55.24,55.35,54.78,54.93,75235.264,1771617599999,4138969.17748,12794,35880.167,1974547.00378
1771617600000,54.92,55.28,54.88,55.08,59878.783,1771621199999,3297962.96610,11506,30941.230,1704003.12832
1771621200000,55.08,55.27,55.02,55.21,28361.756,1771624799999,1563414.93340,7805,12370.434,682017.34151
1771624800000,55.21,55.37,55.01,55.27,32445.847,1771628399999,1790940.11464,8065,14358.161,792587.11262
1771628400000,55.28,55.33,55.05,55.15,26385.779,1771631999999,1456689.94372,8254,10750.993,593465.09699
1771632000000,55.15,55.31,54.76,54.85,56472.951,1771635599999,3110765.09716,14416,23418.344,1289864.66391
1771635600000,54.85,55.14,54.84,55.04,30269.930,1771639199999,1664466.98052,10974,14243.113,783247.92508
1771639200000,55.05,55.24,54.97,55.19,23258.488,1771642799999,1281659.77796,6856,12931.565,712737.00048
1771642800000,55.18,55.20,54.86,55.03,38606.482,1771646399999,2123004.70215,9802,18133.589,997149.13292
1771646400000,55.03,55.03,54.83,54.98,24247.522,1771649999999,1331824.45284,10872,12761.036,700959.45608
1771650000000,54.98,55.22,54.96,55.12,22489.385,1771653599999,1238737.73045,5128,10296.158,567038.20136
1771653600000,55.12,55.17,54.99,55.11,18162.251,1771657199999,1000670.22834,5200,8652.655,476709.97993
1771657200000,55.11,55.12,54.94,55.03,24285.139,1771660799999,1336444.60677,5217,12297.029,676736.91551
1771660800000,55.03,55.57,55.00,55.52,56194.641,1771664399999,3106871.08392,9018,37975.106,2099936.26605
1771664400000,55.52,55.57,55.06,55.07,61851.996,1771667999999,3423480.03239,11057,28094.820,1555536.99753
1771668000000,55.07,55.18,54.94,55.01,37153.006,1771671599999,2046461.92644,8484,17981.800,990621.95040
1771671600000,55.01,55.19,54.87,55.02,34977.395,1771675199999,1925068.58413,7598,19131.419,1053090.67827
1771675200000,55.02,55.19,54.89,55.13,35261.772,1771678799999,1940455.13407,7305,17099.020,940903.74075
1771678800000,55.13,55.36,55.02,55.34,29221.765,1771682399999,1612789.38536,6179,14930.066,824090.55082
1771682400000,55.35,55.70,55.26,55.45,72224.836,1771685999999,4003319.06877,11784,34134.152,1892268.08489
1771686000000,55.45,55.79,55.35,55.65,70564.285,1771689599999,3920867.24724,13074,33242.959,1847280.13054
1771689600000,55.65,55.95,55.18,55.38,187852.601,1771693199999,10428204.08008,22859,83528.010,4635844.12491
1771693200000,55.39,55.54,55.22,55.28,42463.528,1771696799999,2350797.56972,8053,17424.793,964604.61636
1771696800000,55.28,55.48,55.26,55.44,19182.647,1771700399999,1062447.53331,5103,7827.213,433521.16574
1771700400000,55.44,55.45,55.09,55.23,35874.067,1771703999999,1982090.36652,13011,15555.152,859532.21447
1771704000000,55.24,55.37,55.05,55.08,50517.626,1771707599999,2790694.22902,18995,20376.271,1125794.00618
1771707600000,55.08,55.13,54.93,55.06,26853.316,1771711199999,1477626.66340,5711,9510.953,523501.88570
1771711200000,55.06,55.14,54.84,54.90,34095.162,1771714799999,1873611.46786,7287,17995.357,988929.88313
1771714800000,54.90,55.00,54.82,54.87,31368.214,1771718399999,1722601.69514,6133,12563.893,690110.80358
1771718400000,54.86,54.88,54.46,54.61,62396.389,1771721999999,3409476.41384,10662,24822.179,1356238.41893
1771722000000,54.61,54.77,54.50,54.66,31838.303,1771725599999,1739539.80824,6425,15960.931,872184.56443
1771725600000,54.66,54.75,54.36,54.40,30423.316,1771729199999,1658308.74854,7355,13600.471,741347.79072
1771729200000,54.40,54.53,54.28,54.47,51111.209,1771732799999,2781726.47496,13282,32225.917,1754156.24599
1771732800000,54.47,54.61,54.42,54.50,14890.759,1771736399999,811377.00173,5570,7866.625,428641.46709
1771736400000,54.51,54.58,54.26,54.32,16099.505,1771739999999,876082.73499,4672,7043.577,383222.30804
1771740000000,54.32,54.65,54.29,54.45,29617.533,1771743599999,1613402.21872,5671,14222.102,774585.80827
1771743600000,54.45,54.79,54.42,54.68,36177.027,1771747199999,1976259.94426,12652,16637.922,908901.41349
1771747200000,54.68,54.79,54.51,54.56,33880.870,1771750799999,1851665.51228,14535,17649.844,964584.19683
1771750800000,54.56,54.71,54.53,54.65,24519.478,1771754399999,1339509.40472,10749,13666.013,746599.39425
1771754400000,54.64,54.84,54.59,54.62,33945.758,1771757999999,1857430.30743,13965,16009.166,876044.78332
1771758000000,54.61,54.74,54.59,54.62,14928.672,1771761599999,816054.98126,4132,8201.377,448297.10428
1771761600000,54.61,54.63,53.96,54.04,71542.380,1771765199999,3879049.47884,11177,31183.463,1691100.36528
1771765200000,54.03,54.06,53.49,53.55,83186.621,1771768799999,4466449.09976,12535,40481.387,2173294.81055
1771768800000,53.55,53.57,53.11,53.18,111710.473,1771772399999,5952156.56143,18196,52427.839,2793631.98942
1771772400000,53.19,53.44,52.94,53.29,116154.630,1771775999999,6171812.69734,16588,61597.464,3272386.83915
1771776000000,53.29,53.59,53.20,53.57,48906.461,1771779599999,2607456.17803,8755,30469.195,1624387.40662
1771779600000,53.57,53.57,53.07,53.26,45081.301,1771783199999,2402920.08990,16057,20520.102,1093690.22827
1771783200000,53.25,53.39,53.15,53.24,40751.484,1771786799999,2170831.88207,16334,21451.450,1142708.00937
1771786800000,53.24,53.28,53.05,53.18,25569.257,1771790399999,1359658.32898,5856,14599.632,776418.03366
1771790400000,53.18,53.27,52.93,53.06,27487.540,1771793999999,1460136.67453,6025,13688.449,727189.41612
1771794000000,53.06,53.36,53.02,53.34,27478.531,1771797599999,1460632.97614,10458,14457.964,768680.84840
1771797600000,53.34,53.54,53.30,53.44,33563.052,1771801199999,1792749.57067,14407,16983.756,907261.96141
1771801200000,53.43,53.54,53.24,53.45,36398.949,1771804799999,1942711.81210,10447,17831.003,951522.84044
1771804800000,53.45,53.52,52.96,52.97,53642.580,1771808399999,2859050.26870,10275,26908.258,1434700.46358
1771808400000,52.97,52.97,50.85,50.98,378456.263,1771811999999,19582857.99516,68471,164650.563,8516631.55713
1771812000000,50.98,51.34,50.89,51.15,92240.602,1771815599999,4718325.77183,19757,43576.430,2228985.35126
1771815600000,51.16,51.46,51.13,51.31,52370.625,1771819199999,2686883.89827,11488,23752.493,1218620.80138
1771819200000,51.32,51.37,50.95,51.06,44209.048,1771822799999,2262091.67605,9718,20909.124,1070218.42777
1771822800000,51.05,51.51,51.05,51.37,54404.554,1771826399999,2793478.27025,9801,27692.161,1421807.05606
1771826400000,51.38,52.14,51.32,52.06,97305.305,1771829999999,5044865.98610,12735,51328.704,2660683.26726
1771830000000,52.06,52.25,51.95,52.01,47648.725,1771833599999,2482450.42664,9542,21107.921,1099825.69724
1771833600000,52.02,52.07,51.81,51.94,63860.937,1771837199999,3317935.97373,10360,28445.482,1477885.92330
1771837200000,51.95,52.96,51.95,52.85,93975.029,1771840799999,4941918.99898,14580,45608.951,2397852.66116
1771840800000,52.86,53.00,52.64,52.73,58238.298,1771844399999,3074260.56571,13769,23835.260,1258306.65978
1771844400000,52.74,52.92,52.55,52.62,49384.663,1771847999999,2604017.34429,8885,23342.940,1231304.98062
1771848000000,52.62,53.07,52.52,52.88,63687.584,1771851599999,3361058.83645,10494,32625.416,1721584.83727
1771851600000,52.88,52.96,52.64,52.68,56639.122,1771855199999,2989365.19235,9394,23083.138,1218358.12320
1771855200000,52.69,52.87,52.35,52.69,105704.418,1771858799999,5561305.39854,18282,54233.267,2853785.75508
1771858800000,52.69,52.81,52.07,52.09,90665.231,1771862399999,4752662.01584,18571,43340.727,2273262.11240
1771862400000,52.09,52.31,51.70,51.75,106750.746,1771865999999,5547668.78721,18175,51109.051,2656562.26490
1771866000000,51.76,51.86,50.67,51.36,175771.897,1771869599999,8993367.04162,25771,84557.140,4326983.06006
1771869600000,51.35,51.91,51.26,51.36,74941.660,1771873199999,3860868.48951,14801,38155.366,1966069.43850
1771873200000,51.37,51.53,51.06,51.18,49315.431,1771876799999,2529345.22473,11337,27220.306,1396445.19781
1771876800000,51.18,51.51,51.02,51.48,56407.765,1771880399999,2888886.51642,12625,31326.160,1604463.70972
1771880400000,51.47,51.85,51.46,51.66,47474.748,1771883999999,2451740.71352,9067,25983.270,1341824.42010
1771884000000,51.67,51.95,51.61,51.63,33880.916,1771887599999,1754928.90826,8295,17168.243,889187.37793
1771887600000,51.64,51.80,51.10,51.31,50871.712,1771891199999,2615361.19068,10508,17608.192,905119.39857
1771891200000,51.30,51.84,51.29,51.79,46506.570,1771894799999,2398848.42413,9182,27769.097,1432148.97142
1771894800000,51.79,51.86,50.63,51.44,177174.999,1771898399999,9078870.69205,28043,94381.592,4832110.25260
1771898400000,51.44,51.69,51.16,51.23,57645.602,1771901999999,2963015.11460,12652,31063.418,1596594.94545
1771902000000,51.23,51.25,50.77,50.95,75268.102,1771905599999,3839653.38169,15360,36853.801,1880205.66279
1771905600000,50.95,50.99,50.39,50.74,99389.846,1771909199999,5036581.51821,17570,46659.385,2364620.82490
1771909200000,50.73,50.93,50.24,50.28,99917.944,1771912799999,5045748.92459,14183,47171.751,2382202.75814
1771912800000,50.27,50.71,50.17,50.48,89914.025,1771916399999,4536991.06136,13242,45227.800,2281694.34127
1771916400000,50.49,50.89,50.43,50.73,49067.838,1771919999999,2489408.31376,10727,23626.086,1198651.77694
1771920000000,50.73,51.09,50.59,51.03,51030.473,1771923599999,2597143.85726,9442,25090.673,1276980.28178
1771923600000,51.03,51.09,50.58,50.91,45908.520,1771927199999,2333623.98098,8467,21627.784,1098891.35605
1771927200000,50.92,50.97,50.65,50.69,48005.128,1771930799999,2439970.81368,10287,22308.551,1133905.11124
1771930800000,50.70,50.77,50.41,50.76,72067.072,1771934399999,3644314.78749,10359,38026.452,1922940.55905
1771934400000,50.77,50.89,50.50,50.61,52753.759,1771937999999,2674679.03874,9565,24813.972,1257993.59313
1771938000000,50.61,50.80,50.11,50.60,204898.990,1771941599999,10352711.86244,21996,116087.973,5869688.04675
1771941600000,50.59,51.28,50.28,51.03,118318.774,1771945199999,6009460.12116,24086,59403.261,3018157.61971
1771945200000,51.04,51.45,50.84,51.24,142122.523,1771948799999,7271991.65072,23274,61810.996,3163452.36019
1771948800000,51.25,51.66,51.03,51.42,101451.115,1771952399999,5208225.46409,16680,46730.645,2399522.73227
1771952400000,51.42,51.55,51.31,51.47,67888.359,1771955999999,3492349.01367,11151,34450.927,1772430.41963
1771956000000,51.47,51.83,51.29,51.56,60967.531,1771959599999,3145144.59971,10275,32966.101,1701118.52780
1771959600000,51.57,51.79,51.45,51.62,39142.236,1771963199999,2020315.20294,7684,21007.254,1084372.90646
1771963200000,51.63,51.73,51.36,51.39,47348.240,1771966799999,2438756.56194,8622,23969.002,1234912.36089
1771966800000,51.39,51.40,51.07,51.21,47247.319,1771970399999,2418828.55282,8049,25034.359,1281598.85056
1771970400000,51.21,51.52,51.13,51.24,42538.863,1771973999999,2183675.84506,7735,21037.262,1079935.89857
1771974000000,51.24,51.30,51.02,51.13,33954.338,1771977599999,1736753.31583,7088,16346.833,836199.31615
1771977600000,51.13,51.42,51.00,51.32,32512.432,1771981199999,1663739.35732,8740,16734.247,856356.23153
1771981200000,51.32,52.93,51.30,52.54,221852.310,1771984799999,11619514.41897,32619,120204.921,6294410.73635
1771984800000,52.55,52.95,52.54,52.71,75208.449,1771988399999,3969848.18508,16387,36848.351,1945131.23657
1771988400000,52.71,52.77,52.32,52.36,69796.210,1771991999999,3663690.67137,12431,35338.727,1854515.30858
1771992000000,52.36,52.77,52.10,52.65,56706.509,1771995599999,2974409.23129,10728,29467.271,1545982.16702
1771995600000,52.65,52.69,51.96,52.26,55896.659,1771999199999,2924720.93488,11999,25131.094,1314382.88899
1771999200000,52.26,52.51,52.24,52.28,26297.911,1772002799999,1377041.03358,6832,12168.962,637348.55657
1772002800000,52.29,52.70,52.28,52.69,81374.311,1772006399999,4273058.62182,8945,50283.018,2640360.60785
1772006400000,52.70,52.80,52.53,52.77,61421.158,1772009999999,3234236.22202,8811,28012.988,1475275.97077
1772010000000,52.76,53.01,52.71,52.99,57250.331,1772013599999,3025608.78452,11335,29501.720,1559500.39694
1772013600000,52.99,53.40,52.96,53.19,56972.328,1772017199999,3029650.87854,10211,30557.261,1625117.42015
1772017200000,53.19,53.46,53.10,53.28,65584.949,1772020799999,3495688.12692,11319,28220.720,1504159.91583
1772020800000,53.27,54.69,53.14,54.38,187805.818,1772024399999,10148161.34298,24996,112301.390,6067644.18841
1772024400000,54.39,55.25,54.37,55.11,176563.411,1772027999999,9686180.53828,27692,86286.489,4732172.10985
1772028000000,55.12,57.12,55.12,57.02,349782.968,1772031599999,19658601.83994,51576,184381.897,10359231.54470
1772031600000,57.03,58.18,56.78,57.77,281611.202,1772035199999,16193082.10731,53054,144394.372,8304193.74884
1772035200000,57.78,58.34,57.72,58.14,186481.992,1772038799999,10819683.58376,42768,96185.484,5580077.88185
1772038800000,58.14,58.50,57.86,58.34,152136.493,1772042399999,8859068.84147,27364,68829.275,4008474.03733
1772042400000,58.33,58.58,58.09,58.29,116127.114,1772045999999,6771743.12315,22720,52912.359,3085478.24214
1772046000000,58.30,58.30,57.67,58.25,100461.225,1772049599999,5826125.76865,19969,44120.617,2559408.51105
1772049600000,58.25,58.37,57.70,58.10,66845.087,1772053199999,3878133.27155,16442,32516.537,1887008.14675
1772053200000,58.10,59.00,57.77,58.24,133015.542,1772056799999,7760272.99662,28681,63290.370,3695095.39052
1772056800000,58.24,58.44,56.94,57.33,87099.781,1772060399999,5021144.48027,19082,37796.887,2181035.71583
1772060400000,57.33,57.40,56.11,56.74,135760.940,1772063999999,7692406.75018,23609,67532.388,3824843.77010
1772064000000,56.73,57.04,56.31,56.57,106144.712,1772067599999,6022298.01143,23387,54964.723,3118873.28064
1772067600000,56.57,56.95,56.45,56.50,59654.528,1772071199999,3381645.83000,15179,29099.785,1649902.54651
1772071200000,56.50,56.68,55.96,56.64,69212.466,1772074799999,3892291.46664,17099,37258.228,2095901.42321
1772074800000,56.65,56.66,56.22,56.42,50318.477,1772078399999,2839739.60754,12939,27261.959,1538223.71032
1772078400000,56.42,56.92,56.38,56.80,70556.434,1772081999999,4002838.41647,15400,42732.821,2424650.69813
1772082000000,56.80,56.80,56.17,56.44,49021.422,1772085599999,2767033.74651,12631,24326.566,1372900.57702
1772085600000,56.44,56.68,56.24,56.45,45124.669,1772089199999,2550853.35681,11265,24548.396,1387765.24767
1772089200000,56.45,56.55,56.07,56.21,48517.355,1772092799999,2732406.72942,10315,21056.652,1186397.42367
1772092800000,56.21,56.41,55.77,55.88,92833.965,1772096399999,5207364.99276,14073,30058.463,1687751.48098
1772096400000,55.88,56.39,55.85,56.31,63791.800,1772099999999,3585304.81476,12569,34978.977,1965998.09230
1772100000000,56.31,56.38,55.78,55.85,52584.677,1772103599999,2947575.11960,9833,25415.256,1424466.82774
1772103600000,55.85,55.96,55.68,55.80,36523.158,1772107199999,2039209.68369,8666,19197.252,1071923.74380
1772107200000,55.80,56.15,55.78,56.11,46693.777,1772110799999,2612192.81279,10301,27966.530,1564676.28104
1772110800000,56.11,56.19,55.94,56.08,41002.462,1772114399999,2299396.20299,8980,21668.502,1215262.84847
1772114400000,56.09,56.34,55.62,56.02,106933.159,1772117999999,5987724.26414,22415,53550.708,2999389.74508
1772118000000,56.02,56.04,55.30,55.76,218428.873,1772121599999,12147768.66702,31807,120126.742,6682429.34951
1772121600000,55.76,55.82,54.44,54.52,161973.954,1772125199999,8917842.30269,26567,69200.868,3812204.92120
1772125200000,54.52,54.95,54.48,54.62,78095.320,1772128799999,4275665.06111,14758,41386.487,2266120.13598
1772128800000,54.61,55.27,54.38,55.24,74154.006,1772132399999,4064952.32118,15257,44425.102,2436310.79565
1772132400000,55.25,55.76,55.21,55.68,96496.879,1772135999999,5361475.73054,13800,68540.595,3807558.60919
1772136000000,55.69,55.88,55.28,55.37,45995.879,1772139599999,2555464.53602,9842,22136.882,1230112.14618
1772139600000,55.37,55.43,55.06,55.20,38788.035,1772143199999,2141859.48442,7894,21773.129,1202261.17311
1772143200000,55.21,55.45,55.16,55.42,27014.675,1772146799999,1493323.00456,6634,16664.872,921330.60982
1772146800000,55.42,55.74,55.34,55.59,37634.289,1772150399999,2091018.74242,8657,23008.294,1278202.66406
1772150400000,55.58,55.68,55.26,55.49,40029.222,1772153999999,2221555.60691,9338,16275.764,903270.20506
1772154000000,55.50,55.76,55.29,55.70,52045.617,1772157599999,2892414.95617,12693,29134.016,1619478.05796
1772157600000,55.71,55.93,55.62,55.77,37737.742,1772161199999,2105290.06449,11142,18318.368,1021955.82598
1772161200000,55.78,56.04,55.60,55.91,40118.874,1772164799999,2239109.85003,10894,19518.847,1089936.33141
1772164800000,55.92,56.34,55.85,55.92,67459.102,1772168399999,3784457.56980,12408,31933.605,1792033.16124
1772168400000,55.92,56.07,55.78,56.02,25413.228,1772171999999,1422055.12591,6127,11882.330,665037.53757
1772172000000,56.03,56.15,55.65,56.07,35392.881,1772175599999,1978257.14266,7558,17069.190,954413.48655
1772175600000,56.08,56.10,55.64,55.86,37739.918,1772179199999,2106791.71099,7320,15537.115,867502.78321
1772179200000,55.87,56.16,55.79,55.93,40706.040,1772182799999,2279282.40080,8592,24322.151,1362079.46110
1772182800000,55.94,56.08,55.51,55.59,45339.845,1772186399999,2529070.79802,9469,20355.306,1135694.47216
1772186400000,55.59,55.75,54.93,55.00,112004.817,1772189999999,6195457.89834,17194,55283.991,3059007.79295
1772190000000,55.00,55.17,54.39,54.62,106607.336,1772193599999,5836292.50113,19125,55139.939,3018700.02352
1772193600000,54.62,54.86,54.42,54.85,111467.563,1772197199999,6093177.04586,17164,66996.118,3662128.86861
1772197200000,54.85,55.02,54.41,54.91,94058.630,1772200799999,5152957.61865,17193,44063.386,2414355.90059
1772200800000,54.92,55.04,54.50,54.55,60707.979,1772204399999,3326097.71597,15518,27601.999,1512468.64186
1772204400000,54.54,54.83,54.51,54.70,45038.603,1772207999999,2463232.43289,12398,25078.346,1371604.72786
1772208000000,54.70,54.73,54.17,54.20,77089.524,1772211599999,4192213.48489,16172,34381.197,1870010.72724
1772211600000,54.21,54.39,53.77,54.34,95769.899,1772215199999,5176093.68426,17096,51982.396,2809898.54211
1772215200000,54.35,54.60,54.27,54.35,46769.773,1772218799999,2544956.18381,10175,25414.740,1383147.59263
1772218800000,54.35,54.37,53.87,54.09,35847.466,1772222399999,1940010.94400,8476,16655.200,901516.75817
1772222400000,54.10,54.22,53.95,54.05,32180.666,1772225999999,1740866.17682,8121,15425.372,834529.21322
1772226000000,54.06,54.25,53.85,54.02,28814.688,1772229599999,1557870.93004,9121,12515.794,676725.75229
1772229600000,54.03,54.09,53.34,54.07,81544.055,1772233199999,4382875.05555,16200,37648.658,2025467.49967
1772233200000,54.08,54.52,54.06,54.51,35835.611,1772236799999,1947291.49591,8327,22285.162,1210880.98347
1772236800000,54.52,54.76,54.48,54.73,53095.098,1772240399999,2899402.33883,9524,28550.944,1559329.74119
1772240400000,54.74,54.80,54.49,54.64,31747.075,1772243999999,1735424.94285,6663,14500.312,792789.56775
1772244000000,54.64,54.89,54.62,54.88,23150.208,1772247599999,1267637.22873,6843,12698.623,695481.05524
1772247600000,54.89,54.91,54.54,54.59,29405.067,1772251199999,1609569.43425,6394,12334.960,674975.76964
1772251200000,54.59,54.69,54.31,54.68,37686.133,1772254799999,2055273.97926,7012,16765.978,914508.75247
1772254800000,54.68,54.79,54.36,54.50,31735.690,1772258399999,1731235.51928,6565,14842.631,810056.30019
1772258400000,54.49,54.58,51.95,52.07,327610.944,1772261999999,17415442.62955,50679,144828.760,7690036.31810
1772262000000,52.07,53.12,51.80,52.39,148786.064,1772265599999,7808667.63750,29775,79711.156,4184070.40417
1772265600000,52.38,52.38,51.68,51.78,104691.967,1772269199999,5449211.72272,18172,56304.844,2930980.83249
1772269200000,51.79,52.18,51.56,51.73,70004.261,1772272799999,3630472.73073,14969,37070.280,1922861.86989
1772272800000,51.72,52.08,51.45,51.91,72736.067,1772276399999,3765166.65385,13636,35130.820,1818609.21402
1772276400000,51.91,52.21,51.60,51.63,74065.200,1772279999999,3847918.13675,12922,39086.438,2031354.17825
1772280000000,51.63,51.88,51.53,51.86,76360.268,1772283599999,3949550.83809,11154,48245.343,2495134.93597
1772283600000,51.86,52.97,51.80,52.95,134488.794,1772287199999,7051330.80520,24991,77498.910,4063808.37546
1772287200000,52.96,53.19,52.15,52.29,122069.801,1772290799999,6431660.68392,23539,55698.309,2936040.29465
1772290800000,52.30,52.72,52.02,52.55,65848.716,1772294399999,3451072.13833,13049,35127.668,1841030.60636
1772294400000,52.55,52.79,52.32,52.70,54188.305,1772297999999,2847273.02965,10935,29420.304,1546139.30066
1772298000000,52.71,53.15,52.47,53.07,60915.051,1772301599999,3215099.49961,12089,33502.124,1768979.00865
1772301600000,53.08,54.04,52.97,53.81,91491.272,1772305199999,4891632.68939,16769,51756.594,2767425.11741
1772305200000,53.82,54.33,53.47,54.03,107087.028,1772308799999,5771992.90818,18073,53562.200,2887842.02969
1772308800000,54.03,54.88,53.92,54.72,100470.121,1772312399999,5474693.26661,19763,52163.368,2842747.86484
1772312400000,54.72,54.75,54.13,54.23,70643.327,1772315999999,3837619.61013,14149,32636.407,1772665.85870
1772316000000,54.24,54.95,54.19,54.50,78771.870,1772319599999,4296747.00269,14254,43806.215,2390211.36201
1772319600000,54.50,54.60,54.19,54.37,37684.154,1772323199999,2049155.04266,9055,13059.164,710442.44807
1772323200000,54.38,54.51,53.94,54.10,46985.361,1772326799999,2546536.85551,9967,22328.176,1210398.39480
1772326800000,54.10,55.17,53.72,54.85,94486.622,1772330399999,5144972.04134,17942,52314.123,2850054.69387
1772330400000,54.86,55.49,54.84,55.26,138566.495,1772333999999,7655017.33207,24416,72291.627,3994501.90114
1772334000000,55.26,55.44,54.72,54.82,61623.350,1772337599999,3395365.28214,11957,29240.527,1611393.94600
1772337600000,54.83,54.98,54.45,54.86,67595.347,1772341199999,3700595.42414,12431,29584.090,1620194.42924
1772341200000,54.87,54.94,54.71,54.80,42430.648,1772344799999,2326692.88315,7309,19257.697,1056191.10101
1772344800000,54.80,54.81,54.23,54.41,79988.985,1772348399999,4354183.00727,11654,31614.825,1720559.82406
1772348400000,54.42,54.70,54.25,54.58,42672.669,1772351999999,2326429.05328,7760,19447.228,1060404.49013
1772352000000,54.59,54.70,53.88,53.99,74226.771,1772355599999,4026176.72547,10894,29929.639,1623898.54106
1772355600000,53.99,54.42,53.78,53.95,88227.293,1772359199999,4774334.73369,13010,39694.011,2148870.76289
1772359200000,53.94,54.19,53.78,54.02,52648.652,1772362799999,2842120.85657,8955,24415.444,1318002.71879
1772362800000,54.03,54.14,53.89,53.92,27814.443,1772366399999,1502194.60897,5491,13644.963,737110.98759
1772366400000,53.91,54.04,53.65,53.69,44457.411,1772369999999,2394157.80326,8023,20574.279,1108218.29779
1772370000000,53.70,54.65,53.53,54.33,117810.084,1772373599999,6368671.92495,17114,58005.598,3136789.15502
1772373600000,54.33,54.68,54.07,54.24,65006.927,1772377199999,3533188.38331,14118,29987.381,1630674.12352
1772377200000,54.24,54.59,54.21,54.23,45480.101,1772380799999,2473774.28861,9565,24227.675,1317908.16895
1772380800000,54.23,54.49,53.28,53.67,113521.270,1772384399999,6115747.60920,17221,43495.456,2342893.99639
1772384400000,53.66,53.70,53.10,53.41,75550.069,1772387999999,4037621.67570,14247,37544.421,2006361.59212
1772388000000,53.42,54.04,53.38,53.59,74718.032,1772391599999,4013045.52026,12174,40203.813,2159520.76743
1772391600000,53.60,53.61,53.07,53.20,63919.814,1772395199999,3406520.46149,9566,30768.005,1639982.73452
1772395200000,53.20,53.26,52.44,52.60,112889.432,1772398799999,5954542.77597,17117,49015.655,2585181.72213
1772398800000,52.59,53.10,52.57,53.00,47453.501,1772402399999,2509478.18704,9190,24698.437,1306231.32599
1772402400000,53.00,53.84,52.96,52.98,92544.199,1772405999999,4938807.36214,14574,43860.475,2340919.55543
1772406000000,52.98,53.58,52.89,53.21,53341.921,1772409599999,2838231.44707,12753,25434.860,1353238.51615
1772409600000,53.21,53.94,53.17,53.75,69583.244,1772413199999,3721308.53214,15896,41935.674,2242668.77024
1772413200000,53.75,54.35,53.70,53.91,84609.435,1772416799999,4568043.00766,17028,46993.232,2537607.77685
1772416800000,53.92,54.08,53.46,53.79,49226.724,1772420399999,2645496.01882,12332,22297.277,1198440.28511
1772420400000,53.79,54.33,53.63,54.11,67291.815,1772423999999,3637687.34660,13946,41101.250,2221768.22247
1772424000000,54.11,54.15,53.88,54.00,36167.037,1772427599999,1953290.65902,9294,14286.929,771592.35354
1772427600000,54.00,54.08,53.69,53.86,34526.905,1772431199999,1859807.81176,7563,17844.625,961369.90492
1772431200000,53.87,53.87,53.14,53.40,62297.782,1772434799999,3329262.10156,10652,27533.908,1471088.33885
1772434800000,53.40,53.42,52.90,53.29,50373.393,1772438399999,2676672.05007,10218,25307.289,1344904.74757
1772438400000,53.29,53.54,52.91,53.47,65603.249,1772441999999,3490497.95624,12800,32959.193,1754277.97514
1772442000000,53.48,53.79,53.41,53.49,47127.775,1772445599999,2525380.43156,10261,22528.431,1207261.74364
1772445600000,53.49,53.66,53.29,53.43,30166.624,1772449199999,1612305.08385,7299,13334.702,712831.52675
1772449200000,53.43,53.49,53.10,53.32,49042.918,1772452799999,2611861.59581,9445,21662.735,1153904.37398
1772452800000,53.33,53.40,53.08,53.16,45633.379,1772456399999,2429301.49361,8440,22633.844,1204906.40296
1772456400000,53.16,53.48,53.02,53.04,73268.987,1772459999999,3899767.08852,12712,37729.204,2008879.22870
1772460000000,53.05,54.36,52.96,54.14,120436.415,1772463599999,6475302.35575,25150,62436.098,3358167.89863
1772463600000,54.14,55.45,54.04,54.99,227623.660,1772467199999,12506243.21685,39249,120189.211,6603213.99067
1772467200000,54.99,55.70,54.58,55.03,244096.162,1772470799999,13448580.15591,41585,136402.195,7518968.50439
1772470800000,55.03,55.11,54.18,54.61,87954.807,1772474399999,4805762.55351,17393,38451.229,2100434.25261
1772474400000,54.60,54.82,54.22,54.58,61525.927,1772477999999,3358578.51487,13737,30046.006,1640476.04383
1772478000000,54.59,54.89,54.31,54.84,59960.716,1772481599999,3275379.07027,12974,32650.593,1783959.12867
1772481600000,54.83,55.01,54.46,54.74,66289.358,1772485199999,3630568.62480,14457,35482.660,1943586.82611
1772485200000,54.75,55.12,54.55,55.01,83732.036,1772488799999,4594046.27223,13329,53827.984,2953259.08243
1772488800000,55.02,55.45,54.87,55.04,52253.958,1772492399999,2882698.65163,10682,28885.220,1594287.70261
1772492400000,55.04,55.07,54.38,54.57,50684.324,1772495999999,2768643.70587,10266,17189.575,939401.62567
1772496000000,54.56,54.74,54.22,54.59,58069.719,1772499599999,3166110.17973,12239,29171.634,1590492.69758
1772499600000,54.58,54.75,54.40,54.41,39636.836,1772503199999,2163890.43338,10950,20990.478,1146115.66071
1772503200000,54.40,54.50,54.03,54.38,79268.061,1772506799999,4301259.45172,14602,34937.976,1895814.03971
1772506800000,54.38,54.45,54.10,54.24,35324.967,1772510399999,1916557.29451,9068,16275.435,882906.99849
1772510400000,54.25,54.30,53.80,53.91,102156.898,1772513999999,5517892.79345,13229,36936.524,1995066.18756
1772514000000,53.91,54.38,53.72,53.91,55605.875,1772517599999,3005107.48818,11996,29390.488,1588843.77734
1772517600000,53.92,54.12,53.84,54.00,39567.534,1772521199999,2135893.96561,9444,21065.392,1137285.97124
1772521200000,54.01,54.26,53.94,54.05,42999.333,1772524799999,2326007.56944,8562,21699.224,1173818.11519
1772524800000,54.05,54.14,53.39,53.51,150960.446,1772528399999,8116175.51234,20741,86994.455,4679295.59380
1772528400000,53.51,53.79,53.06,53.14,110207.219,1772531999999,5886734.17721,17421,54871.139,2931320.94708
1772532000000,53.13,53.35,52.99,53.23,55950.234,1772535599999,2973703.31832,11750,31749.454,1687828.26949
1772535600000,53.23,53.48,53.17,53.42,46690.391,1772539199999,2489618.84149,10450,24065.417,1283234.52607
1772539200000,53.43,54.11,53.41,53.80,77011.059,1772542799999,4140050.26034,14497,41482.290,2229749.13357
1772542800000,53.80,53.83,53.44,53.73,46389.743,1772546399999,2487580.12780,12260,24963.019,1338846.27455
1772546400000,53.72,54.25,53.04,53.47,145811.442,1772549999999,7828563.33707,30485,81453.748,4374300.91399
1772550000000,53.46,54.37,53.29,54.01,102388.759,1772553599999,5512027.87410,26592,54711.835,2945928.59170
1772553600000,54.01,54.98,53.85,54.78,183853.421,1772557199999,10020609.96773,35695,104629.276,5705070.65482
1772557200000,54.79,54.87,54.20,54.86,78743.900,1772560799999,4297945.64641,18509,34961.902,1908037.39174
1772560800000,54.86,55.18,54.57,54.81,99698.914,1772564399999,5472534.41975,18834,47766.032,2622188.92582
1772564400000,54.81,54.94,54.53,54.65,61323.320,1772567999999,3355213.56913,16023,27162.483,1486659.21401
1772568000000,54.66,54.98,54.54,54.65,48931.464,1772571599999,2678204.50963,13238,24816.339,1358474.78101
1772571600000,54.64,54.64,54.22,54.48,41255.969,1772575199999,2245205.00415,9994,17445.552,949692.13965
1772575200000,54.48,54.99,54.46,54.79,38581.035,1772578799999,2111812.97362,9503,19759.248,1081598.26904
1772578800000,54.79,55.23,54.66,54.74,58674.082,1772582399999,3221143.02142,11912,28903.072,1587022.07826
1772582400000,54.73,54.93,54.43,54.73,56881.037,1772585999999,3111837.99088,12623,25540.246,1397413.83756
1772586000000,54.74,55.35,54.60,54.99,65585.282,1772589599999,3605008.02986,16321,33718.110,1853743.92654
1772589600000,54.99,55.02,54.64,54.97,44107.687,1772593199999,2417313.49273,11757,21890.417,1199681.83466
1772593200000,54.96,55.21,54.28,54.63,71487.770,1772596799999,3908256.86497,16347,32782.043,1792715.75537
1772596800000,54.63,54.74,54.35,54.64,44138.054,1772600399999,2407347.33377,12455,23822.414,1299396.55251
1772600400000,54.64,54.95,54.30,54.77,75947.939,1772603999999,4146695.30652,14773,31059.038,1696885.57558
1772604000000,54.77,54.92,54.49,54.83,45193.617,1772607599999,2472869.24769,11192,22828.531,1249450.18096
1772607600000,54.83,55.28,54.56,55.24,74072.479,1772611199999,4067283.42813,15471,34751.062,1908318.18317
1772611200000,55.25,56.28,55.08,56.13,138887.000,1772614799999,7728613.56523,27150,76315.566,4248664.70111
1772614800000,56.13,56.31,55.97,56.27,42471.174,1772618399999,2385051.79930,7265,25148.047,1412585.62371
